Teff R M
3250.0 0.020348026159867045 0.151
3500.0 0.020348026159867045 0.151
3750.0 0.020415292545521047 0.152
4000.0 0.02048233802171473 0.153
4250.0 0.02054916475072295 0.154
4500.0 0.020615774859774935 0.155
4750.0 0.020682170441844398 0.156
5000.0 0.02081432623023502 0.158
5250.0 0.021011001398514324 0.161
5500.0 0.021141101721564047 0.163
5750.0 0.021334764712816486 0.166
6000.0 0.021526685501975465 0.169
6250.0 0.021653687698267657 0.171
6500.0 0.021779949338032345 0.173
6750.0 0.021905483226817957 0.175
7000.0 0.022030301805321468 0.177
7500.0 0.02227784105562847 0.181
8000.0 0.022522659846610928 0.185
8500.0 0.022764845947917927 0.189
9000.0 0.023004482508822716 0.193
9500.0 0.023300562677360366 0.198
10000.0 0.02353474507080741 0.202
11000.0 0.023824236212956804 0.207
12000.0 0.024053320677134317 0.211
13000.0 0.024223712327939715 0.214
14000.0 0.024392913772169567 0.217
15000.0 0.024560949607989935 0.22
16000.0 0.024727843597773386 0.223
17000.0 0.02483848327151015 0.225
18000.0 0.024948632296425327 0.227
19000.0 0.025058297142770587 0.229
20000.0 0.025167484139828757 0.231
21000.0 0.025276199480176592 0.233
22000.0 0.025330382177895648 0.234
23000.0 0.0254384013552621 0.236
24000.0 0.02549223930195177 0.237
25000.0 0.025599575521112097 0.239
26000.0 0.025653075214829422 0.24
27000.0 0.025759741268321056 0.242
28000.0 0.025812909005523126 0.243
29000.0 0.025918917291441093 0.245
30000.0 0.02602449376632928 0.247
31000.0 0.02618206025398752 0.25
32000.0 0.026286579872181554 0.252
33000.0 0.02639068554641444 0.254
34000.0 0.026494382156277495 0.256
35000.0 0.02659767448624076 0.258
36000.0 0.02670056722822888 0.26
37000.0 0.026803064984108026 0.262
38000.0 0.02690517226808751 0.264
39000.0 0.027057610724622125 0.267
40000.0 0.027158761023992496 0.269
42500.0 0.027459976457706155 0.275
45000.0 0.027757923441014437 0.281
47500.0 0.02805270611646336 0.287
50000.0 0.028296012546638608 0.292
52500.0 0.02858524676715197 0.298
55000.0 0.02891903076790417 0.305
57500.0 0.02920209491208517 0.311
60000.0 0.02948244145171619 0.317
65000.0 0.030080897068892935 0.33
70000.0 0.030667676517545147 0.343
75000.0 0.031243437670977377 0.356
80000.0 0.0318087788513754 0.369
85000.0 0.03236424611405564 0.382
90000.0 0.03295197174924739 0.396
100000.0 0.034137230036191214 0.425
110000.0 0.035321530375127405 0.455
120000.0 0.03635442941635226 0.482
130000.0 0.03724852433300288 0.506
140000.0 0.03812165515535858 0.53
150000.0 0.03908061695945406 0.557
3250.0 0.016474262526455112 0.313
3500.0 0.016474262526455112 0.313
3750.0 0.016474262526455112 0.313
4000.0 0.016500558253528058 0.314
4250.0 0.016500558253528058 0.314
4500.0 0.016500558253528058 0.314
4750.0 0.016526812141655835 0.315
5000.0 0.016553024389914142 0.316
5250.0 0.01657919519580496 0.317
5500.0 0.016605324755273897 0.318
5750.0 0.01665746091104919 0.32
6000.0 0.016709434394322004 0.322
6250.0 0.01673536060757763 0.323
6500.0 0.016761246718343205 0.324
6750.0 0.016787092912135818 0.325
7000.0 0.016812899373046586 0.326
7500.0 0.016864393825548843 0.328
8000.0 0.016915731520635743 0.33
8500.0 0.016941342029654537 0.331
9000.0 0.01699244724990367 0.333
9500.0 0.01704339923007668 0.335
10000.0 0.017094199340442887 0.337
11000.0 0.017195349331747732 0.341
12000.0 0.01729590778741828 0.345
13000.0 0.017345968406690233 0.347
14000.0 0.017420789609785922 0.35
15000.0 0.017520054171676076 0.354
16000.0 0.017594135069419974 0.357
17000.0 0.01766790535132909 0.36
18000.0 0.017741368892113495 0.363
19000.0 0.017814529486589924 0.366
20000.0 0.017887390851969193 0.369
21000.0 0.017984080155547304 0.373
22000.0 0.018056257355932866 0.376
23000.0 0.018128147185143027 0.379
24000.0 0.01819975304856465 0.382
25000.0 0.01827107828485412 0.385
26000.0 0.018342126167753756 0.388
27000.0 0.01841289990784522 0.391
28000.0 0.018459931657277228 0.393
29000.0 0.01853025546110672 0.396
30000.0 0.018600313387585832 0.399
31000.0 0.01867010842975836 0.402
32000.0 0.018716493863807766 0.404
33000.0 0.01878585726594565 0.407
34000.0 0.018854965496627466 0.41
35000.0 0.018900897271135884 0.412
36000.0 0.018969586403413265 0.415
37000.0 0.019015241310369448 0.417
38000.0 0.019083518877662742 0.42
39000.0 0.01912890186417218 0.422
40000.0 0.01919677517687956 0.425
42500.0 0.01930936719908781 0.43
45000.0 0.01944361702344157 0.436
47500.0 0.01953260429395696 0.44
50000.0 0.019643271492851055 0.445
52500.0 0.019753318692802075 0.45
55000.0 0.019819053712070447 0.453
57500.0 0.01986275619890031 0.455
60000.0 0.01994987396869945 0.459
65000.0 0.02027323172756723 0.474
70000.0 0.02052825095641994 0.486
75000.0 0.02063357874357488 0.491
80000.0 0.020925676289965927 0.505
85000.0 0.021254587231762434 0.521
90000.0 0.02151812579966541 0.534
100000.0 0.021917382956923064 0.554
110000.0 0.022522248537684354 0.585
120000.0 0.02303613021225547 0.612
130000.0 0.02352037019758073 0.638
140000.0 0.023958675663138786 0.662
150000.0 0.024389105453700294 0.686
3250.0 0.012468819643804724 0.567
3500.0 0.012468819643804724 0.567
3750.0 0.012468819643804724 0.567
4000.0 0.012479810231785897 0.568
4250.0 0.012479810231785897 0.568
4500.0 0.012479810231785897 0.568
4750.0 0.012479810231785897 0.568
5000.0 0.012490791149204494 0.569
5250.0 0.012490791149204494 0.569
5500.0 0.012501762421542918 0.57
5750.0 0.012512724074171862 0.571
6000.0 0.012523676132350973 0.572
6250.0 0.012534618621229558 0.573
6500.0 0.012534618621229558 0.573
6750.0 0.012545551565847243 0.574
7000.0 0.012545551565847243 0.574
7500.0 0.012556474991134636 0.575
8000.0 0.012567388921914007 0.576
8500.0 0.012578293382899935 0.577
9000.0 0.01258918839869996 0.578
9500.0 0.012600073993815238 0.579
10000.0 0.012610950192641173 0.58
11000.0 0.012643522653764202 0.583
12000.0 0.01266519108894782 0.585
13000.0 0.012686822515621397 0.587
14000.0 0.012697624409886102 0.588
15000.0 0.01271920067763105 0.59
16000.0 0.012740740406317244 0.592
17000.0 0.01275149662638948 0.593
18000.0 0.012772981892891614 0.595
19000.0 0.012794431079944577 0.597
20000.0 0.012815844368701056 0.599
21000.0 0.012826537607414711 0.6
22000.0 0.012847897385087518 0.602
23000.0 0.012869221710773864 0.604
24000.0 0.012890510760414739 0.606
25000.0 0.012911764708500651 0.608
26000.0 0.01292237857359628 0.609
27000.0 0.01294358019338757 0.611
28000.0 0.012964747141613279 0.613
29000.0 0.012975317666925425 0.614
30000.0 0.012996432925266144 0.616
31000.0 0.01301751393332293 0.618
32000.0 0.013028041645462837 0.619
33000.0 0.013049071589167894 0.621
34000.0 0.013070067695407837 0.623
35000.0 0.013080553110407865 0.624
36000.0 0.01310149876531367 0.626
37000.0 0.013111959045435315 0.627
38000.0 0.013132854610955218 0.629
39000.0 0.013153716982503557 0.631
40000.0 0.013164135769865783 0.632
42500.0 0.013205728719540219 0.636
45000.0 0.013247191078138747 0.64
47500.0 0.013288524068057682 0.644
50000.0 0.013329728892741134 0.648
52500.0 0.01337080673708985 0.652
55000.0 0.013411758767858776 0.656
57500.0 0.013452586134043754 0.66
60000.0 0.013483125528928313 0.663
65000.0 0.01356422776725964 0.671
70000.0 0.013644847958674964 0.679
75000.0 0.013715001881040995 0.686
80000.0 0.01379474093595878 0.694
85000.0 0.013864136405554388 0.701
90000.0 0.013943022597883057 0.709
100000.0 0.014089743817399171 0.724
110000.0 0.014234952845541807 0.739
120000.0 0.014378695496798705 0.754
130000.0 0.014521015317963133 0.769
140000.0 0.01466195374223301 0.784
150000.0 0.014792284783040916 0.798
3250.0 0.008824131713566996 0.898
3500.0 0.008824131713566996 0.898
3750.0 0.008824131713566996 0.898
4000.0 0.008824131713566996 0.898
4250.0 0.008824131713566996 0.898
4500.0 0.008824131713566996 0.898
4750.0 0.008829043560155868 0.899
5000.0 0.008829043560155868 0.899
5250.0 0.008829043560155868 0.899
5500.0 0.008829043560155868 0.899
5750.0 0.008829043560155868 0.899
6000.0 0.008833952675664544 0.9
6250.0 0.008833952675664544 0.9
6500.0 0.008833952675664544 0.9
6750.0 0.008838859064643566 0.901
7000.0 0.008838859064643566 0.901
7500.0 0.008838859064643566 0.901
8000.0 0.00884376273163085 0.902
8500.0 0.00884376273163085 0.902
9000.0 0.008848663681151732 0.903
9500.0 0.008848663681151732 0.903
10000.0 0.00885356191771903 0.904
11000.0 0.00885356191771903 0.904
12000.0 0.008858457445833088 0.905
13000.0 0.00886335026998181 0.906
14000.0 0.008868240394640731 0.907
15000.0 0.00887312782427305 0.908
16000.0 0.008878012563329676 0.909
17000.0 0.008878012563329676 0.909
18000.0 0.008882894616249287 0.91
19000.0 0.008887773987458363 0.911
20000.0 0.008892650681371246 0.912
21000.0 0.008897524702390181 0.913
22000.0 0.008897524702390181 0.913
23000.0 0.008902396054905356 0.914
24000.0 0.008907264743294962 0.915
25000.0 0.00891213077192522 0.916
26000.0 0.00891699414515045 0.917
27000.0 0.008921854867313096 0.918
28000.0 0.008926712942743782 0.919
29000.0 0.008926712942743782 0.919
30000.0 0.008931568375761355 0.92
31000.0 0.008936421170672927 0.921
32000.0 0.008941271331773928 0.922
33000.0 0.008946118863348132 0.923
34000.0 0.008950963769667725 0.924
35000.0 0.008955806054993333 0.925
36000.0 0.008960645723574067 0.926
37000.0 0.008965482779647574 0.927
38000.0 0.008965482779647574 0.927
39000.0 0.008970317227440074 0.928
40000.0 0.008975149071166403 0.929
42500.0 0.008984804963223248 0.931
45000.0 0.008994450489310787 0.933
47500.0 0.009004085682742309 0.935
50000.0 0.009013710576653046 0.937
52500.0 0.009018519171594522 0.938
55000.0 0.009028128677966433 0.94
57500.0 0.009037727966885366 0.942
60000.0 0.009047317070873764 0.944
65000.0 0.009061681700831074 0.947
70000.0 0.009076023595905296 0.95
75000.0 0.009095110943162465 0.954
80000.0 0.009109400207186341 0.957
85000.0 0.009123667091742194 0.96
90000.0 0.009142654973034004 0.964
100000.0 0.009171063083876878 0.97
110000.0 0.009204095061965957 0.977
120000.0 0.009237008916903945 0.984
130000.0 0.009265127730553359 0.99
140000.0 0.00929782553529188 0.997
150000.0 0.009325760977916576 1.003
3250.0 0.005702642654293223 1.186
3500.0 0.005702642654293223 1.186
3750.0 0.005702642654293223 1.186
4000.0 0.005702642654293223 1.186
4250.0 0.005702642654293223 1.186
4500.0 0.005702642654293223 1.186
4750.0 0.005702642654293223 1.186
5000.0 0.005702642654293223 1.186
5250.0 0.005702642654293223 1.186
5500.0 0.005702642654293223 1.186
5750.0 0.005702642654293223 1.186
6000.0 0.005702642654293223 1.186
6250.0 0.005702642654293223 1.186
6500.0 0.005702642654293223 1.186
6750.0 0.005702642654293223 1.186
7000.0 0.005702642654293223 1.186
7500.0 0.005705046297246868 1.187
8000.0 0.005705046297246868 1.187
8500.0 0.005705046297246868 1.187
9000.0 0.005705046297246868 1.187
9500.0 0.005705046297246868 1.187
10000.0 0.005705046297246868 1.187
11000.0 0.005705046297246868 1.187
12000.0 0.005707448927927075 1.188
13000.0 0.005707448927927075 1.188
14000.0 0.005707448927927075 1.188
15000.0 0.005707448927927075 1.188
16000.0 0.005709850547611703 1.189
17000.0 0.005709850547611703 1.189
18000.0 0.005709850547611703 1.189
19000.0 0.005709850547611703 1.189
20000.0 0.005712251157575917 1.19
21000.0 0.005712251157575917 1.19
22000.0 0.005712251157575917 1.19
23000.0 0.005712251157575917 1.19
24000.0 0.005714650759092207 1.191
25000.0 0.005714650759092207 1.191
26000.0 0.005714650759092207 1.191
27000.0 0.005717049353430393 1.192
28000.0 0.005717049353430393 1.192
29000.0 0.005717049353430393 1.192
30000.0 0.005717049353430393 1.192
31000.0 0.005719446941857632 1.193
32000.0 0.005719446941857632 1.193
33000.0 0.005719446941857632 1.193
34000.0 0.005721843525638424 1.194
35000.0 0.005721843525638424 1.194
36000.0 0.005721843525638424 1.194
37000.0 0.005724239106034626 1.195
38000.0 0.005724239106034626 1.195
39000.0 0.005724239106034626 1.195
40000.0 0.005724239106034626 1.195
42500.0 0.00572663368430545 1.196
45000.0 0.005729027261707486 1.197
47500.0 0.005731419839494687 1.198
50000.0 0.0057338114189184 1.199
52500.0 0.00573620200122736 1.2
55000.0 0.005738591587667702 1.201
57500.0 0.005740980179482965 1.202
60000.0 0.005743367777914104 1.203
65000.0 0.0057481399995749465 1.205
70000.0 0.005750524625273697 1.206
75000.0 0.0057529082625264365 1.207
80000.0 0.005757672576603885 1.209
85000.0 0.005760053255877254 1.21
90000.0 0.005762432951601945 1.211
100000.0 0.005767189397274842 1.213
110000.0 0.00577194192333662 1.215
120000.0 0.005776690539461355 1.217
130000.0 0.0057814352552833966 1.219
140000.0 0.005786176080397594 1.221
150000.0 0.005790913024359521 1.223
