Teff	log(g)	T_BB_U	T_BB_B	T_BB_V	T_BB_R	T_BB_I
5000.0	6.50	5077.05394	5139.53881	5104.50466	5046.08543	5047.85437
5000.0	6.75	5055.73882	5135.58144	5106.52990	5049.19405	5051.49141
5000.0	7.00	5033.93035	5131.62059	5108.72923	5052.25978	5055.02834
5000.0	7.25	5012.64260	5127.54084	5110.97108	5055.42600	5058.26728
5000.0	7.50	4992.48168	5123.42360	5113.27778	5058.95025	5061.50884
5000.0	7.75	4973.35953	5119.28760	5115.69160	5062.49971	5064.80067
5000.0	8.00	4954.96841	5115.15854	5118.29629	5066.42440	5068.33516
5000.0	8.25	4936.98008	5110.81403	5120.88084	5070.38316	5072.07153
5000.0	8.50	4919.94166	5106.75861	5124.11445	5074.99261	5076.44277
5000.0	8.75	4902.99374	5102.32518	5127.23188	5079.43455	5081.11866
5000.0	9.00	4886.69826	5097.84250	5130.61867	5084.46250	5086.36765
5000.0	9.25	4870.91783	5093.06333	5134.05559	5089.59781	5092.03540
5000.0	9.50	4856.10800	5088.18814	5137.68782	5095.09453	5098.21922
5250.0	6.50	5417.72919	5420.86506	5365.60052	5295.43368	5297.11166
5250.0	6.75	5397.94809	5416.52073	5366.79907	5298.32544	5301.22801
5250.0	7.00	5376.01623	5412.45530	5368.98085	5301.95208	5306.05684
5250.0	7.25	5352.38624	5408.73576	5371.73185	5306.05542	5310.89564
5250.0	7.50	5328.89239	5405.25596	5374.94784	5310.42267	5315.75457
5250.0	7.75	5306.46985	5401.71177	5378.17909	5314.85448	5320.41599
5250.0	8.00	5285.48584	5398.00133	5381.25994	5319.43194	5324.64433
5250.0	8.25	5265.89948	5394.33534	5384.41590	5324.12568	5329.12753
5250.0	8.50	5247.69140	5390.59248	5387.54361	5329.07146	5333.74410
5250.0	8.75	5230.68214	5386.87645	5390.86861	5334.07260	5338.47791
5250.0	9.00	5215.22198	5383.05573	5394.14200	5339.20702	5343.65481
5250.0	9.25	5200.94899	5379.29052	5397.68315	5344.62040	5349.31376
5250.0	9.50	5188.29266	5375.99118	5401.73592	5350.74731	5355.90714
5500.0	6.50	5745.19921	5701.04809	5628.92803	5546.91239	5548.28869
5500.0	6.75	5725.93099	5695.31288	5628.77522	5548.98268	5552.03545
5500.0	7.00	5708.48700	5689.91437	5628.04536	5550.34750	5555.13934
5500.0	7.25	5688.14373	5686.01243	5629.88299	5553.02719	5558.77366
5500.0	7.50	5664.91563	5682.81782	5633.56412	5558.07464	5564.67150
5500.0	7.75	5640.75793	5680.13997	5637.91592	5563.96216	5571.52167
5500.0	8.00	5616.82596	5677.42780	5642.34983	5569.90586	5577.99905
5500.0	8.25	5593.94402	5674.69896	5646.67919	5575.83577	5584.08456
5500.0	8.50	5572.50702	5671.65579	5650.87174	5581.81867	5590.07645
5500.0	8.75	5552.87311	5668.38589	5654.78895	5587.77971	5595.61643
5500.0	9.00	5535.07691	5665.05991	5658.66240	5593.99661	5601.48981
5500.0	9.25	5519.24064	5661.58608	5662.44169	5600.10025	5607.70486
5500.0	9.50	5505.41846	5658.26281	5666.37941	5606.37011	5614.28010
5750.0	6.50	6051.24374	5975.37568	5887.70715	5792.37410	5791.32084
5750.0	6.75	6038.18817	5971.73085	5889.91773	5797.00495	5798.23164
5750.0	7.00	6023.51384	5967.60672	5891.14454	5800.73988	5804.18375
5750.0	7.25	6010.29426	5962.82280	5891.05514	5803.05163	5808.86711
5750.0	7.50	5992.67336	5957.90262	5892.02478	5806.20458	5813.74483
5750.0	7.75	5971.43547	5954.66088	5894.65035	5810.30577	5819.63238
5750.0	8.00	5948.18320	5952.92905	5899.65721	5816.17648	5825.89471
5750.0	8.25	5924.36075	5951.66561	5905.71138	5823.69499	5833.93252
5750.0	8.50	5900.49344	5950.05450	5911.65795	5831.31526	5842.47385
5750.0	8.75	5877.49668	5948.23257	5917.33291	5839.13714	5850.10576
5750.0	9.00	5856.00244	5945.90075	5922.46592	5846.54124	5857.66842
5750.0	9.25	5836.47161	5943.06577	5927.45745	5853.97591	5865.19416
5750.0	9.50	5819.24663	5940.00035	5932.08866	5861.34497	5872.41983
6000.0	6.50	6333.29877	6238.53933	6138.40354	6031.09978	6028.54483
6000.0	6.75	6328.56524	6238.02978	6141.95285	6036.03525	6035.18717
6000.0	7.00	6320.91361	6237.04284	6146.63932	6042.59634	6043.78566
6000.0	7.25	6311.85562	6235.23855	6150.21186	6048.83067	6052.82889
6000.0	7.50	6303.23105	6232.26756	6151.62089	6052.81345	6059.36694
6000.0	7.75	6289.90664	6228.72238	6153.72534	6057.40997	6066.33518
6000.0	8.00	6271.78556	6225.63574	6156.95170	6062.85363	6073.73221
6000.0	8.25	6250.90821	6223.94985	6161.70997	6069.38016	6082.09327
6000.0	8.50	6228.43198	6223.70337	6167.98647	6076.84874	6090.43407
6000.0	8.75	6205.09614	6224.07087	6175.58494	6085.59333	6099.57884
6000.0	9.00	6181.79423	6224.03146	6183.35968	6095.19212	6109.40609
6000.0	9.25	6159.09115	6223.03005	6190.36351	6104.54653	6119.15859
6000.0	9.50	6137.98025	6221.38177	6196.75615	6113.97923	6128.55680
6250.0	6.50	6595.15957	6497.12738	6388.05465	6268.92109	6264.93650
6250.0	6.75	6595.70953	6496.25802	6391.80930	6273.89460	6271.35522
6250.0	7.00	6595.70150	6496.32228	6395.95372	6280.40808	6281.11647
6250.0	7.25	6593.49361	6497.75028	6400.81855	6286.64828	6290.39229
6250.0	7.50	6590.26381	6498.59135	6406.69831	6293.74292	6298.58194
6250.0	7.75	6586.89412	6497.89370	6410.20193	6300.35408	6308.12522
6250.0	8.00	6578.13987	6496.37484	6414.16051	6306.86312	6317.51778
6250.0	8.25	6564.48168	6494.95208	6418.87921	6313.90891	6327.11952
6250.0	8.50	6547.45161	6494.45299	6424.73040	6321.92657	6337.04800
6250.0	8.75	6527.55229	6494.79743	6431.70503	6330.78814	6347.54341
6250.0	9.00	6505.94544	6496.10747	6439.50956	6340.40641	6358.31450
6250.0	9.25	6483.60836	6498.34643	6448.92120	6350.94864	6369.34803
6250.0	9.50	6461.06121	6499.63946	6458.36595	6362.26222	6380.69956
6500.0	6.50	6844.19146	6751.71701	6637.72311	6507.28847	6503.05611
6500.0	6.75	6849.13989	6750.21612	6638.65421	6510.05167	6508.70227
6500.0	7.00	6853.72660	6750.33810	6642.05102	6514.26670	6515.13885
6500.0	7.25	6856.81796	6751.50634	6647.75731	6520.47816	6522.13923
6500.0	7.50	6859.66835	6753.55537	6653.70872	6528.76064	6533.91392
6500.0	7.75	6862.35990	6756.64427	6659.17986	6535.70351	6543.98274
6500.0	8.00	6864.06033	6758.90147	6665.19628	6543.27971	6553.52539
6500.0	8.25	6860.34364	6760.22393	6671.98130	6552.61126	6565.56106
6500.0	8.50	6851.59954	6761.18670	6678.94582	6562.18472	6578.29200
6500.0	8.75	6838.62581	6762.75501	6686.67679	6572.32971	6591.19397
6500.0	9.00	6822.70784	6765.07005	6695.23577	6583.19397	6603.81093
6500.0	9.25	6804.17264	6768.15674	6704.89028	6594.84865	6617.31291
6500.0	9.50	6784.10856	6771.95629	6715.24125	6607.18656	6630.70550
6750.0	6.50	7080.75269	7006.16800	6888.74851	6744.46501	6739.12156
6750.0	6.75	7088.73843	7001.44503	6888.08308	6746.47310	6743.83837
6750.0	7.00	7097.56223	6999.31210	6888.99074	6749.55982	6750.49762
6750.0	7.25	7105.79590	6999.85409	6891.41999	6753.26342	6757.24386
6750.0	7.50	7113.12684	7002.18295	6896.04413	6758.39161	6765.54522
6750.0	7.75	7119.01410	7005.33542	6903.44184	6765.97425	6774.49783
6750.0	8.00	7126.78327	7009.21379	6909.89760	6774.52595	6785.55632
6750.0	8.25	7133.50909	7013.80491	6916.68043	6783.15341	6797.84098
6750.0	8.50	7135.14870	7018.79404	6925.97568	6793.35332	6811.27904
6750.0	8.75	7131.97017	7023.45150	6936.26417	6806.22575	6826.57683
6750.0	9.00	7124.50233	7028.30819	6946.99103	6819.54870	6843.34453
6750.0	9.25	7113.57999	7033.78741	6958.35039	6833.39820	6859.80393
6750.0	9.50	7099.36618	7039.85810	6970.53378	6847.90623	6876.15000
7000.0	6.50	7309.25353	7262.69271	7143.26473	6986.08569	6981.05629
7000.0	6.75	7319.90172	7255.28177	7140.83674	6986.01476	6984.22505
7000.0	7.00	7330.85052	7250.76281	7140.71574	6987.66898	6987.89536
7000.0	7.25	7343.34963	7248.96039	7141.47041	6990.78425	6994.47349
7000.0	7.50	7355.91321	7249.74704	7144.48852	6995.20130	7002.72903
7000.0	7.75	7367.47717	7253.05392	7149.29049	7000.64198	7011.59426
7000.0	8.00	7378.32477	7258.41501	7156.44245	7007.66655	7021.87318
7000.0	8.25	7390.49633	7264.24599	7164.50727	7016.05855	7032.47526
7000.0	8.50	7400.87248	7270.44857	7173.39960	7026.72092	7046.28950
7000.0	8.75	7407.79217	7277.96086	7183.12477	7038.50398	7062.02094
7000.0	9.00	7409.77431	7285.72220	7195.29904	7051.26160	7077.60048
7000.0	9.25	7407.07239	7293.20302	7208.17741	7067.05284	7096.32241
7000.0	9.50	7400.42219	7301.11045	7221.48408	7083.36941	7115.40576
7250.0	6.50	7527.30138	7517.67964	7400.78083	7230.92107	7222.19466
7250.0	6.75	7541.48962	7507.23078	7395.42874	7228.22781	7224.93309
7250.0	7.00	7555.99342	7499.62704	7391.84723	7226.81405	7228.14554
7250.0	7.25	7570.59127	7494.80376	7390.64004	7227.43749	7231.67480
7250.0	7.50	7585.58769	7492.91032	7391.63866	7229.64604	7236.17153
7250.0	7.75	7601.44741	7493.90255	7394.08804	7233.24966	7243.86038
7250.0	8.00	7616.54530	7497.65991	7398.61607	7238.88355	7253.27382
7250.0	8.25	7632.35838	7503.83430	7405.23712	7246.11868	7264.31580
7250.0	8.50	7648.70805	7511.90131	7413.71655	7254.00288	7275.96605
7250.0	8.75	7663.02568	7520.88628	7424.79200	7265.19369	7289.87787
7250.0	9.00	7674.29881	7530.59785	7437.33769	7279.51797	7308.44231
7250.0	9.25	7682.11429	7542.23027	7450.59580	7294.36083	7327.97849
7250.0	9.50	7685.06036	7554.13712	7466.99533	7311.32144	7347.04552
7500.0	6.50	7735.61220	7776.64080	7666.43974	7480.72387	7469.15570
7500.0	6.75	7754.41874	7761.93545	7656.15545	7475.59938	7468.65354
7500.0	7.00	7772.50020	7750.28911	7648.83846	7471.18901	7469.80780
7500.0	7.25	7790.61728	7742.58381	7644.31531	7469.02746	7472.21304
7500.0	7.50	7809.16047	7737.95080	7642.49687	7468.79535	7475.95425
7500.0	7.75	7828.01277	7736.42937	7643.26376	7470.04763	7481.18002
7500.0	8.00	7846.79840	7738.03839	7646.26974	7473.38123	7488.02311
7500.0	8.25	7865.68850	7742.78563	7651.37460	7479.06384	7498.53271
7500.0	8.50	7886.48297	7750.21838	7657.94530	7486.23081	7510.49982
7500.0	8.75	7907.58154	7760.53732	7666.87455	7495.48238	7524.08423
7500.0	9.00	7925.96016	7772.62410	7679.40032	7506.76984	7539.24753
7500.0	9.25	7941.54895	7785.46876	7694.17812	7521.29653	7557.67566
7500.0	9.50	7954.06129	7799.37503	7709.80065	7538.47242	7579.57213
7750.0	6.50	7937.34415	8036.75250	7937.91548	7735.54413	7718.29633
7750.0	6.75	7959.93796	8017.17424	7922.66452	7727.07942	7715.81419
7750.0	7.00	7981.81332	8001.15162	7911.05731	7720.02430	7715.08320
7750.0	7.25	8003.66523	7989.29369	7902.47308	7714.43277	7716.01585
7750.0	7.50	8024.93245	7980.89530	7896.77551	7711.04617	7717.95970
7750.0	7.75	8046.46859	7976.22445	7893.68633	7709.48880	7720.35996
7750.0	8.00	8068.27463	7975.12294	7893.48460	7709.73441	7725.02952
7750.0	8.25	8090.21579	7977.44649	7896.31742	7712.50180	7731.26673
7750.0	8.50	8112.70971	7983.21354	7901.42680	7717.30715	7741.16819
7750.0	8.75	8137.58186	7992.19146	7908.51309	7724.63998	7753.79559
7750.0	9.00	8162.53137	8004.37021	7918.30928	7734.54513	7768.48398
7750.0	9.25	8185.36240	8019.27288	7931.53826	7747.20111	7786.65297
7750.0	9.50	8205.29652	8036.26247	7948.40753	7762.31454	7806.02350
8000.0	6.50	8131.80767	8303.17368	8219.53910	7998.71255	7972.73966
8000.0	6.75	8158.55853	8277.01354	8198.29477	7985.21952	7968.40226
8000.0	7.00	8184.53958	8255.84864	8181.21483	7974.72283	7965.10309
8000.0	7.25	8210.00133	8238.99169	8168.24156	7965.90413	7963.85068
8000.0	7.50	8234.75695	8226.37535	8158.28875	7959.26019	7963.79207
8000.0	7.75	8259.48740	8218.01621	8151.12771	7954.81345	7964.48467
8000.0	8.00	8284.47431	8213.73996	8147.39822	7951.86739	7967.14011
8000.0	8.25	8309.54493	8213.16843	8146.41057	7951.27006	7970.83197
8000.0	8.50	8334.80644	8216.86277	8148.75218	7953.30880	7977.51793
8000.0	8.75	8361.49040	8224.12511	8153.76213	7958.06183	7987.21366
8000.0	9.00	8390.43057	8235.38069	8162.05830	7965.22995	8000.08410
8000.0	9.25	8419.25722	8250.19488	8173.43419	7976.13400	8017.13142
8000.0	9.50	8446.92199	8268.29482	8187.95531	7990.08369	8038.32600
8250.0	6.50	8320.96551	8571.63788	8507.39056	8266.29617	8229.05904
8250.0	6.75	8352.40738	8538.89409	8480.51888	8248.30471	8222.21716
8250.0	7.00	8382.39273	8511.83740	8457.52204	8233.73971	8217.16047
8250.0	7.25	8411.65238	8489.59898	8439.32935	8221.62702	8214.28985
8250.0	7.50	8440.07229	8471.87587	8424.50746	8211.32232	8212.23271
8250.0	7.75	8467.56185	8458.80930	8412.86676	8203.25910	8210.85012
8250.0	8.00	8495.14256	8450.68966	8404.54642	8197.10330	8211.21025
8250.0	8.25	8523.10169	8446.68596	8399.42574	8192.74142	8212.15993
8250.0	8.50	8551.07807	8447.28461	8397.55415	8190.51726	8215.34075
8250.0	8.75	8579.35974	8452.12357	8399.30654	8191.77377	8221.86437
8250.0	9.00	8610.02587	8461.31267	8404.48227	8195.53835	8230.96493
8250.0	9.25	8642.05293	8474.71441	8412.89277	8203.27803	8244.89287
8250.0	9.50	8674.32466	8491.98843	8425.47012	8214.60112	8263.58864
8500.0	6.50	8505.44563	8846.19290	8805.67652	8540.93671	8488.31641
8500.0	6.75	8541.25108	8806.22997	8772.49019	8518.23120	8480.01829
8500.0	7.00	8575.43272	8772.44475	8743.36267	8499.41344	8473.84924
8500.0	7.25	8608.16904	8743.93033	8719.31592	8483.35055	8468.91755
8500.0	7.50	8640.00046	8720.53984	8699.08372	8469.55647	8465.21934
8500.0	7.75	8670.91659	8702.33864	8682.54753	8458.02252	8462.44819
8500.0	8.00	8701.44301	8689.66013	8669.12692	8448.20405	8459.62873
8500.0	8.25	8732.34319	8681.98679	8659.72942	8440.43506	8458.32185
8500.0	8.50	8763.12301	8679.27362	8653.49579	8434.25388	8458.64133
8500.0	8.75	8794.27769	8681.40803	8651.01476	8431.50934	8462.15739
8500.0	9.00	8826.77340	8688.05797	8652.30241	8431.52011	8468.26675
8500.0	9.25	8861.13144	8699.96220	8657.81224	8435.54896	8479.32402
8500.0	9.50	8896.66131	8716.31811	8667.61469	8443.60704	8493.50477
8750.0	6.50	8684.94455	9122.50054	9108.33874	8817.91912	8746.26742
8750.0	6.75	8726.18057	9075.54146	9069.42152	8791.88049	8738.05195
8750.0	7.00	8764.58341	9034.89285	9034.80202	8768.83590	8730.43838
8750.0	7.25	8801.52493	8999.88477	9005.39277	8749.09454	8725.03957
8750.0	7.50	8837.00821	8970.72563	8979.66669	8732.14471	8719.90581
8750.0	7.75	8871.40290	8946.83195	8957.61085	8717.16097	8715.71006
8750.0	8.00	8904.75902	8929.02745	8939.25128	8703.66573	8710.73719
8750.0	8.25	8937.77307	8917.19694	8924.88121	8692.23342	8707.88510
8750.0	8.50	8971.16718	8910.45755	8913.65589	8682.14797	8705.49736
8750.0	8.75	9004.63613	8908.90223	8906.69993	8674.77861	8706.09419
8750.0	9.00	9038.67887	8912.63520	8903.21602	8670.79625	8708.53216
8750.0	9.25	9074.86455	8921.61884	8904.13125	8670.32109	8715.58698
8750.0	9.50	9112.89488	8935.94751	8909.91931	8673.93449	8727.10496
9000.0	6.50	8861.90893	9401.47360	9415.32819	9096.27255	9001.53246
9000.0	6.75	8907.37505	9348.17582	9373.04158	9068.81274	8995.50112
9000.0	7.00	8950.58864	9301.19442	9333.88946	9043.08652	8987.69980
9000.0	7.25	8991.55212	9259.09448	9299.06406	9019.81063	8981.77865
9000.0	7.50	9030.42709	9223.69173	9267.80990	8999.56171	8976.91619
9000.0	7.75	9068.35004	9194.12800	9239.81650	8981.47510	8970.94629
9000.0	8.00	9104.52124	9171.34390	9215.83135	8964.22174	8966.36178
9000.0	8.25	9140.19864	9154.66804	9195.92244	8949.10483	8961.83478
9000.0	8.50	9175.87477	9143.64929	9180.20945	8935.92992	8957.99740
9000.0	8.75	9211.73409	9138.07629	9168.52473	8924.26649	8955.87985
9000.0	9.00	9248.40235	9138.51257	9160.42063	8916.01988	8955.10637
9000.0	9.25	9286.39886	9144.37937	9156.91696	8910.89312	8958.73986
9000.0	9.50	9326.39816	9156.22860	9158.14893	8909.95124	8965.63912
9250.0	6.50	9033.68581	9679.61305	9719.87408	9370.06639	9248.53452
9250.0	6.75	9084.67338	9621.50439	9676.69668	9343.94342	9247.34354
9250.0	7.00	9133.38418	9568.22942	9634.72542	9317.56509	9242.63875
9250.0	7.25	9178.91065	9519.64336	9595.64015	9292.02403	9237.90468
9250.0	7.50	9222.23685	9478.22226	9559.49653	9269.10715	9233.55460
9250.0	7.75	9263.61751	9443.46417	9525.91875	9247.62513	9228.02186
9250.0	8.00	9303.21445	9415.08799	9496.58618	9227.33594	9223.05608
9250.0	8.25	9341.22081	9393.08979	9471.59011	9208.78194	9218.35498
9250.0	8.50	9378.91134	9377.00183	9450.68346	9192.44110	9212.67001
9250.0	8.75	9416.93482	9367.06709	9433.75832	9176.91558	9208.15512
9250.0	9.00	9455.46771	9363.51884	9421.08568	9164.14004	9204.96507
9250.0	9.25	9494.84119	9365.87746	9412.64688	9154.77356	9204.37704
9250.0	9.50	9536.42731	9374.43059	9409.06315	9148.77985	9206.92112
9500.0	6.50	9201.38451	9949.46356	10013.74678	9631.84938	9481.65076
9500.0	6.75	9257.88077	9888.88081	9974.20861	9610.63041	9488.56117
9500.0	7.00	9312.58866	9832.47370	9933.93969	9587.57913	9490.64130
9500.0	7.25	9363.32800	9779.64886	9893.30555	9562.99442	9489.37855
9500.0	7.50	9411.34673	9733.37528	9853.74343	9539.25139	9487.07938
9500.0	7.75	9456.41205	9693.69707	9816.48943	9515.57725	9484.19385
9500.0	8.00	9499.53322	9660.15039	9782.63794	9492.99521	9479.96596
9500.0	8.25	9540.02283	9633.20841	9753.07158	9471.35767	9474.95129
9500.0	8.50	9580.10259	9612.36497	9727.45811	9452.02527	9469.28805
9500.0	8.75	9620.42957	9598.06940	9705.50256	9433.90961	9463.60180
9500.0	9.00	9660.94542	9590.07184	9688.08289	9417.76425	9458.90039
9500.0	9.25	9702.07760	9588.74350	9674.89358	9404.40659	9455.64513
9500.0	9.50	9744.94935	9593.77170	9665.93878	9393.74170	9454.00225
9750.0	6.50	9362.90683	10216.84137	10300.61743	9881.67927	9698.68200
9750.0	6.75	9425.41166	10153.35919	10264.93459	9867.68295	9716.56305
9750.0	7.00	9486.27588	10093.87231	10227.28824	9849.89547	9726.82206
9750.0	7.25	9543.60225	10038.13174	10187.85716	9829.45791	9733.35067
9750.0	7.50	9597.18607	9988.12418	10147.61656	9806.42301	9735.40669
9750.0	7.75	9647.28230	9944.12057	10108.67843	9782.58142	9736.48404
9750.0	8.00	9694.13213	9905.86316	10072.49356	9759.10514	9734.58122
9750.0	8.25	9738.37781	9874.43808	10039.19538	9735.57218	9730.29043
9750.0	8.50	9780.90673	9849.30964	10008.77753	9713.47077	9724.73782
9750.0	8.75	9823.07100	9830.54923	9981.38930	9692.63471	9718.57820
9750.0	9.00	9865.37905	9818.22260	9958.46574	9672.92898	9712.64297
9750.0	9.25	9908.35981	9812.17668	9939.86264	9655.74774	9706.90894
9750.0	9.50	9952.09110	9813.07470	9926.19071	9641.66507	9703.35508
10000.0	6.50	9516.07862	10469.14366	10566.87381	10109.52277	9893.60877
10000.0	6.75	9586.86632	10405.13834	10539.08785	10107.42041	9925.67994
10000.0	7.00	9654.67404	10344.41530	10507.14262	10097.14894	9948.08642
10000.0	7.25	9719.40372	10288.02901	10472.09553	10083.28678	9963.16229
10000.0	7.50	9779.06182	10236.50488	10435.25710	10065.11828	9973.59856
10000.0	7.75	9834.69333	10190.08014	10398.28696	10044.32541	9980.41944
10000.0	8.00	9886.03313	10148.75743	10361.94051	10022.66043	9981.97890
10000.0	8.25	9934.13780	10113.79306	10326.60791	9999.72252	9982.01246
10000.0	8.50	9979.61601	10084.96656	10293.55949	9976.83109	9977.92232
10000.0	8.75	10024.19011	10062.72909	10262.95697	9954.34514	9973.31575
10000.0	9.00	10068.60962	10047.11019	10234.63368	9931.76798	9968.13678
10000.0	9.25	10113.34968	10037.60968	10210.77471	9910.86840	9962.51671
10000.0	9.50	10158.66913	10034.98074	10191.57176	9892.93445	9957.64671
10250.0	6.50	9652.43823	10710.08853	10813.91954	10312.68039	10061.08625
10250.0	6.75	9740.55759	10653.57993	10805.48370	10333.54768	10118.71208
10250.0	7.00	9817.68182	10591.73270	10779.15787	10334.32558	10154.93954
10250.0	7.25	9890.10898	10533.78816	10748.54611	10327.49844	10181.28540
10250.0	7.50	9956.43160	10480.63756	10715.39604	10315.40901	10200.82460
10250.0	7.75	10018.44451	10432.32353	10682.09770	10299.33279	10214.89012
10250.0	8.00	10075.35680	10389.24860	10647.08126	10281.34421	10222.79302
10250.0	8.25	10128.19510	10352.14633	10611.69517	10261.85002	10226.98788
10250.0	8.50	10177.62231	10320.14088	10577.70208	10239.48021	10226.59733
10250.0	8.75	10225.05168	10294.70518	10545.35362	10216.50227	10224.40910
10250.0	9.00	10271.59874	10275.64046	10514.68409	10192.32254	10221.02940
10250.0	9.25	10318.33788	10263.10640	10486.23286	10168.38099	10216.85724
10250.0	9.50	10365.30184	10257.47108	10461.24143	10146.49494	10211.44656
10500.0	6.50	9769.82982	10918.44536	11019.49896	10478.42757	10196.49986
10500.0	6.75	9876.83019	10875.76116	11037.95141	10527.86320	10281.65193
10500.0	7.00	9971.78386	10824.28394	11032.18162	10551.65769	10342.22618
10500.0	7.25	10054.21786	10767.37236	11010.52585	10555.83539	10383.44569
10500.0	7.50	10128.77015	10713.83706	10982.32143	10551.39504	10413.16502
10500.0	7.75	10197.48671	10665.30329	10952.85073	10542.89455	10435.35922
10500.0	8.00	10260.68299	10622.14209	10921.02656	10529.77244	10451.69837
10500.0	8.25	10318.95069	10584.46027	10888.48038	10514.65707	10462.96719
10500.0	8.50	10372.47642	10551.69503	10855.95478	10495.79770	10471.36418
10500.0	8.75	10423.50430	10524.45433	10823.89427	10475.05277	10473.61070
10500.0	9.00	10472.96985	10502.64645	10793.42426	10452.69941	10473.02004
10500.0	9.25	10522.18465	10487.55520	10764.04565	10427.77875	10469.88275
10500.0	9.50	10571.35327	10479.71788	10736.02313	10403.04160	10465.18686
10750.0	6.50	9886.00514	11132.22265	11222.55395	10636.09876	10322.20662
10750.0	6.75	9991.93122	11079.42595	11242.77174	10691.44055	10414.20181
10750.0	7.00	10109.16692	11044.93536	11267.74932	10746.66731	10506.75926
10750.0	7.25	10210.53801	10996.71110	11263.85094	10772.46988	10570.81148
10750.0	7.50	10296.31309	10943.48244	11242.44396	10778.43406	10614.72131
10750.0	7.75	10372.90454	10895.02775	11217.38331	10777.30170	10647.46249
10750.0	8.00	10442.88389	10851.52364	11189.52687	10770.34063	10671.54714
10750.0	8.25	10506.89599	10813.79382	11160.81689	10760.09183	10692.66061
10750.0	8.50	10565.51390	10780.89988	11130.92945	10747.09985	10706.23327
10750.0	8.75	10620.97073	10752.93891	11100.19398	10729.09871	10716.94314
10750.0	9.00	10673.83213	10729.67673	11069.75558	10709.72381	10721.33119
10750.0	9.25	10725.89028	10711.75798	11039.26380	10686.72019	10720.23931
10750.0	9.50	10777.54744	10701.17042	11010.34254	10660.99310	10718.18765
11000.0	6.50	10017.02321	11356.22616	11435.08134	10805.07740	10459.79108
11000.0	6.75	10106.29487	11278.80463	11439.16071	10845.63580	10539.56127
11000.0	7.00	10226.07135	11234.13199	11464.25923	10906.50013	10638.36935
11000.0	7.25	10351.45217	11204.88479	11489.86842	10962.62000	10732.78034
11000.0	7.50	10455.39280	11160.91873	11486.27364	10988.80711	10799.88666
11000.0	7.75	10542.47239	11114.26138	11468.24947	10997.62620	10843.69558
11000.0	8.00	10620.43468	11071.39945	11446.01772	10998.70780	10879.95896
11000.0	8.25	10690.70977	11033.54698	11421.67652	10993.93159	10909.94055
11000.0	8.50	10754.75585	11001.29031	11396.60147	10986.61009	10931.89682
11000.0	8.75	10814.61591	10974.09501	11369.17054	10974.33437	10949.49236
11000.0	9.00	10871.67682	10951.23171	11340.81468	10958.14715	10961.50308
11000.0	9.25	10927.08390	10933.31120	11311.34296	10940.01631	10965.94959
11000.0	9.50	10981.67647	10920.92555	11282.34227	10916.45241	10967.93747
11250.0	6.50	10168.84241	11572.20394	11641.63380	10982.13950	10612.02425
11250.0	6.75	10233.10246	11487.26314	11640.87715	11006.86389	10670.60912
11250.0	7.00	10336.99811	11422.48356	11653.80210	11055.27549	10758.42160
11250.0	7.25	10469.74668	11391.37136	11689.01134	11123.56802	10866.33290
11250.0	7.50	10600.58774	11368.84616	11716.88130	11182.30239	10963.27703
11250.0	7.75	10705.73556	11328.75569	11712.31113	11207.82025	11029.43532
11250.0	8.00	10794.29443	11287.22648	11696.51521	11218.48408	11077.94779
11250.0	8.25	10871.97329	11249.98692	11676.71958	11221.84470	11117.09096
11250.0	8.50	10941.87569	11218.01993	11655.13479	11220.07986	11148.26406
11250.0	8.75	11006.86068	11191.78220	11632.24850	11215.05235	11172.32186
11250.0	9.00	11068.65645	11169.69439	11607.32127	11202.56321	11193.17673
11250.0	9.25	11127.54391	11152.81880	11580.83986	11188.29434	11205.76805
11250.0	9.50	11185.33503	11140.53564	11552.08584	11167.56008	11213.29543
11500.0	6.50	10331.29870	11787.79652	11846.98095	11163.69500	10771.65707
11500.0	6.75	10377.08629	11705.57463	11853.08279	11182.01268	10817.26446
11500.0	7.00	10459.28142	11621.35877	11852.11421	11212.14347	10886.90987
11500.0	7.25	10581.90783	11566.77973	11871.65268	11270.16660	10987.45232
11500.0	7.50	10724.99664	11547.65426	11912.21369	11343.74003	11099.93192
11500.0	7.75	10857.13506	11527.98182	11937.22106	11399.33467	11196.62337
11500.0	8.00	10961.06511	11493.02632	11933.36619	11424.91715	11263.03151
11500.0	8.25	11048.36199	11457.85669	11919.41268	11437.89112	11313.32164
11500.0	8.50	11125.23465	11426.86567	11901.85041	11442.85038	11352.49796
11500.0	8.75	11195.87851	11401.30067	11882.69000	11443.24344	11387.30405
11500.0	9.00	11262.01329	11380.48160	11861.91428	11437.50170	11413.14179
11500.0	9.25	11324.89133	11364.93929	11840.20491	11427.41902	11433.68232
11500.0	9.50	11385.94761	11354.33604	11816.08372	11412.95670	11448.37763
11750.0	6.50	10502.33907	11988.95520	12035.55850	11338.00557	10932.83627
11750.0	6.75	10538.13103	11910.95600	12050.25670	11357.67744	10973.99975
11750.0	7.00	10599.29424	11825.26460	12053.72714	11379.33069	11027.74379
11750.0	7.25	10699.16108	11752.02143	12060.31642	11419.61120	11108.81001
11750.0	7.50	10836.54825	11715.52758	12091.66923	11487.84807	11219.39333
11750.0	7.75	10988.35551	11709.05341	12139.37325	11567.19024	11339.66566
11750.0	8.00	11118.68545	11692.25535	12161.55515	11620.62496	11436.20933
11750.0	8.25	11220.32788	11661.89539	12156.27760	11646.01658	11500.79623
11750.0	8.50	11306.26562	11632.92132	12143.52285	11659.63557	11553.48478
11750.0	8.75	11383.40639	11608.36425	12128.04289	11665.54638	11595.85458
11750.0	9.00	11454.43086	11589.15964	12111.47287	11667.24168	11628.43720
11750.0	9.25	11521.57633	11574.88084	12093.73529	11661.85101	11656.59043
11750.0	9.50	11585.61108	11566.15375	12074.91508	11653.34498	11678.38155
12000.0	6.50	10675.63010	12185.53549	12218.81666	11509.16553	11093.02194
12000.0	6.75	10705.38369	12114.39707	12243.71192	11533.65375	11133.51293
12000.0	7.00	10752.54857	12034.35921	12257.88166	11555.04375	11178.86175
12000.0	7.25	10830.97114	11949.04891	12260.24336	11580.84640	11243.03607
12000.0	7.50	10952.14706	11887.22326	12272.98543	11632.85327	11339.74541
12000.0	7.75	11104.83717	11869.80792	12316.35135	11712.48598	11465.28610
12000.0	8.00	11259.80567	11871.79335	12364.71799	11792.64017	11585.41609
12000.0	8.25	11383.69793	11855.57740	12379.25674	11840.31469	11675.29745
12000.0	8.50	11482.24907	11831.75550	12374.57266	11865.42341	11742.71574
12000.0	8.75	11567.12549	11809.00245	12363.24634	11878.14279	11793.76180
12000.0	9.00	11643.57867	11791.44580	12350.38801	11885.66640	11836.69168
12000.0	9.25	11714.95594	11778.72982	12336.77657	11887.28093	11870.97173
12000.0	9.50	11782.37810	11771.23712	12322.46480	11883.35450	11901.13800
12250.0	6.50	10850.06513	12376.90628	12395.83949	11676.64141	11251.93784
12250.0	6.75	10877.25797	12308.36631	12425.16684	11703.07011	11292.32103
12250.0	7.00	10917.88846	12232.00284	12447.86770	11727.28862	11335.96934
12250.0	7.25	10980.15491	12147.26034	12456.68361	11749.91242	11389.00032
12250.0	7.50	11079.09282	12071.22892	12463.62804	11787.12713	11470.07132
12250.0	7.75	11217.74634	12031.23902	12490.89296	11852.80641	11581.90927
12250.0	8.00	11380.86771	12032.02015	12544.53706	11941.19505	11713.84383
12250.0	8.25	11534.89289	12039.99639	12590.83003	12020.91269	11834.70026
12250.0	8.50	11652.04693	12025.99485	12599.56413	12062.71821	11921.14160
12250.0	8.75	11748.05002	12007.63899	12594.53349	12085.49046	11986.11023
12250.0	9.00	11831.32910	11991.87899	12585.32127	12098.93569	12038.48980
12250.0	9.25	11907.35756	11981.12753	12575.60404	12107.21470	12081.63712
12250.0	9.50	11978.60557	11974.90177	12564.70596	12108.85840	12116.58078
12500.0	6.50	11024.81836	12564.40361	12568.63174	11840.86085	11407.52235
12500.0	6.75	11050.34823	12498.69670	12601.81171	11869.59481	11449.79735
12500.0	7.00	11086.59447	12427.10187	12632.70503	11898.31480	11493.47663
12500.0	7.25	11138.20584	12348.26414	12654.22773	11923.53576	11542.51335
12500.0	7.50	11218.35432	12265.00739	12661.68896	11950.93699	11608.08070
12500.0	7.75	11338.66951	12201.34706	12672.15139	11998.83204	11704.11955
12500.0	8.00	11496.20675	12184.44284	12713.28292	12079.87376	11832.09696
12500.0	8.25	11665.83701	12201.49763	12774.41131	12175.85284	11969.88625
12500.0	8.50	11811.83510	12209.43738	12810.59577	12245.96387	12086.46149
12500.0	8.75	11923.16744	12199.78493	12815.78291	12282.26062	12166.24521
12500.0	9.00	12015.31308	12187.32708	12811.71871	12303.81809	12232.23045
12500.0	9.25	12097.30982	12178.08583	12805.77928	12317.69487	12283.53799
12500.0	9.50	12172.66442	12173.52836	12797.97502	12325.71544	12325.08152
12750.0	6.50	11199.78052	12749.09307	12739.32326	12003.15358	11563.42613
12750.0	6.75	11224.24779	12685.57544	12774.29463	12033.83122	11605.37230
12750.0	7.00	11258.29544	12616.15765	12808.87518	12064.40041	11649.50244
12750.0	7.25	11304.40457	12539.75952	12837.61681	12092.10674	11696.84729
12750.0	7.50	11371.01645	12456.71082	12853.12600	12117.91774	11755.00794
12750.0	7.75	11471.92723	12381.88028	12861.15066	12154.49703	11834.43482
12750.0	8.00	11613.88701	12343.14109	12886.86805	12220.64225	11949.17701
12750.0	8.25	11784.24686	12351.23106	12943.47462	12315.71430	12090.20005
12750.0	8.50	11956.68537	12380.14680	13006.89065	12412.92314	12234.33787
12750.0	8.75	12091.84372	12387.58715	13031.47368	12471.22771	12341.41734
12750.0	9.00	12197.14995	12382.13535	13035.01917	12503.90084	12416.71196
12750.0	9.25	12286.74395	12375.55331	13032.99386	12524.14012	12476.29717
12750.0	9.50	12367.14394	12371.90914	13028.26295	12537.86205	12530.64771
13000.0	6.50	11374.63405	12930.57303	12906.84655	12163.02485	11718.17411
13000.0	6.75	11398.35187	12869.23867	12943.99770	12195.61337	11759.80695
13000.0	7.00	11431.24561	12802.28965	12982.70334	12228.08922	11805.51990
13000.0	7.25	11474.12357	12729.75531	13018.56829	12259.72178	11853.41831
13000.0	7.50	11531.78106	12651.17871	13044.45862	12288.63666	11906.29498
13000.0	7.75	11616.40772	12571.11980	13056.74851	12318.92595	11975.02341
13000.0	8.00	11741.24521	12511.77897	13068.93706	12368.96705	12076.35001
13000.0	8.25	11902.43147	12500.20105	13110.20517	12452.99041	12208.19840
13000.0	8.50	12083.83266	12530.69004	13178.79838	12558.09555	12360.98124
13000.0	8.75	12248.72846	12562.92941	13232.76949	12645.84315	12499.40818
13000.0	9.00	12372.48009	12569.84500	13250.98490	12694.00154	12592.39220
13000.0	9.25	12472.44741	12568.92938	13254.78980	12723.21155	12664.50492
13000.0	9.50	12558.95209	12567.59076	13252.74834	12742.76925	12724.82792
13250.0	6.50	11549.47695	13110.03401	13073.41350	12322.64484	11870.31039
13250.0	6.75	11572.89250	13050.53868	13112.73178	12356.30633	11913.96261
13250.0	7.00	11604.85026	12985.67130	13152.38657	12390.05316	11959.51234
13250.0	7.25	11645.95269	12915.17027	13192.63502	12423.66142	12008.35906
13250.0	7.50	11698.69925	12838.62971	13224.63546	12454.89557	12061.39362
13250.0	7.75	11771.64920	12758.03838	13244.57899	12484.73716	12123.64238
13250.0	8.00	11879.00715	12688.20706	13256.19732	12525.05137	12209.79026
13250.0	8.25	12025.58138	12656.01492	13282.61569	12594.31109	12328.66064
13250.0	8.50	12203.17848	12674.06280	13341.38151	12693.69395	12478.37175
13250.0	8.75	12390.73219	12724.06558	13419.09981	12804.42790	12637.73827
13250.0	9.00	12541.23468	12751.72158	13461.74755	12877.45397	12761.48825
13250.0	9.25	12655.03760	12759.84821	13475.63842	12918.87409	12847.87269
13250.0	9.50	12749.79684	12763.06515	13477.99149	12945.38113	12917.50783
13500.0	6.50	11724.22999	13286.89981	13238.05710	12480.69677	12022.63020
13500.0	6.75	11747.43796	13229.28878	13278.96398	12515.38748	12066.73378
13500.0	7.00	11778.93141	13166.28509	13320.43856	12550.42773	12113.11715
13500.0	7.25	11818.86303	13098.18939	13362.87921	12585.87846	12162.26136
13500.0	7.50	11868.71632	13024.75827	13401.74567	12620.48071	12215.97841
13500.0	7.75	11933.25365	12947.08457	13431.52419	12652.91217	12273.68766
13500.0	8.00	12025.34761	12871.55370	13447.75804	12687.40619	12349.96178
13500.0	8.25	12155.67961	12819.81434	13461.96100	12741.82675	12454.71804
13500.0	8.50	12324.56040	12819.89630	13505.89041	12830.27707	12599.45118
13500.0	8.75	12516.89656	12867.91788	13584.32128	12944.51777	12762.35698
13500.0	9.00	12697.51981	12920.65865	13657.69688	13046.93112	12914.91026
13500.0	9.25	12830.96025	12943.51230	13687.79079	13106.84907	13021.23072
13500.0	9.50	12936.21913	12953.69370	13698.18127	13142.87040	13099.79327
13750.0	6.50	11898.90133	13462.02375	13402.09592	12638.06838	12175.99932
13750.0	6.75	11921.97652	13406.23772	13444.25444	12673.72013	12219.24808
13750.0	7.00	11953.30808	13345.04890	13488.34705	12710.02829	12266.83350
13750.0	7.25	11992.51764	13278.66768	13532.56704	12746.79659	12316.36375
13750.0	7.50	12040.49307	13207.41271	13574.29507	12783.23168	12368.78674
13750.0	7.75	12100.28900	13131.19669	13609.63354	12817.72701	12426.34590
13750.0	8.00	12181.29300	13054.50194	13632.75743	12851.30111	12494.14341
13750.0	8.25	12296.07426	12992.25051	13646.79389	12896.90121	12590.32658
13750.0	8.50	12450.74262	12972.33344	13676.98378	12971.24865	12720.75817
13750.0	8.75	12638.65228	13008.05166	13744.89952	13079.42743	12881.82511
13750.0	9.00	12838.85968	13075.41086	13837.11540	13200.87634	13052.87842
13750.0	9.25	12999.80800	13120.88446	13893.17862	13287.38281	13186.29982
13750.0	9.50	13119.88687	13141.77653	13915.02937	13336.92161	13281.15420
14000.0	6.50	12073.35462	13635.20885	13565.19856	12794.73733	12325.77076
14000.0	6.75	12096.31381	13581.26745	13608.24607	12831.11119	12373.37401
14000.0	7.00	12127.63652	13521.89321	13653.87996	12868.56097	12419.46890
14000.0	7.25	12166.51641	13457.05976	13699.24241	12906.33922	12469.54125
14000.0	7.50	12213.40849	13388.10923	13744.25187	12944.67228	12522.82463
14000.0	7.75	12270.24220	13314.85095	13785.37477	12982.38183	12580.22929
14000.0	8.00	12343.16992	13239.79198	13817.83186	13017.78279	12646.82588
14000.0	8.25	12444.38626	13171.17856	13836.67646	13058.14970	12729.84986
14000.0	8.50	12584.22374	13132.83033	13855.64589	13119.22505	12845.67106
14000.0	8.75	12763.43894	13150.91371	13908.26974	13216.52628	13000.20652
14000.0	9.00	12966.83701	13216.22795	13999.88422	13340.09190	13176.96539
14000.0	9.25	13156.74164	13286.22771	14084.41911	13454.86715	13336.99139
14000.0	9.50	13296.40366	13322.41517	14122.81230	13522.39317	13454.27671
14250.0	6.50	12248.01311	13807.33910	13728.06507	12951.39802	12477.82034
14250.0	6.75	12270.71922	13754.83196	13771.97538	12988.30219	12525.52811
14250.0	7.00	12301.95015	13696.89882	13818.21294	13026.41798	12571.71674
14250.0	7.25	12340.78689	13633.98266	13865.63635	13065.57711	12622.64032
14250.0	7.50	12386.82827	13566.61135	13912.30743	13105.11941	12676.37720
14250.0	7.75	12441.89054	13495.37756	13957.47404	13144.28279	12733.91550
14250.0	8.00	12509.57222	13421.15041	13995.09980	13181.38996	12796.34529
14250.0	8.25	12600.13460	13350.04256	14019.57854	13220.20145	12872.62232
14250.0	8.50	12725.83739	13300.47549	14038.04235	13273.30561	12978.95871
14250.0	8.75	12891.03518	13298.68625	14076.20446	13356.45388	13122.92465
14250.0	9.00	13091.05665	13353.12770	14157.92160	13474.61152	13292.25096
14250.0	9.25	13299.96275	13437.90774	14260.94029	13607.82788	13473.79507
14250.0	9.50	13466.60948	13497.08204	14324.30932	13701.11343	13618.66716
14500.0	6.50	12422.57904	13978.34456	13890.95536	13107.61174	12630.36890
14500.0	6.75	12445.21736	13926.98889	13935.12555	13145.11499	12676.22153
14500.0	7.00	12476.32242	13870.36580	13981.43920	13183.26737	12723.67495
14500.0	7.25	12515.07686	13809.38818	14029.60405	13223.73994	12774.62292
14500.0	7.50	12560.75495	13743.42535	14078.66548	13264.49959	12830.93029
14500.0	7.75	12615.03701	13674.65252	14127.67541	13305.47930	12887.79253
14500.0	8.00	12678.98808	13602.46785	14170.87097	13345.37779	12949.51574
14500.0	8.25	12760.96751	13531.49395	14204.01020	13385.19959	13021.28863
14500.0	8.50	12873.66734	13473.60023	14223.97095	13431.87850	13116.50120
14500.0	8.75	13025.02677	13453.59129	14250.58309	13502.21688	13246.12047
14500.0	9.00	13216.06805	13491.46293	14316.99775	13609.71233	13411.13005
14500.0	9.25	13430.93040	13576.42627	14422.00169	13746.58832	13598.32440
14500.0	9.50	13626.20107	13660.54031	14513.56542	13867.91835	13769.72508
14750.0	6.50	12597.18909	14148.66252	14052.70594	13263.76845	12780.79453
14750.0	6.75	12619.94153	14098.46342	14097.91505	13301.79676	12828.06015
14750.0	7.00	12651.08182	14043.03452	14145.08360	13340.64084	12875.75935
14750.0	7.25	12689.69435	13983.32026	14193.88256	13381.54856	12927.07788
14750.0	7.50	12735.00828	13918.78810	14244.14558	13422.89544	12981.87116
14750.0	7.75	12788.63021	13851.53627	14295.11410	13465.22986	13040.76408
14750.0	8.00	12850.50525	13781.57527	14343.22876	13507.47933	13104.80949
14750.0	8.25	12926.66108	13710.78819	14381.86785	13548.17289	13174.58020
14750.0	8.50	13028.16211	13648.19957	14406.92851	13592.25259	13262.24240
14750.0	8.75	13166.53111	13615.27319	14430.08437	13653.96165	13378.43644
14750.0	9.00	13345.01902	13634.90269	14481.39413	13748.38620	13532.34330
14750.0	9.25	13556.38675	13710.59123	14577.54083	13879.72003	13718.61837
14750.0	9.50	13773.63628	13811.92132	14689.79423	14021.50909	13911.23710
15000.0	6.50	12771.62212	14318.02099	14214.45097	13419.57160	12932.23492
15000.0	6.75	12794.58104	14268.93741	14259.95803	13457.95096	12979.59703
15000.0	7.00	12825.86687	14214.78873	14307.88868	13497.53264	13028.33882
15000.0	7.25	12864.57008	14156.36517	14357.43959	13538.83162	13079.40808
15000.0	7.50	12909.71762	14093.17495	14408.89090	13580.80461	13134.18991
15000.0	7.75	12962.76878	14027.30726	14461.08420	13624.23395	13193.61638
15000.0	8.00	13023.73556	13959.92598	14513.51597	13669.04268	13255.34055
15000.0	8.25	13096.05885	13890.72697	14558.53896	13712.09698	13327.36204
15000.0	8.50	13188.57089	13826.40825	14590.84617	13755.88703	13407.77808
15000.0	8.75	13314.53982	13782.85576	14613.52542	13810.18667	13516.21004
15000.0	9.00	13480.43123	13784.95158	14652.69601	13892.99473	13662.13147
15000.0	9.25	13683.92811	13846.73679	14735.09398	14014.25597	13840.16625
15000.0	9.50	13908.64739	13950.50787	14851.30135	14161.60703	14039.08358
15250.0	6.50	12947.53828	14486.46849	14377.53219	13576.31487	13087.07347
15250.0	6.75	12970.35147	14438.30733	14422.55579	13614.42772	13132.51773
15250.0	7.00	13000.34866	14385.28318	14470.68005	13654.22991	13181.02550
15250.0	7.25	13039.00327	14328.19171	14522.15129	13696.05548	13232.44195
15250.0	7.50	13084.42453	14266.92002	14574.08682	13739.22760	13287.85189
15250.0	7.75	13137.42956	14202.94888	14628.07315	13783.96127	13347.37619
15250.0	8.00	13198.22746	14137.40398	14683.32938	13830.50220	13410.27754
15250.0	8.25	13267.85604	14069.86660	14732.46402	13875.25185	13481.60373
15250.0	8.50	13355.16459	14004.53672	14770.39152	13919.51040	13558.15784
15250.0	8.75	13469.71250	13953.95433	14796.97435	13969.78635	13659.60683
15250.0	9.00	13622.63906	13941.97499	14829.79534	14043.19962	13790.80953
15250.0	9.25	13816.05313	13987.47175	14897.27774	14152.71404	13961.48981
15250.0	9.50	14039.20578	14084.75559	15007.74497	14296.45188	14160.99866
15500.0	6.50	13122.53171	14655.51939	14538.46726	13732.19221	13237.66286
15500.0	6.75	13145.59793	14608.02187	14585.19875	13770.18952	13284.29068
15500.0	7.00	13175.64101	14555.78794	14633.24184	13810.68068	13332.97098
15500.0	7.25	13214.33336	14499.59558	14684.70332	13853.07727	13382.98662
15500.0	7.50	13259.95403	14439.82102	14738.34236	13897.13563	13440.65516
15500.0	7.75	13312.99152	14377.35181	14793.69742	13942.66262	13502.16326
15500.0	8.00	13373.29906	14312.61264	14850.11061	13989.81946	13563.48813
15500.0	8.25	13441.76919	14247.18641	14904.09636	14037.46747	13633.73875
15500.0	8.50	13523.73525	14182.46354	14948.32524	14083.23975	13709.65091
15500.0	8.75	13629.48940	14128.25728	14980.95926	14132.17838	13803.46994
15500.0	9.00	13769.76625	14103.51203	15010.08582	14196.51748	13926.74319
15500.0	9.25	13951.54818	14131.62963	15063.60444	14294.20770	14085.43002
15500.0	9.50	14169.12865	14217.92566	15163.00467	14429.91639	14281.49674
15750.0	6.50	13297.76651	14824.36900	14700.70327	13888.18316	13390.22038
15750.0	6.75	13321.19267	14777.55196	14747.66979	13926.60443	13436.56223
15750.0	7.00	13351.41940	14726.25037	14796.26719	13967.00396	13486.86634
15750.0	7.25	13390.24312	14670.80469	14848.77327	14010.07819	13536.72290
15750.0	7.50	13435.77807	14612.20733	14902.34187	14054.99596	13593.25641
15750.0	7.75	13488.86727	14550.93678	14958.95486	14101.33161	13653.08310
15750.0	8.00	13549.43885	14487.85588	15017.43644	14149.68601	13717.08372
15750.0	8.25	13616.68750	14421.94641	15073.03064	14197.84177	13789.08536
15750.0	8.50	13695.41326	14359.27444	15122.50439	14245.40502	13863.85050
15750.0	8.75	13793.95589	14302.34167	15160.27924	14293.91007	13953.08883
15750.0	9.00	13923.21342	14268.58912	15190.46773	14353.83006	14065.90377
15750.0	9.25	14092.17476	14281.34231	15235.06791	14439.93198	14217.24556
15750.0	9.50	14301.08980	14353.71982	15320.75674	14565.39713	14403.25642
16000.0	6.50	13473.14296	14992.99507	14863.18421	14044.47401	13543.07224
16000.0	6.75	13497.00819	14946.77618	14909.36340	14082.89543	13587.30436
16000.0	7.00	13527.33697	14896.27147	14959.23377	14123.55230	13637.80039
16000.0	7.25	13566.35335	14841.32142	15011.89636	14166.99442	13690.20746
16000.0	7.50	13611.92391	14784.01569	15066.20131	14212.82002	13745.91288
16000.0	7.75	13665.54624	14723.89632	15123.94921	14260.04881	13806.14899
16000.0	8.00	13725.31684	14661.58651	15183.03876	14308.17834	13871.33174
16000.0	8.25	13792.62323	14596.64518	15241.11351	14358.30014	13943.67725
16000.0	8.50	13869.90227	14536.80681	15296.44202	14408.73827	14016.95130
16000.0	8.75	13962.86198	14479.05336	15340.24369	14458.06209	14102.66391
16000.0	9.00	14081.84382	14438.58124	15374.05896	14514.52430	14208.84492
16000.0	9.25	14239.01391	14436.75083	15411.63903	14590.85122	14350.57815
16000.0	9.50	14436.47086	14493.14708	15483.13284	14704.35426	14524.21164
16250.0	6.50	13648.93300	15161.73339	15025.73286	14201.02313	13697.39180
16250.0	6.75	13673.03803	15115.95566	15073.19808	14239.81070	13741.64890
16250.0	7.00	13703.80784	15066.19784	15122.51651	14280.68894	13788.82494
16250.0	7.25	13743.01692	15012.07385	15175.70321	14324.58957	13842.09553
16250.0	7.50	13790.30760	14955.14197	15231.07414	14370.73606	13901.56472
16250.0	7.75	13843.77852	14896.42625	15289.31901	14418.54596	13959.82394
16250.0	8.00	13904.25493	14835.85532	15350.45892	14468.83189	14024.77232
16250.0	8.25	13970.26617	14772.27006	15409.08136	14518.69711	14097.85841
16250.0	8.50	14045.44174	14712.62085	15467.56064	14570.66681	14172.92636
16250.0	8.75	14134.22913	14654.32105	15516.31710	14620.81594	14254.57337
16250.0	9.00	14245.40365	14609.20599	15554.51492	14675.55690	14354.93693
16250.0	9.25	14390.08311	14595.89189	15589.85192	14745.14409	14485.50503
16250.0	9.50	14576.45708	14637.37480	15649.72312	14847.44856	14654.71395
16500.0	6.50	13824.91465	15330.50452	15188.51203	14358.17982	13848.40944
16500.0	6.75	13849.32593	15285.06465	15236.54487	14396.85225	13894.77931
16500.0	7.00	13880.90254	15235.78789	15286.84840	14438.27356	13943.49972
16500.0	7.25	13921.38690	15182.54894	15339.38029	14482.23757	13995.89001
16500.0	7.50	13967.54434	15126.04457	15395.69016	14528.52950	14052.88760
16500.0	7.75	14021.31159	15068.46753	15454.56594	14577.06633	14115.76165
16500.0	8.00	14080.98174	15008.71859	15515.90454	14627.69115	14179.78835
16500.0	8.25	14147.64354	14947.75337	15576.65812	14679.09305	14249.98323
16500.0	8.50	14223.06722	14888.48952	15638.07579	14733.37537	14326.89438
16500.0	8.75	14309.21237	14830.93779	15691.75169	14784.79703	14408.92366
16500.0	9.00	14414.24558	14783.57814	15736.58249	14839.81453	14504.95656
16500.0	9.25	14548.05651	14760.61664	15772.52674	14904.33286	14627.00075
16500.0	9.50	14722.57907	14787.23547	15822.25152	14996.04171	14783.98331
16750.0	6.50	14001.40346	15499.30397	15351.64226	14515.29780	14003.45938
16750.0	6.75	14026.36193	15454.35335	15399.71337	14554.12186	14048.09954
16750.0	7.00	14059.37597	15405.62160	15450.46974	14595.73204	14096.83994
16750.0	7.25	14098.92102	15353.13311	15503.53604	14640.04444	14147.83797
16750.0	7.50	14145.40022	15297.51141	15560.54839	14687.19107	14206.66325
16750.0	7.75	14199.37904	15240.23179	15619.94937	14736.04952	14269.61025
16750.0	8.00	14259.34901	15181.58223	15682.27159	14787.41108	14334.15541
16750.0	8.25	14326.33966	15122.09940	15744.98719	14840.15241	14404.98057
16750.0	8.50	14401.08832	15063.82482	15807.99341	14895.06524	14481.93972
16750.0	8.75	14485.84512	15007.27679	15865.41112	14947.85980	14566.18370
16750.0	9.00	14585.29230	14956.73821	15914.66274	15002.75963	14656.02963
16750.0	9.25	14713.50293	14930.25205	15956.01169	15067.26307	14774.03074
16750.0	9.50	14872.72770	14939.59474	15996.26763	15146.09004	14921.23136
17000.0	6.50	14178.12979	15668.06831	15514.88214	14672.68519	14156.77840
17000.0	6.75	14203.83144	15623.66917	15563.23639	14711.71198	14201.78053
17000.0	7.00	14237.05955	15575.36859	15613.35391	14753.34346	14248.76246
17000.0	7.25	14276.81298	15523.55864	15668.65096	14798.36311	14303.19067
17000.0	7.50	14323.48578	15468.86083	15725.26705	14845.81143	14362.28744
17000.0	7.75	14378.00905	15412.00800	15785.60569	14895.45964	14423.64363
17000.0	8.00	14438.13032	15354.31519	15848.83715	14947.28128	14490.63671
17000.0	8.25	14505.01048	15296.26119	15913.15492	15001.21386	14560.80728
17000.0	8.50	14580.41629	15239.09547	15977.43367	15056.94105	14637.86303
17000.0	8.75	14665.39016	15184.18122	16038.72065	15112.36653	14721.05641
17000.0	9.00	14760.77918	15132.67049	16092.68767	15167.57931	14810.47065
17000.0	9.25	14884.12569	15104.03716	16141.84725	15233.28179	14924.65545
17000.0	9.50	15029.28121	15098.05219	16175.68537	15301.51089	15059.85665
17250.0	6.50	14355.74686	15838.10086	15679.43422	14831.28119	14309.22459
17250.0	6.75	14381.96833	15794.06061	15727.23265	14870.31152	14354.47259
17250.0	7.00	14415.63700	15746.23650	15779.42084	14912.43917	14405.00604
17250.0	7.25	14455.71803	15694.82741	15833.31468	14957.51920	14456.21577
17250.0	7.50	14502.85136	15640.63510	15891.29327	15005.60734	14517.48511
17250.0	7.75	14557.62144	15584.43443	15952.06834	15055.55443	14578.89269
17250.0	8.00	14617.84214	15527.72842	16016.11282	15108.10017	14644.41173
17250.0	8.25	14685.07039	15470.58695	16081.51296	15162.83254	14718.11440
17250.0	8.50	14760.40475	15414.37033	16147.10307	15219.41294	14794.08090
17250.0	8.75	14844.06813	15359.91226	16210.49388	15275.03673	14879.00626
17250.0	9.00	14935.61784	15306.99299	16267.01747	15329.86223	14963.17756
17250.0	9.25	15050.55274	15272.14174	16317.15054	15391.59387	15072.29781
17250.0	9.50	15191.39852	15257.87345	16343.03409	15457.83973	15208.03087
17500.0	6.50	14533.71350	16008.24373	15844.04697	14989.85546	14465.99646
17500.0	6.75	14560.52596	15964.55724	15893.17735	15029.49014	14511.13312
17500.0	7.00	14594.54475	15916.98768	15944.70029	15071.57691	14559.82664
17500.0	7.25	14635.32388	15866.27214	15999.99690	15117.34969	14613.11270
17500.0	7.50	14682.17808	15812.61733	16057.63672	15165.62423	14670.80574
17500.0	7.75	14737.25067	15757.06760	16118.92346	15216.05276	14734.61334
17500.0	8.00	14798.16575	15701.12102	16183.58795	15269.11677	14800.31543
17500.0	8.25	14865.72765	15644.88062	16249.84673	15324.49745	14874.48427
17500.0	8.50	14941.48965	15589.76484	16317.15772	15382.54183	14951.62814
17500.0	8.75	15025.32823	15535.72826	16382.33886	15438.87624	15033.43271
17500.0	9.00	15114.21346	15482.30197	16441.36034	15493.27230	15117.91488
17500.0	9.25	15223.07287	15443.42879	16493.39112	15552.82262	15220.25405
17500.0	9.50	15360.34870	15422.14975	16513.58558	15618.11348	15357.31653
17750.0	6.50	14712.09360	16178.55983	16008.98661	15148.53905	14619.98227
17750.0	6.75	14739.47342	16135.22381	16057.51696	15188.56549	14664.40371
17750.0	7.00	14774.12738	16088.11262	16110.47853	15231.22535	14715.23439
17750.0	7.25	14814.70152	16037.69517	16166.02581	15277.17872	14768.57414
17750.0	7.50	14862.56125	15984.81629	16224.26621	15325.96396	14826.62431
17750.0	7.75	14917.79045	15929.76293	16285.90562	15376.93681	14891.59472
17750.0	8.00	14979.02550	15874.61689	16351.26723	15430.30080	14956.40997
17750.0	8.25	15047.20636	15819.17710	16418.58941	15486.58473	15031.46699
17750.0	8.50	15124.19972	15765.06426	16486.70267	15544.93161	15110.29296
17750.0	8.75	15207.28640	15712.06449	16554.21164	15602.92761	15191.02929
17750.0	9.00	15294.69435	15658.95152	16615.75543	15657.82370	15274.58595
17750.0	9.25	15398.72173	15617.18884	16670.27450	15715.96044	15375.20635
17750.0	9.50	15534.34557	15591.31944	16686.16098	15781.88290	15514.58347
18000.0	6.50	14891.05618	16349.22392	16174.29980	15307.73356	14775.28690
18000.0	6.75	14919.03042	16306.24484	16223.54056	15348.33184	14822.30975
18000.0	7.00	14953.90320	16259.58987	16276.72990	15391.28705	14871.09919
18000.0	7.25	14995.23823	16209.58085	16331.69543	15437.29954	14922.69579
18000.0	7.50	15043.49277	16157.16758	16391.96323	15486.54336	14983.22765
18000.0	7.75	15098.93252	16102.72720	16453.37014	15537.98011	15047.87400
18000.0	8.00	15160.57773	16048.26199	16519.54431	15592.03199	15113.11792
18000.0	8.25	15229.16607	15993.64121	16587.59332	15648.87450	15186.97946
18000.0	8.50	15306.75915	15940.59029	16656.81295	15708.13195	15267.46354
18000.0	8.75	15390.23441	15888.67112	16726.05819	15767.07141	15351.67561
18000.0	9.00	15477.33122	15836.53538	16790.18369	15822.97961	15435.14450
18000.0	9.25	15577.95339	15793.05685	16847.55773	15881.18198	15529.66682
18000.0	9.50	15713.09145	15764.02633	16859.94730	15948.36641	15678.13596
18250.0	6.50	15070.53193	16520.23946	16340.39437	15467.50114	14926.01319
18250.0	6.75	15099.06880	16477.54306	16389.67699	15508.50162	14976.09944
18250.0	7.00	15134.52585	16431.33235	16443.38463	15551.70958	15027.23056
18250.0	7.25	15176.46930	16381.78446	16499.78682	15598.39463	15081.03580
18250.0	7.50	15224.76566	16329.72169	16558.45903	15647.36166	15137.94570
18250.0	7.75	15280.77712	16275.93268	16621.38772	15699.59621	15204.92270
18250.0	8.00	15342.66552	16222.09750	16688.13435	15754.10015	15270.17548
18250.0	8.25	15412.49687	16168.15947	16757.02202	15811.64556	15345.99910
18250.0	8.50	15490.12541	16116.40421	16827.45179	15871.89285	15425.69856
18250.0	8.75	15574.33691	16065.85619	16898.23594	15932.20172	15508.17396
18250.0	9.00	15661.72808	16014.79571	16964.62314	15989.56338	15592.56288
18250.0	9.25	15759.35158	15970.82378	17025.14440	16047.56661	15689.28167
18250.0	9.50	15895.57832	15940.20369	17035.22296	16117.64892	15841.04332
18500.0	6.50	15250.44390	16691.50763	16505.81948	15627.46286	15085.20492
18500.0	6.75	15279.58578	16649.06349	16556.17915	15668.70891	15134.44613
18500.0	7.00	15315.62955	16603.37841	16609.48783	15712.39859	15181.99721
18500.0	7.25	15358.18018	16554.25742	16666.37195	15759.50017	15235.96384
18500.0	7.50	15406.99929	16502.70724	16726.54092	15809.09419	15295.16644
18500.0	7.75	15464.13400	16449.41193	16789.97767	15861.72689	15362.31880
18500.0	8.00	15526.14062	16396.07744	16857.15309	15916.63165	15427.68568
18500.0	8.25	15595.92624	16343.27017	16927.00923	15974.97794	15504.15965
18500.0	8.50	15674.19417	16292.64326	16998.31700	16035.95781	15584.36762
18500.0	8.75	15759.21605	16243.26098	17070.66411	16097.47200	15667.71018
18500.0	9.00	15846.56863	16193.69722	17139.28472	16156.60230	15753.30237
18500.0	9.25	15944.40618	16149.98049	17202.69347	16215.42200	15847.30789
18500.0	9.50	16083.79789	16119.66531	17211.25726	16289.55555	16011.59521
18750.0	6.50	15431.05494	16863.31210	16672.61550	15787.68582	15244.27301
18750.0	6.75	15460.83527	16821.20589	16723.69663	15829.80031	15285.40585
18750.0	7.00	15497.44083	16775.79435	16778.11200	15874.00673	15340.95205
18750.0	7.25	15541.28850	16727.00730	16834.37734	15921.24539	15393.29623
18750.0	7.50	15590.58244	16675.88619	16894.99107	15971.20413	15452.79540
18750.0	7.75	15647.40081	16623.39064	16959.03533	16024.28243	15518.04122
18750.0	8.00	15709.82821	16570.69873	17027.00456	16079.89191	15586.01331
18750.0	8.25	15780.08736	16518.64315	17097.47383	16138.74268	15661.14510
18750.0	8.50	15858.88440	16468.94788	17169.55956	16200.44584	15741.73885
18750.0	8.75	15943.82455	16420.90737	17243.39672	16263.11353	15827.78702
18750.0	9.00	16033.91506	16373.25686	17314.34056	16324.22442	15915.01285
18750.0	9.25	16132.02224	16330.65200	17380.70624	16384.45212	16011.83741
18750.0	9.50	16276.02756	16301.92437	17387.71260	16463.69043	16183.96822
19000.0	6.50	15613.07788	17035.46348	16840.26260	15948.91622	15395.38036
19000.0	6.75	15643.47268	16993.60906	16890.87698	15990.98755	15447.66602
19000.0	7.00	15680.59397	16948.56007	16946.12248	16035.73296	15498.51415
19000.0	7.25	15724.33432	16900.33797	17003.94048	16083.68427	15553.18296
19000.0	7.50	15774.26019	16849.84559	17064.22439	16134.02952	15611.14046
19000.0	7.75	15831.47142	16797.93520	17128.78075	16187.52999	15676.70271
19000.0	8.00	15894.20043	16745.71629	17197.25830	16243.56225	15744.80031
19000.0	8.25	15964.91315	16694.44374	17268.46620	16303.04611	15822.07920
19000.0	8.50	16043.41791	16645.72537	17341.55746	16365.62311	15901.59519
19000.0	8.75	16130.39242	16599.01291	17416.75244	16429.39991	15988.50230
19000.0	9.00	16222.16062	16553.29144	17489.64190	16491.88186	16079.73864
19000.0	9.25	16321.66087	16512.34999	17559.17127	16554.65950	16175.58464
19000.0	9.50	16471.99500	16486.48090	17564.43571	16639.90937	16359.68006
19250.0	6.50	15794.89042	17208.10809	17007.55598	16110.46288	15555.11228
19250.0	6.75	15825.88369	17166.51623	17058.76605	16152.69505	15605.26377
19250.0	7.00	15863.67294	17121.90672	17113.68327	16197.87643	15654.70786
19250.0	7.25	15908.11850	17074.18094	17173.08305	16246.49803	15711.58266
19250.0	7.50	15958.51877	17024.08371	17233.87080	16297.31026	15769.86832
19250.0	7.75	16016.15897	16972.77291	17298.99569	16351.24728	15835.80754
19250.0	8.00	16079.27412	16921.34669	17368.09891	16407.73975	15906.23910
19250.0	8.25	16150.30278	16870.42117	17439.85255	16467.72665	15981.63037
19250.0	8.50	16229.82971	16822.83293	17514.05815	16531.32870	16061.99689
19250.0	8.75	16317.70871	16777.49719	17590.44453	16595.96215	16152.30844
19250.0	9.00	16411.56390	16733.84003	17665.49371	16660.94916	16240.42121
19250.0	9.25	16512.86179	16695.00327	17738.05394	16725.69337	16340.42714
19250.0	9.50	16671.54273	16673.12149	17741.54884	16818.25679	16540.79014
19500.0	6.50	15977.48647	17381.35263	17175.20488	16272.00119	15712.51144
19500.0	6.75	16009.25414	17340.20591	17227.44511	16315.13965	15763.55214
19500.0	7.00	16047.56507	17295.88927	17282.90317	16360.79034	15813.25849
19500.0	7.25	16092.69012	17248.56105	17341.78822	16409.65997	15868.56319
19500.0	7.50	16143.60265	17198.99109	17405.18065	16461.28341	15930.95701
19500.0	7.75	16201.69682	17148.36222	17469.74925	16515.59909	15998.05245
19500.0	8.00	16265.33687	17097.44314	17539.73105	16572.90152	16064.06457
19500.0	8.25	16336.89893	17047.24102	17612.11941	16633.30499	16142.10641
19500.0	8.50	16417.06383	17000.50618	17687.19512	16697.67803	16224.85711
19500.0	8.75	16506.01006	16956.48885	17764.76093	16763.33362	16311.76850
19500.0	9.00	16601.84078	16914.95211	17841.72788	16829.84250	16406.65439
19500.0	9.25	16705.39894	16878.46100	17917.19082	16897.47272	16504.07198
19500.0	9.50	16874.03691	16861.73539	17919.42739	16998.44489	16719.76461
19750.0	6.50	16160.92587	17555.34858	17344.05708	16434.29253	15875.23318
19750.0	6.75	16193.23279	17514.34432	17396.64954	16478.09889	15922.29874
19750.0	7.00	16232.16047	17470.46414	17453.67953	16524.42937	15974.35979
19750.0	7.25	16278.00825	17423.68707	17513.16401	16573.86515	16030.11481
19750.0	7.50	16329.49126	17374.58561	17576.15405	16625.81748	16091.00075
19750.0	7.75	16388.16357	17324.46773	17641.41201	16680.64831	16155.90435
19750.0	8.00	16452.24014	17274.14281	17711.90768	16738.30876	16227.15767
19750.0	8.25	16524.51789	17224.68631	17786.13144	16799.83517	16302.46807
19750.0	8.50	16605.25576	17178.80689	17860.86163	16864.60286	16384.72524
19750.0	8.75	16695.13609	17135.98130	17939.64576	16931.27815	16476.87324
19750.0	9.00	16793.27023	17096.76190	18018.70958	16999.83156	16571.29740
19750.0	9.25	16899.35953	17062.74979	18096.96354	17069.94134	16671.04400
19750.0	9.50	17078.88912	17051.77747	18097.55954	17179.59416	16902.98057
20000.0	6.50	16345.07494	17729.81313	17513.51367	16597.96305	16033.46450
20000.0	6.75	16377.95868	17689.09136	17566.36023	16641.89102	16082.82639
20000.0	7.00	16417.89389	17645.88272	17623.22809	16688.58918	16132.34338
20000.0	7.25	16464.43989	17599.50332	17684.28578	16738.64037	16190.60092
20000.0	7.50	16516.50157	17550.91630	17747.95046	16791.15932	16251.85086
20000.0	7.75	16575.46241	17501.33291	17814.43658	16846.18209	16317.82298
20000.0	8.00	16640.10681	17451.60557	17884.78148	16904.76137	16386.19082
20000.0	8.25	16713.28423	17403.01303	17959.90651	16966.92788	16464.54022
20000.0	8.50	16794.51952	17357.88614	18035.38521	17032.34266	16547.30628
20000.0	8.75	16885.25102	17316.28366	18115.17486	17099.88674	16640.24654
20000.0	9.00	16985.51464	17279.13860	18195.93965	17170.42728	16734.01714
20000.0	9.25	17094.54298	17247.62986	18277.39309	17243.10754	16838.86803
20000.0	9.50	17286.03953	17243.59984	18276.50357	17362.10070	17090.67841
21000.0	6.50	17093.65142	18443.18655	18205.79527	17264.80106	16680.76456
21000.0	6.75	17129.06676	18403.25084	18260.57612	17309.89875	16733.06872
21000.0	7.00	17172.88534	18361.22355	18320.07153	17358.71155	16786.05361
21000.0	7.25	17222.59018	18316.67110	18382.34154	17410.82710	16842.48941
21000.0	7.50	17277.77647	18270.08139	18449.87658	17465.68144	16907.92298
21000.0	7.75	17339.57118	18222.56987	18518.07086	17522.81144	16973.44116
21000.0	8.00	17407.23079	18175.28114	18591.83709	17583.74680	17044.59553
21000.0	8.25	17483.41315	18129.42957	18668.72495	17648.26684	17125.36314
21000.0	8.50	17567.42551	18086.79789	18748.60241	17715.68269	17211.25834
21000.0	8.75	17661.16423	18048.24151	18831.91953	17786.06319	17306.40978
21000.0	9.00	17765.04223	18014.80075	18917.02991	17859.68768	17402.81443
21000.0	9.25	17878.45806	17988.79138	19003.68734	17936.53414	17511.07858
21000.0	9.50	18065.20993	17987.58831	19021.58251	18053.51968	17745.60166
22000.0	6.50	17860.63135	19172.16071	18913.47706	17946.21188	17343.23679
22000.0	6.75	17898.60831	19132.77210	18969.69998	17993.04663	17393.99042
22000.0	7.00	17945.52069	19092.12841	19031.85741	18043.36579	17451.92753
22000.0	7.25	17998.63035	19049.61631	19097.17601	18097.95394	17512.56284
22000.0	7.50	18057.29026	19005.32014	19166.40797	18155.03675	17576.20071
22000.0	7.75	18122.46504	18960.37819	19240.41655	18215.38107	17648.73184
22000.0	8.00	18193.70209	18915.65050	19316.82254	18278.73458	17722.63849
22000.0	8.25	18273.23667	18872.77180	19396.19343	18345.74387	17802.89418
22000.0	8.50	18360.93891	18833.17786	19479.64724	18415.79413	17894.45692
22000.0	8.75	18458.17088	18797.91306	19566.42949	18488.98442	17986.53254
22000.0	9.00	18566.02324	18767.83015	19655.88322	18565.58202	18087.59482
22000.0	9.25	18683.87041	18746.60553	19747.51882	18646.64447	18197.57197
22000.0	9.50	18863.55545	18747.02277	19784.46554	18759.61420	18410.91255
23000.0	6.50	18648.75503	19920.72191	19639.90414	18644.76596	18020.25363
23000.0	6.75	18689.46592	19881.99751	19697.97233	18693.35853	18072.51648
23000.0	7.00	18739.66377	19842.79402	19762.31379	18746.02205	18135.30341
23000.0	7.25	18796.55283	19802.39201	19830.82301	18803.08299	18197.41951
23000.0	7.50	18859.15867	19760.55306	19903.84434	18863.44396	18267.35471
23000.0	7.75	18928.36986	19718.66601	19980.65302	18926.66894	18342.42449
23000.0	8.00	19004.03871	19677.14331	20061.26831	18993.05395	18416.61305
23000.0	8.25	19088.01751	19637.84462	20145.00762	19063.61177	18500.06269
23000.0	8.50	19179.85067	19601.62416	20232.17234	19136.36705	18589.28312
23000.0	8.75	19281.19349	19570.54283	20323.18810	19212.89315	18687.38388
23000.0	9.00	19393.61365	19544.28590	20416.90095	19292.74252	18794.16308
23000.0	9.25	19516.17658	19528.16367	20512.74618	19377.29573	18909.69913
23000.0	9.50	19686.69910	19529.35495	20571.45356	19485.42572	19100.15707
24000.0	6.50	19463.80474	20694.41305	20390.33384	19366.32960	18719.56435
24000.0	6.75	19507.39106	20656.41640	20449.52383	19415.78770	18778.17659
24000.0	7.00	19561.02571	20618.50226	20516.25540	19470.78823	18834.70216
24000.0	7.25	19620.91688	20580.70477	20588.48439	19531.19306	18905.50143
24000.0	7.50	19688.07627	20541.81464	20665.92116	19594.46494	18975.57249
24000.0	7.75	19761.87895	20503.38564	20747.08906	19661.93595	19053.91914
24000.0	8.00	19842.91315	20465.88771	20832.16790	19731.90373	19132.02774
24000.0	8.25	19932.21817	20430.82530	20920.94926	19806.44230	19222.36891
24000.0	8.50	20029.96181	20399.03904	21013.16389	19883.63866	19314.66436
24000.0	8.75	20137.36180	20372.20763	21109.69849	19964.26983	19420.64925
24000.0	9.00	20255.29924	20350.36513	21207.17116	20047.45959	19522.59034
24000.0	9.25	20383.54005	20340.02552	21307.92569	20136.21444	19650.20604
24000.0	9.50	20544.37993	20342.34846	21389.91739	20238.21217	19811.21417
25000.0	6.50	20313.07581	21499.95742	21169.46121	20115.66672	19446.56511
25000.0	6.75	20359.80794	21462.79202	21231.34944	20167.29660	19506.51520
25000.0	7.00	20416.27240	21426.18512	21301.27314	20224.29629	19569.29660
25000.0	7.25	20482.23845	21391.36657	21377.18558	20288.23631	19638.29922
25000.0	7.50	20554.50346	21355.79802	21459.07761	20355.60832	19713.94464
25000.0	7.75	20633.80888	21321.76461	21545.49242	20427.74862	19796.73026
25000.0	8.00	20721.01631	21288.83251	21635.51160	20502.38609	19881.50379
25000.0	8.25	20817.30694	21259.32339	21730.16610	20581.87990	19973.32723
25000.0	8.50	20921.67835	21233.01679	21827.54779	20663.53752	20072.42387
25000.0	8.75	21035.28034	21211.62266	21929.36770	20749.32413	20184.17337
25000.0	9.00	21160.14671	21195.25421	22032.76506	20837.32446	20296.41571
25000.0	9.25	21295.08808	21191.68464	22140.11284	20931.46093	20420.31321
25000.0	9.50	21442.73298	21195.09938	22248.36100	21026.83907	20552.42396
26000.0	6.50	21230.98252	22371.20152	22014.83306	20925.25058	20234.27527
26000.0	6.75	21277.41845	22331.91345	22074.50769	20975.41765	20285.97082
26000.0	7.00	21332.94346	22293.18270	22143.46990	21031.53209	20354.30348
26000.0	7.25	21397.49408	22255.92420	22218.34066	21093.98878	20422.17297
26000.0	7.50	21469.18363	22217.83280	22298.49216	21159.97719	20497.85111
26000.0	7.75	21546.98360	22181.18987	22383.08473	21229.56604	20577.38208
26000.0	8.00	21632.83655	22145.65280	22471.35115	21302.13000	20662.00019
26000.0	8.25	21727.78701	22113.29386	22562.73042	21378.63680	20747.98216
26000.0	8.50	21829.59100	22084.36852	22657.85955	21457.24439	20846.25358
26000.0	8.75	21942.65589	22061.10459	22757.63129	21540.31888	20955.38013
26000.0	9.00	22065.84100	22042.93773	22859.19630	21625.67793	21068.69538
26000.0	9.25	22198.82878	22037.38754	22964.61546	21717.36447	21186.42401
26000.0	9.50	22342.94691	22038.97608	23070.50442	21809.57867	21319.00463
27000.0	6.50	22187.14285	23271.92471	22888.14596	21765.84742	21050.51198
27000.0	6.75	22236.50026	23233.95366	22950.66502	21817.97356	21107.51760
27000.0	7.00	22296.36412	23197.68289	23021.89925	21876.71628	21179.09767
27000.0	7.25	22366.07681	23163.88955	23100.82263	21942.84460	21252.07418
27000.0	7.50	22444.56345	23130.83140	23186.57236	22013.51471	21330.37990
27000.0	7.75	22529.50478	23099.88815	23276.64865	22089.07272	21417.54110
27000.0	8.00	22623.43032	23070.62292	23371.11464	22167.36353	21509.15874
27000.0	8.25	22725.48656	23045.19203	23469.37830	22249.95987	21604.59582
27000.0	8.50	22836.37762	23024.01724	23570.55376	22334.88645	21705.14474
27000.0	8.75	22956.60724	23007.99798	23677.00955	22423.94547	21813.07021
27000.0	9.00	23087.75948	22997.68720	23783.82714	22515.36680	21939.23227
27000.0	9.25	23228.01319	22999.58426	23895.27615	22612.41669	22068.65240
27000.0	9.50	23378.73984	23009.88659	24006.13096	22710.15322	22198.67028
28000.0	6.50	23217.73242	24236.18096	23825.85151	22669.77053	21939.73234
28000.0	6.75	23268.98587	24198.78102	23888.86802	22722.99627	21997.29652
28000.0	7.00	23332.67709	24164.63490	23961.66959	22784.92351	22061.02364
28000.0	7.25	23407.06704	24134.44177	24044.67552	22854.32187	22144.48740
28000.0	7.50	23490.27088	24105.81894	24134.62550	22929.93998	22229.81148
28000.0	7.75	23582.14896	24080.67768	24229.94099	23010.50209	22321.68497
28000.0	8.00	23683.54159	24058.24462	24330.41579	23094.28580	22418.95495
28000.0	8.25	23793.52282	24040.33620	24434.52085	23183.54818	22528.09192
28000.0	8.50	23911.97538	24027.15450	24541.56126	23274.51839	22629.41594
28000.0	8.75	24040.15374	24018.97500	24652.84749	23370.03815	22750.83613
28000.0	9.00	24178.29859	24016.89364	24766.23801	23467.08604	22877.70588
28000.0	9.25	24324.87143	24026.25823	24881.48323	23569.54927	23008.32753
28000.0	9.50	24478.41225	24044.92831	24996.21996	23671.58211	23148.22690
29000.0	6.50	24330.58843	25269.40556	24831.38391	23648.45959	22899.10897
29000.0	6.75	24381.22294	25231.03079	24894.16576	23700.43314	22954.33384
29000.0	7.00	24446.56145	25197.73399	24968.65423	23764.29184	23025.03406
29000.0	7.25	24523.30905	25169.34625	25051.97298	23835.00427	23106.62980
29000.0	7.50	24609.92446	25143.89810	25144.03378	23912.98640	23194.46518
29000.0	7.75	24706.13734	25123.48699	25242.71309	23996.71545	23295.78021
29000.0	8.00	24812.41072	25106.36660	25346.56617	24084.55987	23398.18658
29000.0	8.25	24927.11919	25094.01019	25453.91039	24177.95097	23509.60166
29000.0	8.50	25050.05286	25087.40104	25564.50541	24272.47935	23623.83789
29000.0	8.75	25180.33323	25085.18570	25677.49417	24371.20682	23750.19343
29000.0	9.00	25321.44951	25089.10514	25793.35836	24471.39324	23874.83879
29000.0	9.25	25472.44670	25103.37787	25909.40099	24575.79405	24007.75268
29000.0	9.50	25626.07933	25127.51095	26024.27872	24678.81789	24149.22593
30000.0	6.50	25515.98074	26361.66465	25900.39933	24695.46650	23939.69030
30000.0	6.75	25562.21127	26319.78539	25957.02383	24741.59788	23987.82136
30000.0	7.00	25624.85675	26284.37422	26029.33332	24803.59807	24062.65001
30000.0	7.25	25699.35724	26254.93732	26110.86942	24872.35473	24135.07357
30000.0	7.50	25784.68194	26229.64538	26200.45031	24948.32220	24230.24374
30000.0	7.75	25877.53962	26210.23638	26297.35229	25031.40437	24325.49172
30000.0	8.00	25983.24604	26194.41030	26399.94608	25119.05624	24429.33544
30000.0	8.25	26097.06912	26184.15970	26505.85846	25211.42128	24539.14427
30000.0	8.50	26218.39927	26179.64804	26614.84763	25305.36428	24655.11936
30000.0	8.75	26349.20821	26178.89540	26725.04899	25402.73084	24780.26429
30000.0	9.00	26486.68394	26184.22746	26838.17801	25500.74230	24900.90115
30000.0	9.25	26630.94500	26198.37539	26949.58777	25601.55390	25039.62546
30000.0	9.50	26780.90299	26222.81970	27059.54826	25700.11523	25174.91062
32000.0	6.50	27905.99403	28569.44405	28066.81156	26836.41534	26076.53418
32000.0	6.75	27934.68158	28513.45847	28107.53954	26865.95917	26117.23277
32000.0	7.00	27980.16686	28465.64654	28161.25240	26910.37232	26163.70369
32000.0	7.25	28038.54252	28425.27897	28227.12857	26964.69339	26229.29672
32000.0	7.50	28108.76353	28390.00651	28304.08064	27028.44887	26301.38080
32000.0	7.75	28189.43355	28361.72546	28385.12580	27097.57358	26389.04503
32000.0	8.00	28280.02243	28338.10328	28472.90467	27171.61249	26479.15022
32000.0	8.25	28378.75408	28320.03502	28564.52470	27249.66002	26580.46708
32000.0	8.50	28484.72410	28307.36421	28659.61111	27330.02710	26679.91645
32000.0	8.75	28601.29885	28298.47674	28752.78088	27412.53089	26782.78106
32000.0	9.00	28721.30876	28295.49704	28849.56913	27495.94698	26900.32238
32000.0	9.25	28845.90478	28299.59963	28944.04586	27581.04584	27010.58508
32000.0	9.50	28975.22697	28312.68521	29036.16801	27662.36186	27129.30262
34000.0	6.50	30106.96691	30611.41264	30075.84245	28832.09560	28087.93832
34000.0	6.75	30113.90124	30537.98647	30096.62207	28840.97485	28103.04995
34000.0	7.00	30136.09843	30473.07670	30127.62802	28862.62980	28131.40725
34000.0	7.25	30170.72194	30415.91310	30173.06388	28897.06831	28170.08695
34000.0	7.50	30218.20471	30364.41427	30228.07239	28938.75191	28230.81300
34000.0	7.75	30279.73258	30320.65319	30286.64648	28986.32143	28293.49264
34000.0	8.00	30347.62344	30282.14990	30353.10103	29040.52004	28357.02736
34000.0	8.25	30423.93147	30249.32034	30424.24185	29098.29616	28431.57789
34000.0	8.50	30501.49146	30222.02459	30496.22646	29159.16651	28511.74748
34000.0	8.75	30591.51003	30198.86425	30573.34346	29221.31181	28601.40319
34000.0	9.00	30689.01829	30182.13831	30648.76287	29285.02549	28691.53758
34000.0	9.25	30790.04605	30171.04752	30720.34451	29348.99563	28782.17877
34000.0	9.50	30896.18988	30169.15283	30792.86880	29410.63163	28883.58228
35000.0	6.50	31104.03792	31538.77097	30990.76599	29740.67774	29010.12341
35000.0	6.75	31099.82386	31456.57554	30998.94248	29738.53732	29008.64853
35000.0	7.00	31110.99885	31382.96298	31019.51659	29749.72570	29024.74218
35000.0	7.25	31127.30606	31318.67754	31053.54313	29772.87075	29054.94773
35000.0	7.50	31163.96758	31259.36219	31099.06470	29805.91158	29096.89287
35000.0	7.75	31211.49359	31208.05413	31147.37259	29842.90917	29147.28025
35000.0	8.00	31268.63422	31162.42424	31204.37948	29886.68085	29215.67301
35000.0	8.25	31334.45716	31122.71842	31265.90788	29935.59367	29274.05665
35000.0	8.50	31408.67624	31087.88142	31327.81783	29987.38297	29344.32250
35000.0	8.75	31487.86502	31058.12233	31393.91203	30040.61221	29419.63783
35000.0	9.00	31575.38667	31035.18902	31461.74879	30095.00647	29504.18286
35000.0	9.25	31666.10573	31017.12037	31524.18619	30149.49221	29590.44196
35000.0	9.50	31761.99819	31008.61126	31587.88782	30202.39763	29670.94207
36000.0	6.50	32051.34952	32435.81756	31871.19380	30612.30549	29884.91599
36000.0	6.75	32037.32270	32345.60684	31868.07250	30600.02899	29872.66277
36000.0	7.00	32038.78276	32264.54393	31880.85128	30602.76904	29879.43969
36000.0	7.25	32051.99166	32190.88692	31907.45384	30616.54930	29909.18047
36000.0	7.50	32078.87359	32124.07461	31940.50733	30639.54331	29931.39845
36000.0	7.75	32116.39375	32064.45873	31979.48580	30667.38677	29977.51673
36000.0	8.00	32164.11412	32011.67572	32027.35494	30702.37658	30032.49872
36000.0	8.25	32220.25909	31964.56276	32079.57915	30741.74406	30086.97117
36000.0	8.50	32284.88060	31922.70893	32132.78099	30784.53173	30148.36530
36000.0	8.75	32354.87000	31885.98546	32189.94039	30829.27928	30214.33544
36000.0	9.00	32432.91342	31855.89884	32246.47359	30875.32152	30278.60267
36000.0	9.25	32514.15858	31831.79500	32305.17657	30922.06076	30359.67989
36000.0	9.50	32600.68065	31816.81207	32358.01902	30966.35235	30438.77779
38000.0	6.50	33789.88931	34077.46689	33480.28019	32208.73535	31482.30405
38000.0	6.75	33758.80733	33973.48220	33462.05108	32179.06277	31457.15954
38000.0	7.00	33742.10893	33876.96587	33457.96276	32165.28615	31446.37472
38000.0	7.25	33738.73106	33789.38941	33464.32066	32161.76302	31450.47578
38000.0	7.50	33748.04048	33709.03778	33482.35302	32167.58750	31464.44368
38000.0	7.75	33768.40494	33635.00697	33506.89122	32180.78537	31488.99795
38000.0	8.00	33799.48852	33569.50145	33537.64303	32200.15018	31520.87252
38000.0	8.25	33839.22569	33509.42860	33573.13686	32223.55037	31569.31277
38000.0	8.50	33887.21421	33455.37432	33611.21418	32251.53413	31608.71388
38000.0	8.75	33941.70620	33406.87016	33653.09765	32280.55026	31664.71107
38000.0	9.00	34003.65284	33364.34054	33695.42045	32313.17939	31713.66512
38000.0	9.25	34068.98100	33330.54141	33737.34554	32344.18362	31777.11475
38000.0	9.50	34140.13359	33304.75245	33777.19843	32374.80591	31844.10580
40000.0	6.50	35349.94167	35558.30317	34932.67007	33648.18854	32930.20744
40000.0	6.75	35303.04220	35441.57521	34902.14595	33604.87299	32895.31189
40000.0	7.00	35269.57694	35330.74612	34883.01883	33575.42329	32870.63419
40000.0	7.25	35251.54264	35230.64057	34872.77208	33557.55426	32854.95367
40000.0	7.50	35245.60584	35138.72283	34871.25470	33545.76235	32852.80982
40000.0	7.75	35251.42674	35052.52012	34882.78023	33545.20126	32856.63281
40000.0	8.00	35268.66390	34976.04233	34899.54376	33551.63226	32880.98915
40000.0	8.25	35294.90569	34905.28683	34923.63947	33564.91784	32899.58327
40000.0	8.50	35329.21113	34841.35836	34948.69252	33577.94465	32944.05342
40000.0	8.75	35371.43887	34783.29102	34978.01711	33596.53829	32972.98318
40000.0	9.00	35420.41595	34730.71910	35008.27070	33616.55365	33015.40469
40000.0	9.25	35472.53248	34689.19464	35038.46785	33635.10069	33065.81495
40000.0	9.50	35531.78908	34655.14753	35066.45348	33655.32194	33118.58582
45000.0	6.50	38817.81442	38867.28148	38177.02932	36860.32930	36149.59497
45000.0	6.75	38731.01584	38711.91099	38103.61676	36777.54493	36080.11430
45000.0	7.00	38660.74439	38569.47082	38049.47936	36710.22365	36014.37396
45000.0	7.25	38605.43947	38437.62034	38004.90114	36656.10858	35966.33466
45000.0	7.50	38567.15713	38317.06904	37970.10550	36615.01258	35927.58101
45000.0	7.75	38540.52621	38204.79599	37948.27075	36584.40211	35896.97728
45000.0	8.00	38527.13523	38102.25842	37934.03610	36561.39596	35885.01863
45000.0	8.25	38525.08772	38010.08364	37932.79400	36544.71512	35892.11824
45000.0	8.50	38532.00079	37924.61926	37930.12167	36533.93939	35884.79735
45000.0	8.75	38548.47655	37848.07627	37934.61282	36528.06146	35901.06102
45000.0	9.00	38572.48339	37776.29730	37939.62984	36524.18922	35926.82759
45000.0	9.25	38600.58319	37716.33281	37946.96309	36520.46475	35948.52543
45000.0	9.50	38637.61431	37666.85111	37953.94192	36519.42035	35978.28903
50000.0	6.50	41881.19639	41806.77073	41059.84928	39711.15180	39008.77198
50000.0	6.75	41751.71179	41611.71640	40947.26174	39589.45289	38895.89311
50000.0	7.00	41643.16525	41432.07627	40846.52519	39485.76142	38798.04291
50000.0	7.25	41552.47099	41268.10158	40770.62477	39398.05086	38712.59583
50000.0	7.50	41480.81901	41119.26238	40703.07377	39323.37665	38638.97570
50000.0	7.75	41427.22961	40981.67001	40653.91874	39264.12332	38583.00380
50000.0	8.00	41387.24414	40857.28454	40615.83641	39216.26396	38542.56981
50000.0	8.25	41359.45995	40741.97327	40584.83810	39176.39830	38512.10863
50000.0	8.50	41344.99048	40639.93665	40561.33205	39143.19286	38497.51838
50000.0	8.75	41341.77782	40547.51370	40547.80871	39118.10295	38481.44616
50000.0	9.00	41345.47204	40461.63077	40535.99970	39095.65013	38491.36066
50000.0	9.25	41356.36120	40390.54044	40526.51288	39076.37313	38494.19440
50000.0	9.50	41378.25277	40328.06464	40515.66045	39058.43126	38497.05721
60000.0	6.50	47436.49099	47159.23200	46328.87644	44947.64324	44273.04952
60000.0	6.75	47205.27961	46871.51604	46113.13214	44721.28367	44055.27481
60000.0	7.00	47004.03902	46605.84876	45923.53903	44528.64395	43850.82493
60000.0	7.25	46832.77530	46365.36110	45764.11239	44357.28510	43688.78957
60000.0	7.50	46689.81803	46149.83386	45627.93137	44208.80894	43546.33003
60000.0	7.75	46572.01025	45953.37877	45509.68179	44086.96438	43412.48507
60000.0	8.00	46474.17178	45779.38450	45414.70169	43980.99646	43314.29442
60000.0	8.25	46397.36997	45621.50795	45334.10897	43891.32510	43242.57649
60000.0	8.50	46336.79663	45480.07233	45265.53013	43812.67217	43162.10039
60000.0	8.75	46291.68808	45354.15378	45212.47959	43745.81334	43122.23680
60000.0	9.00	46258.77642	45236.95414	45163.17240	43688.63782	43082.42295
60000.0	9.25	46239.46006	45142.91520	45117.25018	43636.41153	43054.28718
60000.0	9.50	46230.24003	45059.41514	45083.13073	43591.63552	43022.47942
70000.0	6.50	53074.47212	52585.25644	51671.29734	50154.78808	49540.37100
70000.0	6.75	52747.41629	52205.32048	51365.74658	49847.20357	49247.95992
70000.0	7.00	52452.06244	51852.75300	51085.52895	49564.43458	48973.53072
70000.0	7.25	52073.12352	51419.75252	50722.54139	49196.82111	48592.23543
70000.0	7.50	51736.48955	51016.89018	50398.45870	48865.46409	48263.64306
70000.0	7.75	51796.50403	50989.17092	50457.18683	48913.43081	48326.20531
70000.0	8.00	51637.90229	50758.77118	50302.53823	48748.86776	48170.73053
70000.0	8.25	51505.45146	50551.60770	50167.68370	48603.82482	48037.29390
70000.0	8.50	51394.87354	50371.45818	50050.71158	48480.20795	47932.51068
70000.0	8.75	51306.70018	50213.47179	49949.98792	48373.13753	47823.10531
70000.0	9.00	51235.30188	50072.51922	49864.12864	48280.43712	47745.60320
70000.0	9.25	51182.17065	49954.41637	49790.60328	48197.34589	47684.18544
70000.0	9.50	51144.72059	49852.33456	49727.87427	48122.66023	47640.72978
80000.0	6.50	58103.76729	57465.96010	56462.51233	54867.16462	54222.34151
80000.0	6.75	57646.09839	56956.10136	56027.77417	54434.19411	53798.79000
80000.0	7.00	57237.28965	56489.40922	55633.07070	54034.86563	53424.34646
80000.0	7.25	56738.72189	55939.68122	55153.48245	53554.98274	52946.60952
80000.0	7.50	56287.63780	55432.79772	54720.34731	53120.42633	52513.87060
80000.0	7.75	56303.58714	55361.65802	54737.08584	53120.31912	52524.76457
80000.0	8.00	56070.20856	55063.98723	54508.33000	52888.00092	52317.60438
80000.0	8.25	55873.00976	54799.77737	54309.64681	52684.16068	52110.35569
80000.0	8.50	55708.40508	54566.63601	54145.50068	52508.40834	51951.59157
80000.0	8.75	55568.94674	54364.51274	53997.36529	52355.45571	51820.82906
80000.0	9.00	55452.03651	54184.89972	53870.97522	52223.82842	51697.24321
80000.0	9.25	55362.32496	54035.54556	53754.44314	52104.02000	51586.19295
80000.0	9.50	55292.94399	53906.91586	53660.85335	52002.50626	51494.66998
