Teff log(g) y
3499.451670283573 0.0 0.3524
3749.730022454834 0.0 0.329
3999.4474976109736 0.0 0.3526
4246.19563946313 0.0 0.4212
4497.798548932879 0.0 0.4511
4753.352259428054 0.0 0.4457
5000.345349769783 0.0 0.4168
5248.074602497728 0.0 0.3802
5495.408738576249 0.0 0.3433
5754.399373371566 0.0 0.3021
5997.910762555094 0.0 0.2632
3499.451670283573 0.5 0.3682
3749.730022454834 0.5 0.3372
3999.4474976109736 0.5 0.3561
4246.19563946313 0.5 0.4213
4497.798548932879 0.5 0.4507
4753.352259428054 0.5 0.4459
5000.345349769783 0.5 0.4192
5248.074602497728 0.5 0.3799
5495.408738576249 0.5 0.3417
5754.399373371566 0.5 0.3102
5997.910762555094 0.5 0.2739
6251.726927756856 0.5 0.2351
6501.296903430909 0.5 0.2085
6745.280276979222 0.5 0.1842
6998.419960022738 0.5 0.1701
7244.359600749898 0.5 0.1196
7498.942093324558 0.5 0.125
3499.451670283573 1.0 0.3834
3749.730022454834 1.0 0.3463
3999.4474976109736 1.0 0.3612
4246.19563946313 1.0 0.4217
4497.798548932879 1.0 0.4496
4753.352259428054 1.0 0.4459
5000.345349769783 1.0 0.4216
5248.074602497728 1.0 0.3827
5495.408738576249 1.0 0.3424
5754.399373371566 1.0 0.3113
5997.910762555094 1.0 0.278
6251.726927756856 1.0 0.2409
6501.296903430909 1.0 0.2111
6745.280276979222 1.0 0.1847
6998.419960022738 1.0 0.1669
7244.359600749898 1.0 0.1135
7498.942093324558 1.0 0.1157
7744.617978025183 1.0 0.4339
7998.342550070284 1.0 0.5875
8241.38115013002 1.0 0.5537
3499.451670283573 1.5 0.3979
3749.730022454834 1.5 0.3553
3999.4474976109736 1.5 0.3668
4246.19563946313 1.5 0.4227
4497.798548932879 1.5 0.4487
4753.352259428054 1.5 0.4468
5000.345349769783 1.5 0.4243
5248.074602497728 1.5 0.3839
5495.408738576249 1.5 0.3439
5754.399373371566 1.5 0.3088
5997.910762555094 1.5 0.2765
6251.726927756856 1.5 0.2468
6501.296903430909 1.5 0.2173
6745.280276979222 1.5 0.1873
6998.419960022738 1.5 0.1679
7244.359600749898 1.5 0.1152
7498.942093324558 1.5 0.12
7744.617978025183 1.5 0.409
7998.342550070284 1.5 0.5571
8241.38115013002 1.5 0.5482
8491.804750363135 1.5 0.5015
8749.837752274363 1.5 0.5313
8994.975815300355 1.5 0.6524
3499.451670283573 2.0 0.4104
3749.730022454834 2.0 0.3637
3999.4474976109736 2.0 0.3733
4246.19563946313 2.0 0.4247
4497.798548932879 2.0 0.4484
4753.352259428054 2.0 0.446
5000.345349769783 2.0 0.4239
5248.074602497728 2.0 0.3862
5495.408738576249 2.0 0.3461
5754.399373371566 2.0 0.3101
5997.910762555094 2.0 0.2762
6251.726927756856 2.0 0.2432
6501.296903430909 2.0 0.2204
6745.280276979222 2.0 0.1929
6998.419960022738 2.0 0.1703
7244.359600749898 2.0 0.1152
7498.942093324558 2.0 0.1206
7744.617978025183 2.0 0.4049
7998.342550070284 2.0 0.5427
8241.38115013002 2.0 0.5282
8491.804750363135 2.0 0.5209
8749.837752274363 2.0 0.5181
8994.975815300355 2.0 0.5046
9246.98173938223 2.0 0.4933
9506.04793656282 2.0 0.4811
9749.896377173867 2.0 0.4692
10000.0 2.0 0.458
10256.519262514079 2.0 0.4465
10495.42428652322 2.0 0.4364
10739.89412341244 2.0 0.4264
10990.05839432522 2.0 0.4168
11246.049739669268 2.0 0.4089
11508.003889444357 2.0 0.4021
11748.975549395303 2.0 0.3907
13995.873225726178 2.0 0.3723
3499.451670283573 2.5 0.4277
3749.730022454834 2.5 0.371
3999.4474976109736 2.5 0.38
4246.19563946313 2.5 0.4276
4497.798548932879 2.5 0.448
4753.352259428054 2.5 0.4457
5000.345349769783 2.5 0.4246
5248.074602497728 2.5 0.387
5495.408738576249 2.5 0.3471
5754.399373371566 2.5 0.3113
5997.910762555094 2.5 0.2766
6251.726927756856 2.5 0.2434
6501.296903430909 2.5 0.217
6745.280276979222 2.5 0.1941
6998.419960022738 2.5 0.1755
7244.359600749898 2.5 0.1159
7498.942093324558 2.5 0.1206
7744.617978025183 2.5 0.4039
7998.342550070284 2.5 0.5393
8241.38115013002 2.5 0.5195
8491.804750363135 2.5 0.5067
8749.837752274363 2.5 0.4966
8994.975815300355 2.5 0.4889
9246.98173938223 2.5 0.483
9506.04793656282 2.5 0.4753
9749.896377173867 2.5 0.4669
10000.0 2.5 0.4571
10256.519262514079 2.5 0.4473
10495.42428652322 2.5 0.439
10739.89412341244 2.5 0.4296
10990.05839432522 2.5 0.4196
11246.049739669268 2.5 0.411
11508.003889444357 2.5 0.4019
11748.975549395303 2.5 0.3937
11994.993031493781 2.5 0.3865
12246.16199265049 2.5 0.3806
12502.590302177214 2.5 0.3762
12764.388088113436 2.5 0.3729
13001.695780332899 2.5 0.3684
13995.873225726178 2.5 0.366
14996.84835502374 2.5 0.3678
15995.580286146678 2.5 0.374
16982.43652461746 2.5 0.3839
17988.709151287872 2.5 0.3952
19010.782799232995 2.5 0.4065
3499.451670283573 3.0 0.4537
3749.730022454834 3.0 0.3732
3999.4474976109736 3.0 0.3864
4246.19563946313 3.0 0.4314
4497.798548932879 3.0 0.4481
4753.352259428054 3.0 0.4453
5000.345349769783 3.0 0.4244
5248.074602497728 3.0 0.3881
5495.408738576249 3.0 0.3487
5754.399373371566 3.0 0.3118
5997.910762555094 3.0 0.2768
6251.726927756856 3.0 0.2439
6501.296903430909 3.0 0.2182
6745.280276979222 3.0 0.1917
6998.419960022738 3.0 0.174
7244.359600749898 3.0 0.1183
7498.942093324558 3.0 0.1225
7744.617978025183 3.0 0.4062
7998.342550070284 3.0 0.5384
8241.38115013002 3.0 0.5193
8491.804750363135 3.0 0.5009
8749.837752274363 3.0 0.4851
8994.975815300355 3.0 0.4747
9246.98173938223 3.0 0.4674
9506.04793656282 3.0 0.4612
9749.896377173867 3.0 0.4559
10000.0 3.0 0.4496
10256.519262514079 3.0 0.4423
10495.42428652322 3.0 0.4353
10739.89412341244 3.0 0.4276
10990.05839432522 3.0 0.4196
11246.049739669268 3.0 0.411
11508.003889444357 3.0 0.4027
11748.975549395303 3.0 0.3951
11994.993031493781 3.0 0.3871
12246.16199265049 3.0 0.3802
12502.590302177214 3.0 0.3742
12764.388088113436 3.0 0.3694
13001.695780332899 3.0 0.3607
13995.873225726178 3.0 0.356
14996.84835502374 3.0 0.3521
15995.580286146678 3.0 0.3532
16982.43652461746 3.0 0.358
17988.709151287872 3.0 0.3656
19010.782799232995 3.0 0.3751
19998.61869632745 3.0 0.3874
20989.398836235243 3.0 0.3913
21978.59872784823 3.0 0.3901
23014.41817408509 3.0 0.3925
23988.329190194898 3.0 0.4094
25003.453616964296 3.0 0.4348
26001.595631652723 3.0 0.4589
3499.451670283573 3.5 0.4079
3749.730022454834 3.5 0.3583
3999.4474976109736 3.5 0.3885
4246.19563946313 3.5 0.4362
4497.798548932879 3.5 0.4492
4753.352259428054 3.5 0.445
5000.345349769783 3.5 0.425
5248.074602497728 3.5 0.3898
5495.408738576249 3.5 0.3495
5754.399373371566 3.5 0.3112
5997.910762555094 3.5 0.2767
6251.726927756856 3.5 0.2443
6501.296903430909 3.5 0.2178
6745.280276979222 3.5 0.1919
6998.419960022738 3.5 0.1724
7244.359600749898 3.5 0.1167
7498.942093324558 3.5 0.1245
7744.617978025183 3.5 0.425
7998.342550070284 3.5 0.5442
8241.38115013002 3.5 0.5185
8491.804750363135 3.5 0.5009
8749.837752274363 3.5 0.4809
8994.975815300355 3.5 0.466
9246.98173938223 3.5 0.4549
9506.04793656282 3.5 0.4477
9749.896377173867 3.5 0.4433
10000.0 3.5 0.4392
10256.519262514079 3.5 0.4332
10495.42428652322 3.5 0.4279
10739.89412341244 3.5 0.4228
10990.05839432522 3.5 0.4167
11246.049739669268 3.5 0.4097
11508.003889444357 3.5 0.4028
11748.975549395303 3.5 0.3957
11994.993031493781 3.5 0.3884
12246.16199265049 3.5 0.3819
12502.590302177214 3.5 0.3753
12764.388088113436 3.5 0.37
13001.695780332899 3.5 0.3592
13995.873225726178 3.5 0.3527
14996.84835502374 3.5 0.3455
15995.580286146678 3.5 0.3434
16982.43652461746 3.5 0.3455
17988.709151287872 3.5 0.3507
19010.782799232995 3.5 0.3579
19998.61869632745 3.5 0.3667
20989.398836235243 3.5 0.3754
21978.59872784823 3.5 0.3819
23014.41817408509 3.5 0.3841
23988.329190194898 3.5 0.3829
25003.453616964296 3.5 0.3845
26001.595631652723 3.5 0.3959
26977.394324449207 3.5 0.4278
27989.813196343628 3.5 0.4422
28973.435877013213 3.5 0.44
29991.62518987653 3.5 0.4161
30974.19299216578 3.5 0.384
3499.451670283573 4.0 0.3417
3749.730022454834 4.0 0.3396
3999.4474976109736 4.0 0.3772
4246.19563946313 4.0 0.4392
4497.798548932879 4.0 0.4511
4753.352259428054 4.0 0.4453
5000.345349769783 4.0 0.4258
5248.074602497728 4.0 0.3903
5495.408738576249 4.0 0.3492
5754.399373371566 4.0 0.3117
5997.910762555094 4.0 0.2773
6251.726927756856 4.0 0.2433
6501.296903430909 4.0 0.2161
6745.280276979222 4.0 0.1903
6998.419960022738 4.0 0.1718
7244.359600749898 4.0 0.1162
7498.942093324558 4.0 0.1225
7744.617978025183 4.0 0.4377
7998.342550070284 4.0 0.5802
8241.38115013002 4.0 0.5283
8491.804750363135 4.0 0.4989
8749.837752274363 4.0 0.4835
8994.975815300355 4.0 0.4628
9246.98173938223 4.0 0.4471
9506.04793656282 4.0 0.4368
9749.896377173867 4.0 0.4306
10000.0 4.0 0.4279
10256.519262514079 4.0 0.4243
10495.42428652322 4.0 0.4183
10739.89412341244 4.0 0.4144
10990.05839432522 4.0 0.4108
11246.049739669268 4.0 0.4057
11508.003889444357 4.0 0.4005
11748.975549395303 4.0 0.3948
11994.993031493781 4.0 0.3888
12246.16199265049 4.0 0.3834
12502.590302177214 4.0 0.3775
12764.388088113436 4.0 0.3719
13001.695780332899 4.0 0.3603
13995.873225726178 4.0 0.3529
14996.84835502374 4.0 0.3432
15995.580286146678 4.0 0.3386
16982.43652461746 4.0 0.3386
17988.709151287872 4.0 0.3415
19010.782799232995 4.0 0.3469
19998.61869632745 4.0 0.3543
20989.398836235243 4.0 0.3629
21978.59872784823 4.0 0.3718
23014.41817408509 4.0 0.3796
23988.329190194898 4.0 0.3844
25003.453616964296 4.0 0.3867
26001.595631652723 4.0 0.3901
26977.394324449207 4.0 0.3991
27989.813196343628 4.0 0.4159
28973.435877013213 4.0 0.4337
29991.62518987653 4.0 0.4428
30974.19299216578 4.0 0.4429
31988.951096913974 4.0 0.4248
33036.95410368149 4.0 0.3967
33962.52725904082 4.0 0.3647
34994.516702835695 4.0 0.3311
35974.93351557424 4.0 0.3023
36982.817978026585 4.0 0.2816
38018.93963205613 4.0 0.2706
38994.19866765436 4.0 0.2636
3499.451670283573 4.5 0.3175
3749.730022454834 4.5 0.3197
3999.4474976109736 4.5 0.3629
4246.19563946313 4.5 0.4365
4497.798548932879 4.5 0.4551
4753.352259428054 4.5 0.4459
5000.345349769783 4.5 0.4257
5248.074602497728 4.5 0.3907
5495.408738576249 4.5 0.3506
5754.399373371566 4.5 0.3123
5997.910762555094 4.5 0.276
6251.726927756856 4.5 0.2417
6501.296903430909 4.5 0.214
6745.280276979222 4.5 0.1885
6998.419960022738 4.5 0.1715
7244.359600749898 4.5 0.1168
7498.942093324558 4.5 0.1238
7744.617978025183 4.5 0.4302
7998.342550070284 4.5 0.5858
8241.38115013002 4.5 0.5612
8491.804750363135 4.5 0.5132
8749.837752274363 4.5 0.4788
8994.975815300355 4.5 0.4629
9246.98173938223 4.5 0.4454
9506.04793656282 4.5 0.4307
9749.896377173867 4.5 0.4222
10000.0 4.5 0.4178
10256.519262514079 4.5 0.4135
10495.42428652322 4.5 0.4083
10739.89412341244 4.5 0.4053
10990.05839432522 4.5 0.403
11246.049739669268 4.5 0.3999
11508.003889444357 4.5 0.3959
11748.975549395303 4.5 0.3914
11994.993031493781 4.5 0.3867
12246.16199265049 4.5 0.3822
12502.590302177214 4.5 0.3775
12764.388088113436 4.5 0.3731
13001.695780332899 4.5 0.3625
13995.873225726178 4.5 0.3547
14996.84835502374 4.5 0.3438
15995.580286146678 4.5 0.3374
16982.43652461746 4.5 0.3352
17988.709151287872 4.5 0.3365
19010.782799232995 4.5 0.3404
19998.61869632745 4.5 0.3462
20989.398836235243 4.5 0.3533
21978.59872784823 4.5 0.3621
23014.41817408509 4.5 0.3717
23988.329190194898 4.5 0.3808
25003.453616964296 4.5 0.388
26001.595631652723 4.5 0.3927
26977.394324449207 4.5 0.3985
27989.813196343628 4.5 0.4086
28973.435877013213 4.5 0.4237
29991.62518987653 4.5 0.4383
30974.19299216578 4.5 0.4461
31988.951096913974 4.5 0.4487
33036.95410368149 4.5 0.4379
33962.52725904082 4.5 0.4153
34994.516702835695 4.5 0.391
35974.93351557424 4.5 0.3617
36982.817978026585 4.5 0.329
38018.93963205613 4.5 0.3
38994.19866765436 4.5 0.2782
39994.47497610978 4.5 0.2665
41020.410298660725 4.5 0.2612
41975.89839910078 4.5 0.26
42953.64267648873 4.5 0.2601
43954.16154378243 4.5 0.2609
44977.98548932875 4.5 0.261
46025.65735813563 4.5 0.2598
46989.41086052151 4.5 0.2587
47973.34486366892 4.5 0.2575
48977.881936844664 4.5 0.2565
3499.451670283573 5.0 0.2986
3749.730022454834 5.0 0.2983
3999.4474976109736 5.0 0.3548
4246.19563946313 5.0 0.4277
4497.798548932879 5.0 0.4627
4753.352259428054 5.0 0.4503
5000.345349769783 5.0 0.4262
5248.074602497728 5.0 0.3916
5495.408738576249 5.0 0.3513
5754.399373371566 5.0 0.3117
5997.910762555094 5.0 0.275
6251.726927756856 5.0 0.2404
6501.296903430909 5.0 0.2122
6745.280276979222 5.0 0.1875
6998.419960022738 5.0 0.1708
7244.359600749898 5.0 0.1159
7498.942093324558 5.0 0.1211
7744.617978025183 5.0 0.4294
7998.342550070284 5.0 0.5807
8241.38115013002 5.0 0.5703
8491.804750363135 5.0 0.5559
8749.837752274363 5.0 0.491
8994.975815300355 5.0 0.4481
9246.98173938223 5.0 0.4519
9506.04793656282 5.0 0.4327
9749.896377173867 5.0 0.4193
10000.0 5.0 0.4102
10256.519262514079 5.0 0.4044
10495.42428652322 5.0 0.3997
10739.89412341244 5.0 0.396
10990.05839432522 5.0 0.3946
11246.049739669268 5.0 0.392
11508.003889444357 5.0 0.3886
11748.975549395303 5.0 0.3856
11994.993031493781 5.0 0.3825
12246.16199265049 5.0 0.3793
12502.590302177214 5.0 0.3757
12764.388088113436 5.0 0.3721
13001.695780332899 5.0 0.3637
13995.873225726178 5.0 0.3569
14996.84835502374 5.0 0.3464
15995.580286146678 5.0 0.3388
16982.43652461746 5.0 0.3351
17988.709151287872 5.0 0.3349
19010.782799232995 5.0 0.3372
19998.61869632745 5.0 0.3419
20989.398836235243 5.0 0.3482
21978.59872784823 5.0 0.3561
23014.41817408509 5.0 0.3656
23988.329190194898 5.0 0.3757
25003.453616964296 5.0 0.3858
26001.595631652723 5.0 0.3949
26977.394324449207 5.0 0.4037
27989.813196343628 5.0 0.4126
28973.435877013213 5.0 0.4239
29991.62518987653 5.0 0.4365
30974.19299216578 5.0 0.4474
31988.951096913974 5.0 0.4532
33036.95410368149 5.0 0.4504
33962.52725904082 5.0 0.4377
34994.516702835695 5.0 0.417
35974.93351557424 5.0 0.3949
36982.817978026585 5.0 0.3687
38018.93963205613 5.0 0.3396
38994.19866765436 5.0 0.3111
39994.47497610978 5.0 0.2863
41020.410298660725 5.0 0.2689
41975.89839910078 5.0 0.2582
42953.64267648873 5.0 0.2516
43954.16154378243 5.0 0.249
44977.98548932875 5.0 0.2478
46025.65735813563 5.0 0.2474
46989.41086052151 5.0 0.2473
47973.34486366892 5.0 0.2463
48977.881936844664 5.0 0.2452
50003.45349769783 5.0 0.2564
