Teff log(g) a1 a2 a3 a4 I1 beaming
3750.0 5.0 -0.6091 2.9988 -2.5979 0.7958 1.83429e-07 -7.4788
4000.0 5.0 -0.539 3.3235 -3.3355 1.1609 3.08085e-07 -6.8241
4250.0 5.0 -0.3234 3.002 -3.1822 1.1509 5.13873e-07 -6.2466
4500.0 5.0 -0.0771 2.4848 -2.6938 0.9865 8.48931e-07 -5.7335
4750.0 5.0 -0.0226 2.3306 -2.4601 0.8958 1.38775e-06 -5.2746
5000.0 5.0 -0.2939 2.884 -2.7956 0.9763 2.19012e-06 -4.8619
5250.0 5.0 -0.4429 3.2787 -3.1197 1.0671 3.34049e-06 -4.4888
5500.0 5.0 -0.5832 3.6637 -3.4576 1.1631 4.76185e-06 -4.15
5750.0 5.0 -0.6628 3.8171 -3.5171 1.1478 6.46489e-06 -3.8411
6000.0 5.0 -0.6811 3.7557 -3.329 1.0367 8.43234e-06 -3.5584
6250.0 5.0 -0.6329 3.484 -2.9145 0.8438 1.06251e-05 -3.2988
6500.0 5.0 -0.5175 3.0264 -2.3226 0.5941 1.29822e-05 -3.0596
7000.0 5.0 -0.183 1.9274 -1.0944 0.1309 1.79789e-05 -2.634
7500.0 5.0 0.1054 1.1037 -0.3441 -0.0974 2.3175e-05 -2.2672
8000.0 5.0 0.2902 0.6374 -0.05 -0.1388 2.86715e-05 -1.9482
8500.0 5.0 0.474 0.2133 0.1834 -0.1596 3.4857e-05 -1.6687
9000.0 5.0 0.7139 -0.3555 0.5822 -0.2489 4.17785e-05 -1.4222
9500.0 5.0 0.8651 -0.7516 0.9058 -0.3445 4.83487e-05 -1.2034
10000.0 5.0 0.9081 -0.8874 1.0321 -0.3874 5.64393e-05 -1.0082
10500.0 5.0 0.8857 -0.8675 1.0314 -0.3926 6.59213e-05 -0.8331
11000.0 5.0 0.882 -0.8743 1.0456 -0.402 7.69642e-05 -0.6755
11500.0 5.0 0.8911 -0.8896 1.0473 -0.403 8.94686e-05 -0.5328
12000.0 5.0 0.8585 -0.8223 0.9874 -0.3861 0.000101957 -0.4033
12500.0 5.0 0.8481 -0.7976 0.9541 -0.3744 0.000115504 -0.2852
13000.0 5.0 0.8403 -0.7826 0.9324 -0.3671 0.000129642 -0.1773
13500.0 5.0 0.7625 -0.6021 0.7417 -0.2971 0.000144428 -0.0783
14000.0 5.0 0.8255 -0.7591 0.8972 -0.3547 0.000159791 0.0128
14500.0 5.0 0.6692 -0.388 0.5089 -0.2107 0.000175868 0.0969
15000.0 5.0 0.8133 -0.7432 0.871 -0.345 0.000192472 0.1746
15500.0 5.0 0.8053 -0.7313 0.8554 -0.3397 0.000209788 0.2467
16000.0 5.0 0.6691 -0.4066 0.5152 -0.2135 0.000227821 0.3137
16500.0 5.0 0.7986 -0.7263 0.8413 -0.3344 0.000246419 0.376
17000.0 5.0 0.7986 -0.7307 0.8409 -0.3339 0.000265759 0.4343
20000.0 5.0 0.8324 -0.8303 0.9133 -0.3578 0.000396406 0.7149
25000.0 5.0 0.9987 -1.1825 1.1961 -0.4474 0.000679586 1.0163
30000.0 5.0 1.0236 -1.1413 1.0418 -0.3702 0.00111684 1.2061
35000.0 5.0 0.9842 -1.1678 1.044 -0.3684 0.0016481 1.3358
40000.0 5.0 1.0638 -1.4512 1.3447 -0.4816 0.00206985 1.4297
45000.0 5.0 1.1631 -1.7312 1.6334 -0.588 0.00243081 1.5007
50000.0 5.0 1.2551 -1.9618 1.862 -0.67 0.00277059 1.5561
55000.0 5.0 1.3307 -2.1325 2.0249 -0.727 0.00309311 1.6006
60000.0 5.0 1.3895 -2.2495 2.1303 -0.7625 0.00341315 1.6371
3750.0 5.25 -0.6677 3.2875 -3.001 0.9667 1.94595e-07 -7.4788
4000.0 5.25 -0.4798 3.2981 -3.4086 1.2117 3.18858e-07 -6.8241
4250.0 5.25 -0.1652 2.7109 -2.9708 1.0944 5.23636e-07 -6.2466
4500.0 5.25 0.133 2.0491 -2.327 0.8697 8.53637e-07 -5.7335
4750.0 5.25 0.2427 1.7844 -2.0091 0.751 1.37352e-06 -5.2746
5000.0 5.25 -0.0432 2.3746 -2.3852 0.85 2.13537e-06 -4.8619
5250.0 5.25 -0.2038 2.7679 -2.6911 0.9346 3.29047e-06 -4.4888
5500.0 5.25 -0.3828 3.2498 -3.128 1.0683 4.71677e-06 -4.15
5750.0 5.25 -0.5162 3.5733 -3.3896 1.1337 6.41647e-06 -3.8411
6000.0 5.25 -0.5853 3.6752 -3.3963 1.1003 8.38369e-06 -3.5584
6250.0 5.25 -0.5929 3.5749 -3.178 0.9829 1.05912e-05 -3.2988
6500.0 5.25 -0.5381 3.2852 -2.7601 0.7945 1.2989e-05 -3.0596
7000.0 5.25 -0.2744 2.3161 -1.5959 0.3299 1.81578e-05 -2.634
7500.0 5.25 0.0338 1.3426 -0.5941 -0.0174 2.35696e-05 -2.2672
8000.0 5.25 0.2506 0.7195 -0.0815 -0.1494 2.92248e-05 -1.9482
8500.0 5.25 0.4274 0.268 0.208 -0.1934 3.54398e-05 -1.6687
9000.0 5.25 0.6449 -0.2799 0.6101 -0.2871 4.2402e-05 -1.4222
9500.0 5.25 0.8035 -0.666 0.8762 -0.3454 4.91487e-05 -1.2034
10000.0 5.25 0.8698 -0.8445 1.0135 -0.3846 5.61617e-05 -1.0082
10500.0 5.25 0.8796 -0.8903 1.0584 -0.4017 6.54059e-05 -0.8331
11000.0 5.25 0.8715 -0.8871 1.061 -0.4061 7.59557e-05 -0.6755
11500.0 5.25 0.8601 -0.868 1.0439 -0.4033 8.76881e-05 -0.5328
12000.0 5.25 0.8492 -0.8435 1.0168 -0.3961 0.000100338 -0.4033
12500.0 5.25 0.8368 -0.8132 0.979 -0.3833 0.000113722 -0.2852
13000.0 5.25 0.8274 -0.7916 0.9498 -0.3731 0.000127732 -0.1773
13500.0 5.25 0.8191 -0.7747 0.9258 -0.3645 0.000142377 -0.0783
14000.0 5.25 0.8105 -0.7593 0.9047 -0.3571 0.000157639 0.0128
14500.0 5.25 0.8048 -0.7518 0.8922 -0.3528 0.000173529 0.0969
15000.0 5.25 0.7958 -0.7365 0.8724 -0.3458 0.000190056 0.1746
15500.0 5.25 0.793 -0.7357 0.8675 -0.3442 0.00020722 0.2467
16000.0 5.25 0.7878 -0.7283 0.8554 -0.3398 0.000225059 0.3137
16500.0 5.25 0.7723 -0.6956 0.8171 -0.3255 0.000243563 0.376
17000.0 5.25 0.782 -0.7232 0.8409 -0.3342 0.000262717 0.4343
20000.0 5.25 0.7799 -0.7332 0.8199 -0.3233 0.000392284 0.7149
25000.0 5.25 0.9762 -1.1576 1.1769 -0.4406 0.000672279 1.0163
30000.0 5.25 1.0 -1.1187 1.0282 -0.3662 0.00109916 1.2061
35000.0 5.25 0.9089 -1.0352 0.9251 -0.3272 0.00162181 1.3358
40000.0 5.25 0.9531 -1.2569 1.172 -0.4226 0.00203771 1.4297
45000.0 5.25 1.0362 -1.5181 1.4485 -0.5258 0.00239011 1.5007
50000.0 5.25 1.1253 -1.7633 1.7002 -0.618 0.00271857 1.5561
55000.0 5.25 1.2069 -1.9681 1.9039 -0.6911 0.00302619 1.6006
60000.0 5.25 1.2798 -2.1374 2.0673 -0.7486 0.00332701 1.6371
3750.0 5.5 -0.7026 3.51 -3.3329 1.1121 2.06784e-07 -7.4788
4000.0 5.5 -0.4065 3.2131 -3.4004 1.2282 3.30042e-07 -6.8241
4250.0 5.5 -0.0023 2.3802 -2.6958 1.0092 5.33595e-07 -6.2466
4500.0 5.5 0.3388 1.5971 -1.9197 0.7332 8.59645e-07 -5.7335
4750.0 5.5 0.4846 1.2523 -1.5354 0.5903 1.36506e-06 -5.2746
5000.0 5.5 0.1853 1.8958 -1.9848 0.7209 2.07396e-06 -4.8619
5250.0 5.5 0.0255 2.264 -2.2564 0.7956 3.23326e-06 -4.4888
5500.0 5.5 -0.1816 2.8083 -2.7521 0.952 4.66877e-06 -4.15
5750.0 5.5 -0.3614 3.2725 -3.1751 1.0811 6.37362e-06 -3.8411
6000.0 5.5 -0.475 3.5188 -3.3555 1.1176 8.34453e-06 -3.5584
6250.0 5.5 -0.5219 3.5461 -3.2896 1.0607 1.05634e-05 -3.2988
6500.0 5.5 -0.5188 3.4166 -3.0541 0.942 1.29924e-05 -3.0596
7000.0 5.5 -0.3444 2.6714 -2.0937 0.5392 1.83064e-05 -2.634
7500.0 5.5 -0.0546 1.6676 -0.9728 0.1207 2.39523e-05 -2.2672
8000.0 5.5 0.1914 0.8841 -0.2182 -0.1187 2.98121e-05 -1.9482
8500.0 5.5 0.3731 0.3608 0.1881 -0.2127 3.61283e-05 -1.6687
9000.0 5.5 0.5854 -0.1856 0.5833 -0.2977 4.31285e-05 -1.4222
9500.0 5.5 0.7889 -0.6901 0.9557 -0.3866 5.0519e-05 -1.2034
10000.0 5.5 0.873 -0.8782 1.0518 -0.3976 5.70872e-05 -1.0082
10500.0 5.5 0.8671 -0.8958 1.0718 -0.4064 6.53141e-05 -0.8331
11000.0 5.5 0.8609 -0.8981 1.0781 -0.4115 7.54104e-05 -0.6755
11500.0 5.5 0.8494 -0.8809 1.0635 -0.4095 8.67338e-05 -0.5328
12000.0 5.5 0.8384 -0.8577 1.0387 -0.4032 9.90832e-05 -0.4033
12500.0 5.5 0.8232 -0.8209 0.9958 -0.3889 0.000112275 -0.2852
13000.0 5.5 0.8114 -0.7934 0.9621 -0.3778 0.000126175 -0.1773
13500.0 5.5 0.8086 -0.7871 0.9487 -0.3732 0.000140688 -0.0783
14000.0 5.5 0.795 -0.7581 0.9133 -0.3605 0.000155862 0.0128
14500.0 5.5 0.7891 -0.7483 0.8982 -0.3553 0.000171662 0.0969
15000.0 5.5 0.7825 -0.7369 0.8815 -0.3492 0.000188094 0.1746
15500.0 5.5 0.7766 -0.7274 0.867 -0.344 0.000205179 0.2467
16000.0 5.5 0.7215 -0.6004 0.7325 -0.2945 0.000222937 0.3137
16500.0 5.5 0.767 -0.713 0.8434 -0.3354 0.000241304 0.376
17000.0 5.5 0.7649 -0.7115 0.8372 -0.3331 0.000260378 0.4343
20000.0 5.5 0.8003 -0.809 0.9061 -0.3556 0.000389202 0.7149
25000.0 5.5 0.9754 -1.1791 1.2058 -0.4517 0.000667363 1.0163
30000.0 5.5 0.9744 -1.0836 1.0009 -0.3571 0.00108757 1.2061
35000.0 5.5 0.837 -0.8972 0.7977 -0.2825 0.00160282 1.3358
40000.0 5.5 0.844 -1.0445 0.9739 -0.3529 0.00201391 1.4297
45000.0 5.5 0.9046 -1.2682 1.2189 -0.4461 0.00235966 1.5007
50000.0 5.5 0.9798 -1.4952 1.4575 -0.5346 0.00268001 1.5561
55000.0 5.5 1.056 -1.7031 1.67 -0.6121 0.00297666 1.6006
60000.0 5.5 1.1283 -1.8865 1.8529 -0.6778 0.00326472 1.6371
3750.0 5.75 -0.717 3.6669 -3.5871 1.2273 2.19217e-07 -7.4788
4000.0 5.75 -0.3258 3.0902 -3.3365 1.2205 3.41918e-07 -6.8241
4250.0 5.75 0.1526 2.0481 -2.3995 0.9114 5.44023e-07 -6.2466
4500.0 5.75 0.4753 1.2814 -1.631 0.6358 8.67075e-07 -5.7335
4750.0 5.75 0.6948 0.7699 -1.0868 0.4341 1.36213e-06 -5.2746
5000.0 5.75 0.3825 1.4704 -1.6181 0.5986 2.00893e-06 -4.8619
5250.0 5.75 0.2351 1.7976 -1.8504 0.6633 3.16663e-06 -4.4888
5500.0 5.75 0.0158 2.3566 -2.3512 0.8225 4.61414e-06 -4.15
5750.0 5.75 -0.2014 2.9264 -2.8904 0.9972 6.33345e-06 -3.8411
6000.0 5.75 -0.3521 3.2893 -3.208 1.0885 8.31535e-06 -3.5584
6250.0 5.75 -0.4399 3.4561 -3.313 1.1009 1.05453e-05 -3.2988
6500.0 5.75 -0.4661 3.4262 -3.1979 1.0301 1.30016e-05 -3.0596
7000.0 5.75 -0.3805 2.9409 -2.5162 0.728 1.84328e-05 -2.634
7500.0 5.75 -0.1446 2.0369 -1.4405 0.3051 2.43061e-05 -2.2672
8000.0 5.75 0.1102 1.1498 -0.4947 -0.0286 3.04144e-05 -1.9482
8500.0 5.75 0.306 0.5185 0.0834 -0.199 3.68956e-05 -1.6687
9000.0 5.75 0.5226 -0.0881 0.5756 -0.3253 4.40246e-05 -1.4222
9500.0 5.75 0.7196 -0.6094 0.9791 -0.4237 5.16446e-05 -1.2034
10000.0 5.75 0.8249 -0.837 1.0784 -0.421 5.8367e-05 -1.0082
10500.0 5.75 0.8534 -0.8972 1.0869 -0.4129 6.57489e-05 -0.8331
11000.0 5.75 0.8488 -0.9024 1.0906 -0.4156 7.53324e-05 -0.6755
11500.0 5.75 0.8371 -0.886 1.0772 -0.414 8.62565e-05 -0.5328
12000.0 5.75 0.8264 -0.8647 1.0547 -0.4084 9.82734e-05 -0.4033
12500.0 5.75 0.8087 -0.8226 1.0076 -0.393 0.000111209 -0.2852
13000.0 5.75 0.7979 -0.7966 0.976 -0.3829 0.000124939 -0.1773
13500.0 5.75 0.7879 -0.7725 0.9447 -0.372 0.000139377 -0.0783
14000.0 5.75 0.7798 -0.7543 0.9198 -0.3632 0.000154472 0.0128
14500.0 5.75 0.7727 -0.7398 0.8988 -0.3555 0.000170215 0.0969
15000.0 5.75 0.7661 -0.7271 0.8805 -0.3489 0.000186602 0.1746
15500.0 5.75 0.7603 -0.7165 0.8646 -0.3431 0.000203631 0.2467
16000.0 5.75 0.7552 -0.7078 0.8512 -0.3384 0.000221315 0.3137
16500.0 5.75 0.7521 -0.7038 0.8427 -0.3353 0.000239658 0.376
17000.0 5.75 0.6792 -0.5311 0.6601 -0.2676 0.000258709 0.4343
20000.0 5.75 0.7874 -0.7994 0.9041 -0.3551 0.000387164 0.7149
25000.0 5.75 0.9826 -1.2138 1.2485 -0.468 0.000664523 1.0163
30000.0 5.75 0.9495 -1.0431 0.9677 -0.3459 0.00108086 1.2061
35000.0 5.75 0.7732 -0.7685 0.6771 -0.2399 0.00158993 1.3358
40000.0 5.75 0.7465 -0.8447 0.7843 -0.2859 0.00199623 1.4297
45000.0 5.75 0.7824 -1.0193 0.9826 -0.3625 0.00233669 1.5007
50000.0 5.75 0.8396 -1.2145 1.1928 -0.4414 0.00264989 1.5561
55000.0 5.75 0.9031 -1.4032 1.3901 -0.5143 0.00293895 1.6006
60000.0 5.75 0.9679 -1.5808 1.5713 -0.5802 0.00321755 1.6371
3750.0 6.0 -0.7093 3.7591 -3.7686 1.3154 2.32836e-07 -7.4788
4000.0 6.0 -0.243 2.9479 -3.2401 1.198 3.54795e-07 -6.8241
4250.0 6.0 0.2939 1.7342 -2.1076 0.8117 5.55316e-07 -6.2466
4500.0 6.0 0.6426 0.8882 -1.252 0.5022 8.74838e-07 -5.7335
4750.0 6.0 0.8778 0.3337 -0.6659 0.2842 1.36296e-06 -5.2746
5000.0 6.0 0.5407 1.1228 -1.3144 0.4959 1.93419e-06 -4.8619
5250.0 6.0 0.4185 1.3912 -1.5002 0.5487 3.09292e-06 -4.4888
5500.0 6.0 0.2023 1.9231 -1.9636 0.6959 4.5507e-06 -4.15
5750.0 6.0 -0.0392 2.553 -2.5617 0.8932 6.2891e-06 -3.8411
6000.0 6.0 -0.2284 3.0327 -3.0121 1.0368 8.28912e-06 -3.5584
6250.0 6.0 -0.3435 3.2898 -3.2259 1.0931 1.05406e-05 -3.2988
6500.0 6.0 -0.4001 3.3629 -3.2362 1.0728 1.30217e-05 -3.0596
7000.0 6.0 -0.3778 3.0892 -2.8042 0.8679 1.85569e-05 -2.634
7500.0 6.0 -0.2166 2.382 -1.9122 0.5016 2.46311e-05 -2.2672
8000.0 6.0 0.0174 1.4916 -0.8926 0.1177 3.10151e-05 -1.9482
8500.0 6.0 0.2245 0.7569 -0.1362 -0.1369 3.77258e-05 -1.6687
9000.0 6.0 0.4371 0.1029 0.4533 -0.3091 4.50175e-05 -1.4222
9500.0 6.0 0.6647 -0.5285 0.9803 -0.4514 5.28606e-05 -1.2034
10000.0 6.0 0.8153 -0.8774 1.1858 -0.4759 6.04768e-05 -1.0082
10500.0 6.0 0.8376 -0.9029 1.125 -0.432 6.70281e-05 -0.8331
11000.0 6.0 0.837 -0.9038 1.1035 -0.4206 7.57462e-05 -0.6755
11500.0 6.0 0.8244 -0.8851 1.0851 -0.4162 8.62886e-05 -0.5328
12000.0 6.0 0.8086 -0.853 1.053 -0.4075 9.79729e-05 -0.4033
12500.0 6.0 0.7954 -0.8224 1.0183 -0.3968 0.000110652 -0.2852
13000.0 6.0 0.7834 -0.7928 0.9827 -0.3851 0.0001242 -0.1773
13500.0 6.0 0.7727 -0.7653 0.9474 -0.3728 0.000138513 -0.0783
14000.0 6.0 0.7644 -0.7456 0.921 -0.3636 0.000153534 0.0128
14500.0 6.0 0.7577 -0.7306 0.8996 -0.356 0.000169231 0.0969
15000.0 6.0 0.7512 -0.7165 0.8792 -0.3485 0.000185589 0.1746
15500.0 6.0 0.7453 -0.705 0.8626 -0.3427 0.000202604 0.2467
16000.0 6.0 0.7412 -0.6982 0.8511 -0.3387 0.000220282 0.3137
16500.0 6.0 0.7346 -0.6835 0.8304 -0.3308 0.00023863 0.376
17000.0 6.0 0.7347 -0.6853 0.8271 -0.3295 0.000257643 0.4343
20000.0 6.0 0.7742 -0.7849 0.8977 -0.3533 0.000386165 0.7149
25000.0 6.0 0.9723 -1.201 1.2424 -0.4664 0.000663637 1.0163
30000.0 6.0 0.8997 -0.9361 0.8654 -0.3093 0.00107817 1.2061
35000.0 6.0 0.7185 -0.6528 0.568 -0.2017 0.00158179 1.3358
40000.0 6.0 0.6633 -0.666 0.6119 -0.2246 0.00198375 1.4297
45000.0 6.0 0.6766 -0.7933 0.7638 -0.2845 0.0023193 1.5007
50000.0 6.0 0.7159 -0.9535 0.9411 -0.3519 0.00262599 1.5561
55000.0 6.0 0.7641 -1.1127 1.1103 -0.4146 0.00290827 1.6006
60000.0 6.0 0.8213 -1.283 1.2876 -0.4799 0.00319669 1.6371
65000.0 6.0 0.6476 -0.6507 0.6226 -0.2378 0.00408687 1.6675
70000.0 6.0 0.6972 -0.8006 0.7802 -0.296 0.00438842 1.6932
75000.0 6.0 0.7506 -0.9503 0.9344 -0.3521 0.0046902 1.7153
80000.0 6.0 0.8048 -1.0944 1.0803 -0.4049 0.00499327 1.7344
85000.0 6.0 0.858 -1.2287 1.2137 -0.4525 0.00529884 1.7511
90000.0 6.0 0.9093 -1.3519 1.3336 -0.4949 0.00560736 1.7659
100000.0 6.0 1.0012 -1.562 1.536 -0.5664 0.00624116 1.7907
3750.0 6.25 -0.6814 3.7908 -3.8796 1.3761 2.47438e-07 -7.4788
4000.0 6.25 -0.1585 2.7893 -3.1157 1.1624 3.68862e-07 -6.8241
4250.0 6.25 0.4192 1.4497 -1.8352 0.7166 5.67668e-07 -6.2466
4500.0 6.25 0.7945 0.524 -0.8914 0.3725 8.83635e-07 -5.7335
4750.0 6.25 1.0351 -0.0483 -0.2906 0.1494 1.36609e-06 -5.2746
5000.0 6.25 0.6336 0.9214 -1.1453 0.4394 1.86168e-06 -4.8619
5250.0 6.25 0.5643 1.0664 -1.2204 0.4556 3.00527e-06 -4.4888
5500.0 6.25 0.3718 1.5274 -1.6106 0.5797 4.47473e-06 -4.15
5750.0 6.25 0.1216 2.1704 -2.2156 0.7807 6.2363e-06 -3.8411
6000.0 6.25 -0.1014 2.7485 -2.7737 0.9661 8.26237e-06 -3.5584
6250.0 6.25 -0.2476 3.0998 -3.0938 1.0639 1.05409e-05 -3.2988
6500.0 6.25 -0.3305 3.2658 -3.2197 1.0909 1.30522e-05 -3.0596
7000.0 6.25 -0.3532 3.15 -2.9792 0.9618 1.86855e-05 -2.634
7500.0 6.25 -0.2573 2.6454 -2.3092 0.6763 2.49405e-05 -2.2672
8000.0 6.25 -0.0709 1.8572 -1.3521 0.2982 3.15981e-05 -1.9482
8500.0 6.25 0.1311 1.0752 -0.4795 -0.0193 3.85923e-05 -1.6687
9000.0 6.25 0.3387 0.3676 0.2282 -0.2508 4.61099e-05 -1.4222
9500.0 6.25 0.5841 -0.3567 0.8847 -0.4464 5.42193e-05 -1.2034
10000.0 6.25 0.7462 -0.7955 1.2245 -0.5257 6.24843e-05 -1.0082
10500.0 6.25 0.8188 -0.9266 1.2218 -0.4836 6.93572e-05 -0.8331
11000.0 6.25 0.8262 -0.9096 1.1321 -0.4342 7.68927e-05 -0.6755
11500.0 6.25 0.8134 -0.8841 1.0963 -0.4206 8.6844e-05 -0.5328
12000.0 6.25 0.7978 -0.8534 1.0645 -0.4116 9.82264e-05 -0.4033
12500.0 6.25 0.7831 -0.8196 1.028 -0.4008 0.000110649 -0.2852
13000.0 6.25 0.7695 -0.7853 0.9867 -0.3868 0.000123999 -0.1773
13500.0 6.25 0.758 -0.7552 0.9489 -0.3736 0.000138174 -0.0783
14000.0 6.25 0.7489 -0.7315 0.9172 -0.3622 0.000153116 0.0128
14500.0 6.25 0.7423 -0.7162 0.8958 -0.355 0.000168768 0.0969
15000.0 6.25 0.7368 -0.7035 0.8767 -0.348 0.000185116 0.1746
15500.0 6.25 0.7285 -0.6846 0.8518 -0.339 0.000202149 0.2467
16000.0 6.25 0.7265 -0.6815 0.8438 -0.3363 0.00021985 0.3137
16500.0 6.25 0.7235 -0.676 0.8337 -0.3328 0.000238226 0.376
17000.0 6.25 0.7211 -0.6707 0.8226 -0.3285 0.000257295 0.4343
20000.0 6.25 0.7666 -0.7796 0.9018 -0.3556 0.000386195 0.7149
25000.0 6.25 0.9624 -1.184 1.2329 -0.4642 0.000664482 1.0163
30000.0 6.25 0.9011 -0.9468 0.8839 -0.3178 0.00107862 1.2061
35000.0 6.25 0.6741 -0.5538 0.4731 -0.1683 0.0015776 1.3358
40000.0 6.25 0.5951 -0.5131 0.4616 -0.1706 0.00197528 1.4297
45000.0 6.25 0.5896 -0.5997 0.5729 -0.2157 0.00230621 1.5007
50000.0 6.25 0.6133 -0.7295 0.7212 -0.2728 0.00261464 1.5561
55000.0 6.25 0.6488 -0.8649 0.8683 -0.328 0.00289624 1.6006
60000.0 6.25 0.6902 -1.0005 1.0114 -0.3808 0.00316395 1.6371
3750.0 6.5 -0.6334 3.761 -3.918 1.408 2.63067e-07 -7.4788
4000.0 6.5 -0.0727 2.6187 -2.9706 1.1173 3.84392e-07 -6.8241
4250.0 6.5 0.5285 1.1983 -1.5897 0.6296 5.81562e-07 -6.2466
4500.0 6.5 0.9247 0.2086 -0.5749 0.2575 8.94078e-07 -5.7335
4750.0 6.5 1.1692 -0.3775 0.0375 0.0303 1.37076e-06 -5.2746
5000.0 6.5 0.7425 0.6593 -0.9006 0.3537 1.78957e-06 -4.8619
5250.0 6.5 0.6799 0.8053 -0.9948 0.3794 2.91762e-06 -4.4888
5500.0 6.5 0.5191 1.1847 -1.3085 0.4801 4.38704e-06 -4.15
5750.0 6.5 0.2776 1.7928 -1.8701 0.6665 6.1717e-06 -3.8411
6000.0 6.5 0.0323 2.4325 -2.4923 0.8771 8.23078e-06 -3.5584
6250.0 6.5 -0.1494 2.8874 -2.9256 1.0182 1.05481e-05 -3.2988
6500.0 6.5 -0.25 3.1049 -3.1075 1.0666 1.30994e-05 -3.0596
7000.0 6.5 -0.3108 3.1301 -3.044 1.0098 1.88369e-05 -2.634
7500.0 6.5 -0.26 2.7865 -2.5669 0.799 2.52557e-05 -2.2672
8000.0 6.5 -0.137 2.1832 -1.7969 0.4832 3.21674e-05 -1.9482
8500.0 6.5 0.0381 1.4395 -0.9156 0.1454 3.94722e-05 -1.6687
9000.0 6.5 0.2301 0.713 -0.1235 -0.1361 4.72839e-05 -1.4222
9500.0 6.5 0.4784 -0.0786 0.6557 -0.3895 5.56929e-05 -1.2034
10000.0 6.5 0.682 -0.6691 1.1778 -0.5391 6.44585e-05 -1.0082
10500.0 6.5 0.7828 -0.9148 1.3141 -0.5463 7.24676e-05 -0.8331
11000.0 6.5 0.8145 -0.9319 1.2102 -0.4751 7.92463e-05 -0.6755
11500.0 6.5 0.8029 -0.8825 1.1142 -0.4299 8.80913e-05 -0.5328
12000.0 6.5 0.7854 -0.8427 1.0663 -0.4126 9.90763e-05 -0.4033
12500.0 6.5 0.7699 -0.8086 1.0293 -0.4014 0.000111268 -0.2852
13000.0 6.5 0.7382 -0.7322 0.947 -0.373 0.00012444 -0.1773
13500.0 6.5 0.7448 -0.7435 0.9503 -0.3749 0.000138468 -0.0783
14000.0 6.5 0.7336 -0.7145 0.9135 -0.362 0.000153319 0.0128
14500.0 6.5 0.7264 -0.6952 0.8865 -0.3522 0.000168935 0.0969
15000.0 6.5 0.7221 -0.6841 0.8686 -0.3458 0.000185284 0.1746
15500.0 6.5 0.715 -0.6676 0.8461 -0.3378 0.000202341 0.2467
16000.0 6.5 0.7124 -0.6622 0.8353 -0.3341 0.0002201 0.3137
16500.0 6.5 0.7103 -0.6577 0.8259 -0.3309 0.000238555 0.376
17000.0 6.5 0.7071 -0.6496 0.8119 -0.3256 0.000257701 0.4343
20000.0 6.5 0.7586 -0.7683 0.9004 -0.3565 0.000387299 0.7149
25000.0 6.5 0.9544 -1.1644 1.2199 -0.461 0.000667008 1.0163
30000.0 6.5 0.8806 -0.8972 0.8377 -0.3023 0.00108175 1.2061
35000.0 6.5 0.6385 -0.4682 0.3881 -0.1379 0.0015764 1.3358
40000.0 6.5 0.5432 -0.3907 0.3388 -0.1263 0.00196983 1.4297
45000.0 6.5 0.5225 -0.4445 0.4171 -0.1592 0.00229667 1.5007
50000.0 6.5 0.5314 -0.5421 0.5333 -0.2046 0.0025988 1.5561
55000.0 6.5 0.5543 -0.6516 0.6555 -0.2509 0.00287382 1.6006
60000.0 6.5 0.5843 -0.7649 0.7778 -0.2964 0.00313535 1.6371
65000.0 6.5 0.4225 -0.1287 0.0883 -0.0409 0.00398957 1.6675
70000.0 6.5 0.4386 -0.2107 0.183 -0.0773 0.00426832 1.6932
75000.0 6.5 0.4605 -0.2996 0.2818 -0.1147 0.00454488 1.7153
80000.0 6.5 0.4875 -0.3951 0.3857 -0.1536 0.00482044 1.7344
85000.0 6.5 0.5179 -0.493 0.4899 -0.1921 0.00509596 1.7511
90000.0 6.5 0.551 -0.5928 0.5945 -0.2306 0.0053721 1.7659
100000.0 6.5 0.6187 -0.7881 0.7976 -0.305 0.00592838 1.7907
3750.0 6.75 -0.5681 3.6778 -3.8924 1.4143 2.79813e-07 -7.4788
4000.0 6.75 0.0142 2.4378 -2.8076 1.0636 4.01542e-07 -6.8241
4250.0 6.75 0.6236 0.9775 -1.3698 0.5506 5.97142e-07 -6.2466
4500.0 6.75 1.0314 -0.0498 -0.3131 0.1618 9.06474e-07 -5.7335
4750.0 6.75 1.2784 -0.6616 0.3301 -0.0779 1.37758e-06 -5.2746
5000.0 6.75 0.7945 0.5373 -0.794 0.3172 1.72445e-06 -4.8619
5250.0 6.75 0.7622 0.62 -0.8383 0.3273 2.81604e-06 -4.4888
5500.0 6.75 0.637 0.9144 -1.0766 0.4039 4.28709e-06 -4.15
5750.0 6.75 0.4223 1.4425 -1.5519 0.5613 6.09265e-06 -3.8411
6000.0 6.75 0.1709 2.0895 -2.1734 0.7717 8.1909e-06 -3.5584
6250.0 6.75 -0.0393 2.6227 -2.6873 0.9429 1.05509e-05 -3.2988
6500.0 6.75 -0.1762 2.9505 -2.9924 1.0387 1.3151e-05 -3.0596
7000.0 6.75 -0.2703 3.0876 -3.0607 1.0339 1.90051e-05 -2.634
7500.0 6.75 -0.2519 2.8729 -2.7473 0.8892 2.55858e-05 -2.2672
8000.0 6.75 -0.1682 2.4107 -2.1419 0.635 3.27307e-05 -1.9482
8500.0 6.75 -0.0416 1.7971 -1.3758 0.329 4.03449e-05 -1.6687
9000.0 6.75 0.124 1.1034 -0.5688 0.0256 4.84927e-05 -1.4222
9500.0 6.75 0.3508 0.3119 0.2709 -0.2676 5.7268e-05 -1.2034
10000.0 6.75 0.5898 -0.4274 0.9875 -0.497 6.64793e-05 -1.0082
10500.0 6.75 0.7224 -0.8073 1.3012 -0.5757 7.55862e-05 -0.8331
11000.0 6.75 0.7881 -0.9329 1.3054 -0.5358 8.29361e-05 -0.6755
11500.0 6.75 0.7919 -0.8904 1.1673 -0.4602 9.04859e-05 -0.5328
12000.0 6.75 0.7727 -0.8282 1.0711 -0.4177 0.000100608 -0.4033
12500.0 6.75 0.7564 -0.7896 1.025 -0.4015 0.000112523 -0.2852
13000.0 6.75 0.7417 -0.7533 0.9824 -0.3874 0.000125513 -0.1773
13500.0 6.75 0.7279 -0.7167 0.9384 -0.3723 0.000139437 -0.0783
14000.0 6.75 0.7179 -0.6889 0.9016 -0.3591 0.000154206 0.0128
14500.0 6.75 0.7107 -0.67 0.8756 -0.3502 0.000169777 0.0969
15000.0 6.75 0.7055 -0.6552 0.8525 -0.3416 0.00018613 0.1746
15500.0 6.75 0.702 -0.6462 0.8373 -0.3363 0.000203226 0.2467
16000.0 6.75 0.6987 -0.6377 0.8228 -0.3312 0.000221053 0.3137
16500.0 6.75 0.6972 -0.6332 0.8121 -0.3273 0.000239601 0.376
17000.0 6.75 0.6949 -0.6273 0.8009 -0.3233 0.000258861 0.4343
20000.0 6.75 0.7503 -0.7491 0.8903 -0.3548 0.000389373 0.7149
25000.0 6.75 0.9445 -1.133 1.1921 -0.4522 0.000670918 1.0163
30000.0 6.75 0.8413 -0.7966 0.7361 -0.266 0.00108698 1.2061
35000.0 6.75 0.6127 -0.4001 0.3169 -0.1117 0.00157745 1.3358
40000.0 6.75 0.506 -0.2979 0.2427 -0.0909 0.00196671 1.4297
45000.0 6.75 0.4726 -0.3238 0.2929 -0.1135 0.00228958 1.5007
50000.0 6.75 0.4702 -0.3974 0.3853 -0.1501 0.00258734 1.5561
55000.0 6.75 0.4804 -0.482 0.4843 -0.1882 0.00285999 1.6006
60000.0 6.75 0.5018 -0.5748 0.5853 -0.2259 0.00311158 1.6371
3750.0 7.0 -0.4885 3.5492 -3.8117 1.3984 2.9774e-07 -7.4788
4000.0 7.0 0.1033 2.2455 -2.6272 1.0023 4.20422e-07 -6.8241
4250.0 7.0 0.7065 0.7836 -1.1737 0.4794 6.14727e-07 -6.2466
4500.0 7.0 1.1154 -0.2534 -0.1044 0.085 9.20913e-07 -5.7335
4750.0 7.0 1.3289 -0.8014 0.4763 -0.1326 1.38638e-06 -5.2746
5000.0 7.0 0.8302 0.4531 -0.7228 0.2934 1.66732e-06 -4.8619
5250.0 7.0 0.8039 0.5161 -0.7494 0.2968 2.71889e-06 -4.4888
5500.0 7.0 0.7321 0.696 -0.8907 0.3423 4.17628e-06 -4.15
5750.0 7.0 0.5497 1.1363 -1.2779 0.4705 5.99615e-06 -3.8411
6000.0 7.0 0.307 1.7493 -1.8558 0.6656 8.13133e-06 -3.5584
6250.0 7.0 0.0761 2.3379 -2.424 0.857 1.0544e-05 -3.2988
6500.0 7.0 -0.089 2.7407 -2.8045 0.9805 1.32036e-05 -3.0596
7000.0 7.0 -0.2234 3.0005 -3.0078 1.0266 1.91917e-05 -2.634
7500.0 7.0 -0.2267 2.8789 -2.8162 0.9322 2.59386e-05 -2.2672
8000.0 7.0 -0.1805 2.5663 -2.3981 0.7522 3.33053e-05 -1.9482
8500.0 7.0 -0.0906 2.081 -1.7756 0.4973 4.12077e-05 -1.6687
9000.0 7.0 0.0352 1.4896 -1.0531 0.2148 4.96997e-05 -1.4222
9500.0 7.0 0.2203 0.7698 -0.2363 -0.0872 5.88762e-05 -1.2034
10000.0 7.0 0.4673 -0.0509 0.6203 -0.3831 6.85907e-05 -1.0082
10500.0 7.0 0.6377 -0.5783 1.1225 -0.5388 7.8445e-05 -0.8331
11000.0 7.0 0.7267 -0.8219 1.2946 -0.5678 8.74052e-05 -0.6755
11500.0 7.0 0.7681 -0.8802 1.2402 -0.5117 9.45349e-05 -0.5328
12000.0 7.0 0.7591 -0.815 1.097 -0.4384 0.000103237 -0.4033
12500.0 7.0 0.7408 -0.7576 1.0112 -0.4007 0.000114496 -0.2852
13000.0 7.0 0.7254 -0.7176 0.9602 -0.3816 0.000127298 -0.1773
13500.0 7.0 0.7134 -0.6875 0.9235 -0.3694 0.000141078 -0.0783
14000.0 7.0 0.7027 -0.6565 0.8832 -0.355 0.000155801 0.0128
14500.0 7.0 0.6912 -0.6257 0.8433 -0.3405 0.000171357 0.0969
15000.0 7.0 0.685 -0.6092 0.8191 -0.3319 0.000187716 0.1746
15500.0 7.0 0.6863 -0.6089 0.8108 -0.3287 0.000204843 0.2467
16000.0 7.0 0.6841 -0.6017 0.7965 -0.3234 0.000222748 0.3137
16500.0 7.0 0.6838 -0.5998 0.7888 -0.3208 0.000241391 0.376
17000.0 7.0 0.6802 -0.5907 0.7744 -0.3159 0.000260781 0.4343
20000.0 7.0 0.7474 -0.7341 0.8818 -0.3537 0.000392335 0.7149
25000.0 7.0 0.9384 -1.1021 1.1603 -0.4415 0.00067604 1.0163
30000.0 7.0 0.8499 -0.8021 0.7365 -0.2656 0.00109367 1.2061
35000.0 7.0 0.5949 -0.3489 0.2611 -0.0908 0.00158014 1.3358
40000.0 7.0 0.4796 -0.2281 0.1676 -0.0626 0.00196532 1.4297
45000.0 7.0 0.4391 -0.2394 0.2038 -0.0801 0.00228463 1.5007
50000.0 7.0 0.4264 -0.2908 0.2748 -0.1091 0.00257726 1.5561
55000.0 7.0 0.4301 -0.3592 0.357 -0.1411 0.00283893 1.6006
60000.0 7.0 0.4414 -0.4333 0.4414 -0.1731 0.00308877 1.6371
65000.0 7.0 0.3055 0.1688 -0.2285 0.0785 0.00392791 1.6675
70000.0 7.0 0.2944 0.1486 -0.1953 0.0643 0.00419027 1.6932
75000.0 7.0 0.2902 0.117 -0.1521 0.0467 0.004449 1.7153
80000.0 7.0 0.2913 0.078 -0.1033 0.0276 0.00470544 1.7344
85000.0 7.0 0.2971 0.0313 -0.0476 0.0059 0.00496077 1.7511
90000.0 7.0 0.3066 -0.0201 0.0116 -0.0167 0.00521523 1.7659
100000.0 7.0 0.3291 -0.1255 0.1309 -0.0619 0.00572422 1.7907
3750.0 7.25 -0.3971 3.3813 -3.6814 1.3621 3.16711e-07 -7.4788
4000.0 7.25 0.1945 2.0432 -2.4317 0.9341 4.41108e-07 -6.8241
4250.0 7.25 0.7798 0.6112 -0.9967 0.4145 6.34488e-07 -6.2466
4500.0 7.25 1.1824 -0.4158 0.0646 0.0222 9.3793e-07 -5.7335
4750.0 7.25 1.3805 -0.9312 0.609 -0.1815 1.39735e-06 -5.2746
5000.0 7.25 0.8571 0.3971 -0.6805 0.2802 1.61822e-06 -4.8619
5250.0 7.25 0.8457 0.4224 -0.6755 0.2735 2.62596e-06 -4.4888
5500.0 7.25 0.7878 0.5631 -0.7794 0.3051 4.05618e-06 -4.15
5750.0 7.25 0.6536 0.8891 -1.0616 0.3991 5.88298e-06 -3.8411
6000.0 7.25 0.4366 1.4278 -1.559 0.5665 8.05483e-06 -3.5584
6250.0 7.25 0.1971 2.0348 -2.1407 0.7633 1.05207e-05 -3.2988
6500.0 7.25 0.0022 2.5188 -2.6027 0.9163 1.32479e-05 -3.0596
7000.0 7.25 -0.1826 2.9197 -2.9522 1.0158 1.93936e-05 -2.634
7500.0 7.25 -0.2067 2.8761 -2.8558 0.9592 2.63214e-05 -2.2672
8000.0 7.25 -0.1779 2.6527 -2.5589 0.8292 3.38996e-05 -1.9482
8500.0 7.25 -0.1221 2.3067 -2.1093 0.6416 4.20787e-05 -1.6687
9000.0 7.25 -0.0317 1.8346 -1.5156 0.4035 5.09049e-05 -1.4222
9500.0 7.25 0.1094 1.2252 -0.79 0.1245 6.04898e-05 -1.2034
10000.0 7.25 0.3263 0.4409 0.0807 -0.1933 7.07271e-05 -1.0082
10500.0 7.25 0.525 -0.2159 0.7621 -0.4266 8.1251e-05 -0.8331
11000.0 7.25 0.6332 -0.5566 1.0781 -0.519 9.15566e-05 -0.6755
11500.0 7.25 0.7024 -0.7355 1.1814 -0.5239 9.99966e-05 -0.5328
12000.0 7.25 0.7293 -0.7621 1.11 -0.4665 0.000107617 -0.4033
12500.0 7.25 0.7196 -0.7045 0.9865 -0.4023 0.000117517 -0.2852
13000.0 7.25 0.7056 -0.6595 0.9145 -0.3693 0.000129787 -0.1773
13500.0 7.25 0.6947 -0.631 0.8752 -0.3542 0.000143439 -0.0783
14000.0 7.25 0.6852 -0.6057 0.8413 -0.342 0.000158059 0.0128
14500.0 7.25 0.6788 -0.5854 0.8116 -0.3313 0.000173599 0.0969
15000.0 7.25 0.6769 -0.5771 0.7939 -0.3246 0.000189958 0.1746
15500.0 7.25 0.6725 -0.5655 0.7754 -0.3182 0.000207122 0.2467
16000.0 7.25 0.6702 -0.5574 0.7592 -0.312 0.000225092 0.3137
16500.0 7.25 0.669 -0.553 0.7483 -0.3081 0.000243832 0.376
17000.0 7.25 0.6723 -0.558 0.7464 -0.3074 0.000263336 0.4343
20000.0 7.25 0.743 -0.7049 0.853 -0.3442 0.000395935 0.7149
25000.0 7.25 0.9352 -1.0713 1.1236 -0.4278 0.000681936 1.0163
30000.0 7.25 0.8441 -0.7724 0.6995 -0.2512 0.00110139 1.2061
35000.0 7.25 0.5912 -0.3296 0.235 -0.08 0.00158387 1.3358
40000.0 7.25 0.4686 -0.1946 0.1292 -0.0476 0.00196504 1.4297
45000.0 7.25 0.4177 -0.1826 0.1419 -0.0565 0.00228093 1.5007
50000.0 7.25 0.3977 -0.2171 0.196 -0.0793 0.0025672 1.5561
55000.0 7.25 0.3945 -0.2718 0.2659 -0.1072 0.00282561 1.6006
60000.0 7.25 0.3987 -0.331 0.3356 -0.1338 0.00307498 1.6371
3750.0 7.5 -0.3008 3.1903 -3.5177 1.3112 3.36738e-07 -7.4788
4000.0 7.5 0.2866 1.8336 -2.2234 0.8598 4.63782e-07 -6.8241
4250.0 7.5 0.8461 0.4542 -0.8331 0.3541 6.56804e-07 -6.2466
4500.0 7.5 1.235 -0.5413 0.196 -0.0268 9.57766e-07 -5.7335
4750.0 7.5 1.4306 -1.0538 0.7355 -0.2285 1.41145e-06 -5.2746
5000.0 7.5 0.8725 0.372 -0.668 0.2778 1.57565e-06 -4.8619
5250.0 7.5 0.8562 0.397 -0.6632 0.271 2.54213e-06 -4.4888
5500.0 7.5 0.8296 0.4656 -0.7024 0.2805 3.93266e-06 -4.15
5750.0 7.5 0.7318 0.7034 -0.9024 0.3463 5.75413e-06 -3.8411
6000.0 7.5 0.5512 1.1458 -1.3028 0.481 7.95502e-06 -3.5584
6250.0 7.5 0.32 1.7269 -1.8538 0.6679 1.04762e-05 -3.2988
6500.0 7.5 0.1036 2.2675 -2.3705 0.841 1.32774e-05 -3.0596
7000.0 7.5 -0.1368 2.8156 -2.8645 0.9912 1.95886e-05 -2.634
7500.0 7.5 -0.1925 2.871 -2.877 0.9752 2.67214e-05 -2.2672
8000.0 7.5 -0.1703 2.6985 -2.6557 0.8776 3.45191e-05 -1.9482
8500.0 7.5 -0.1297 2.4432 -2.3337 0.7432 4.29601e-05 -1.6687
9000.0 7.5 -0.0684 2.0949 -1.8946 0.565 5.21057e-05 -1.4222
9500.0 7.5 0.0241 1.6392 -1.3326 0.3428 6.20639e-05 -1.2034
10000.0 7.5 0.1992 0.9548 -0.5394 0.0425 7.28243e-05 -1.0082
10500.0 7.5 0.3992 0.2502 0.2341 -0.2375 8.40111e-05 -0.8331
11000.0 7.5 0.5233 -0.1713 0.6703 -0.3846 9.52465e-05 -0.6755
11500.0 7.5 0.596 -0.4042 0.877 -0.4395 0.000105734 -0.5328
12000.0 7.5 0.6569 -0.561 0.9649 -0.442 0.000113831 -0.4033
12500.0 7.5 0.6808 -0.5939 0.918 -0.3977 0.000122316 -0.2852
13000.0 7.5 0.6779 -0.5639 0.8322 -0.3484 0.000133341 -0.1773
13500.0 7.5 0.6717 -0.543 0.787 -0.3248 0.000146535 -0.0783
14000.0 7.5 0.6681 -0.5357 0.7703 -0.3176 0.000161035 0.0128
14500.0 7.5 0.6647 -0.5283 0.7558 -0.3126 0.000176478 0.0969
15000.0 7.5 0.662 -0.5207 0.7406 -0.3073 0.00019274 0.1746
15500.0 7.5 0.6493 -0.4909 0.704 -0.2942 0.000210097 0.2467
16000.0 7.5 0.6475 -0.4852 0.6904 -0.2891 0.000228125 0.3137
16500.0 7.5 0.6528 -0.4946 0.692 -0.2894 0.000246942 0.376
17000.0 7.5 0.6575 -0.5021 0.6915 -0.2889 0.000266549 0.4343
20000.0 7.5 0.7445 -0.6821 0.8255 -0.3345 0.00040014 0.7149
25000.0 7.5 0.9439 -1.0635 1.105 -0.4195 0.000688543 1.0163
30000.0 7.5 0.8448 -0.7586 0.6764 -0.241 0.00111008 1.2061
35000.0 7.5 0.5882 -0.3145 0.2143 -0.0712 0.00158863 1.3358
40000.0 7.5 0.4623 -0.1731 0.1029 -0.0369 0.00196591 1.4297
45000.0 7.5 0.403 -0.1426 0.0979 -0.0395 0.00227872 1.5007
50000.0 7.5 0.3804 -0.1723 0.148 -0.0612 0.00256172 1.5561
55000.0 7.5 0.3708 -0.2123 0.2029 -0.0834 0.00281808 1.6006
60000.0 7.5 0.3692 -0.258 0.2594 -0.1054 0.00305774 1.6371
65000.0 7.5 0.1534 0.3833 -0.4169 0.1451 0.00359156 1.6675
70000.0 7.5 0.1318 0.3904 -0.4136 0.1424 0.00382843 1.6932
75000.0 7.5 0.1142 0.3923 -0.4061 0.1383 0.0040598 1.7153
80000.0 7.5 0.103 0.384 -0.3896 0.1313 0.00428672 1.7344
85000.0 7.5 0.0956 0.37 -0.3686 0.1227 0.00451286 1.7511
90000.0 7.5 0.092 0.35 -0.342 0.1122 0.00473682 1.7659
100000.0 7.5 0.086 0.3124 -0.2927 0.0927 0.00518241 1.7907
3750.0 7.75 -0.193 2.9634 -3.3101 1.2423 3.58316e-07 -7.4788
4000.0 7.75 0.3809 1.6142 -2.0011 0.7793 4.88577e-07 -6.8241
4250.0 7.75 0.9067 0.3104 -0.6811 0.2974 6.81795e-07 -6.2466
4500.0 7.75 1.2764 -0.6391 0.3003 -0.066 9.80806e-07 -5.7335
4750.0 7.75 1.4681 -1.1436 0.8292 -0.2636 1.42909e-06 -5.2746
5000.0 7.75 0.8861 0.3549 -0.6621 0.2776 1.53797e-06 -4.8619
5250.0 7.75 0.8511 0.4081 -0.6834 0.2793 2.46749e-06 -4.4888
5500.0 7.75 0.8425 0.4286 -0.6772 0.2728 3.8113e-06 -4.15
5750.0 7.75 0.7833 0.5771 -0.7955 0.3105 5.61344e-06 -3.8411
6000.0 7.75 0.6449 0.9181 -1.1006 0.4136 7.83085e-06 -3.5584
6250.0 7.75 0.4373 1.4337 -1.5816 0.5765 1.04043e-05 -3.2988
6500.0 7.75 0.2152 1.9847 -2.1028 0.7512 1.32773e-05 -3.0596
7000.0 7.75 -0.0812 2.6823 -2.7445 0.9542 1.97765e-05 -2.634
7500.0 7.75 -0.1693 2.8271 -2.8461 0.9694 2.7115e-05 -2.2672
8000.0 7.75 -0.1647 2.7278 -2.7171 0.9087 3.51585e-05 -1.9482
8500.0 7.75 -0.1331 2.5416 -2.4978 0.8182 4.38593e-05 -1.6687
9000.0 7.75 -0.0931 2.3043 -2.2092 0.7015 5.32958e-05 -1.4222
9500.0 7.75 -0.0191 1.9411 -1.7686 0.5274 6.35994e-05 -1.2034
10000.0 7.75 0.0989 1.4324 -1.1612 0.2917 7.48221e-05 -1.0082
10500.0 7.75 0.2798 0.7561 -0.3888 0.0019 8.665e-05 -0.8331
11000.0 7.75 0.4165 0.2717 0.139 -0.1872 9.86823e-05 -0.6755
11500.0 7.75 0.4895 0.0169 0.3955 -0.269 0.000110555 -0.5328
12000.0 7.75 0.5475 -0.1718 0.5589 -0.3096 0.000120926 -0.4033
12500.0 7.75 0.6057 -0.3344 0.6717 -0.3275 0.000129164 -0.2852
13000.0 7.75 0.6327 -0.3928 0.669 -0.3031 0.000138632 -0.1773
13500.0 7.75 0.6411 -0.4072 0.6411 -0.2769 0.000150667 -0.0783
14000.0 7.75 0.647 -0.4271 0.6438 -0.2713 0.000164704 0.0128
14500.0 7.75 0.6515 -0.4478 0.6601 -0.2765 0.000180045 0.0969
15000.0 7.75 0.6538 -0.4606 0.6698 -0.2809 0.000196271 0.1746
15500.0 7.75 0.655 -0.4645 0.668 -0.2806 0.000213511 0.2467
16000.0 7.75 0.6573 -0.4676 0.6626 -0.2783 0.000231684 0.3137
16500.0 7.75 0.6604 -0.4746 0.6628 -0.2783 0.00025057 0.376
17000.0 7.75 0.6693 -0.4918 0.6715 -0.2809 0.00027025 0.4343
20000.0 7.75 0.7566 -0.6758 0.8076 -0.3265 0.000404753 0.7149
25000.0 7.75 0.9534 -1.0591 1.0886 -0.4115 0.000695663 1.0163
30000.0 7.75 0.8532 -0.7655 0.6747 -0.2386 0.00111946 1.2061
35000.0 7.75 0.5942 -0.324 0.2205 -0.0727 0.00159406 1.3358
40000.0 7.75 0.4628 -0.1699 0.0963 -0.0336 0.00196765 1.4297
45000.0 7.75 0.4017 -0.1352 0.0873 -0.0349 0.00227764 1.5007
50000.0 7.75 0.37 -0.1427 0.115 -0.0483 0.00255492 1.5561
55000.0 7.75 0.3557 -0.1717 0.159 -0.0667 0.00280549 1.6006
60000.0 7.75 0.3492 -0.2075 0.2063 -0.0854 0.00304884 1.6371
65000.0 7.75 0.2855 0.2536 -0.3372 0.1234 0.00387123 1.6675
70000.0 7.75 0.254 0.2841 -0.3559 0.1282 0.00411723 1.6932
75000.0 7.75 0.2276 0.3064 -0.3672 0.1305 0.00435732 1.7153
80000.0 7.75 0.2072 0.3182 -0.369 0.1296 0.00459286 1.7344
85000.0 7.75 0.1905 0.3253 -0.368 0.128 0.00482703 1.7511
90000.0 7.75 0.1777 0.3252 -0.3601 0.124 0.00505878 1.7659
100000.0 7.75 0.1543 0.3256 -0.3467 0.1172 0.00551888 1.7907
3750.0 8.0 -0.0727 2.6984 -3.0565 1.1547 3.82859e-07 -7.4788
4000.0 8.0 0.475 1.3913 -1.7712 0.6951 5.15652e-07 -6.8241
4250.0 8.0 0.9628 0.1757 -0.5366 0.2431 7.09718e-07 -6.2466
4500.0 8.0 1.3098 -0.7181 0.3879 -0.0996 1.0072e-06 -5.7335
4750.0 8.0 1.4938 -1.203 0.8927 -0.2876 1.45077e-06 -5.2746
5000.0 8.0 0.9083 0.3213 -0.6392 0.2714 1.50389e-06 -4.8619
5250.0 8.0 0.8512 0.4196 -0.7093 0.2912 2.40207e-06 -4.4888
5500.0 8.0 0.8578 0.3964 -0.6614 0.2699 3.69704e-06 -4.15
5750.0 8.0 0.8223 0.4869 -0.726 0.289 5.46268e-06 -3.8411
6000.0 8.0 0.7157 0.7462 -0.9519 0.3642 7.68596e-06 -3.5584
6250.0 8.0 0.5423 1.1725 -1.3424 0.4961 1.03011e-05 -3.2988
6500.0 8.0 0.3278 1.7023 -1.8396 0.6633 1.32459e-05 -3.0596
7000.0 8.0 -0.0182 2.5335 -2.6137 0.9145 1.99384e-05 -2.634
7500.0 8.0 -0.1433 2.772 -2.8015 0.958 2.75099e-05 -2.2672
8000.0 8.0 -0.1726 2.784 -2.7985 0.9451 3.5808e-05 -1.9482
8500.0 8.0 -0.1334 2.6057 -2.6059 0.8681 4.47747e-05 -1.6687
9000.0 8.0 -0.0966 2.4266 -2.4123 0.7933 5.4489e-05 -1.4222
9500.0 8.0 -0.0381 2.1598 -2.1091 0.6768 6.51093e-05 -1.2034
10000.0 8.0 0.0495 1.7765 -1.6578 0.5019 7.67208e-05 -1.0082
10500.0 8.0 0.1941 1.2076 -0.9955 0.2488 8.91434e-05 -0.8331
11000.0 8.0 0.3297 0.7055 -0.4296 0.0389 0.000101886 -0.6755
11500.0 8.0 0.4104 0.4204 -0.1289 -0.0645 0.000114738 -0.5328
12000.0 8.0 0.4611 0.2442 0.0395 -0.1134 0.000127126 -0.4033
12500.0 8.0 0.5158 0.0574 0.2123 -0.1614 0.000137331 -0.2852
13000.0 8.0 0.5675 -0.1045 0.3446 -0.1924 0.000146108 -0.1773
13500.0 8.0 0.5978 -0.1961 0.3984 -0.1936 0.000156452 -0.0783
14000.0 8.0 0.6197 -0.2626 0.4384 -0.1949 0.000169488 0.0128
14500.0 8.0 0.6381 -0.3314 0.5039 -0.2147 0.000184313 0.0969
15000.0 8.0 0.6508 -0.3848 0.5622 -0.2368 0.000200489 0.1746
15500.0 8.0 0.6595 -0.4217 0.603 -0.2537 0.000217444 0.2467
16000.0 8.0 0.6649 -0.4426 0.6229 -0.2622 0.000235618 0.3137
16500.0 8.0 0.6459 -0.4107 0.5914 -0.2523 0.000254737 0.376
17000.0 8.0 0.6765 -0.4692 0.6353 -0.2662 0.000274456 0.4343
20000.0 8.0 0.7695 -0.6738 0.793 -0.3194 0.000409775 0.7149
25000.0 8.0 0.9725 -1.0798 1.0976 -0.4125 0.000703178 1.0163
30000.0 8.0 0.8636 -0.7818 0.6847 -0.2407 0.0011295 1.2061
35000.0 8.0 0.6012 -0.3379 0.2319 -0.0761 0.0016002 1.3358
40000.0 8.0 0.4659 -0.174 0.0982 -0.0336 0.00197028 1.4297
45000.0 8.0 0.401 -0.1302 0.0807 -0.0321 0.0022776 1.5007
50000.0 8.0 0.3656 -0.1292 0.1001 -0.0426 0.00255222 1.5561
55000.0 8.0 0.3465 -0.1463 0.1316 -0.0562 0.00280044 1.6006
60000.0 8.0 0.3367 -0.1743 0.1709 -0.072 0.00303775 1.6371
3750.0 8.25 0.0377 2.4495 -2.811 1.0678 4.08233e-07 -7.4788
4000.0 8.25 0.5659 1.1737 -1.5438 0.6111 5.45364e-07 -6.8241
4250.0 8.25 1.0148 0.0504 -0.4005 0.1916 7.40745e-07 -6.2466
4500.0 8.25 1.3365 -0.78 0.4575 -0.1265 1.03721e-06 -5.7335
4750.0 8.25 1.5102 -1.2384 0.9321 -0.3028 1.47721e-06 -5.2746
5000.0 8.25 0.9568 0.228 -0.556 0.2433 1.47221e-06 -4.8619
5250.0 8.25 0.8355 0.4658 -0.7644 0.3123 2.34391e-06 -4.4888
5500.0 8.25 0.8502 0.4156 -0.6925 0.283 3.59467e-06 -4.15
5750.0 8.25 0.8263 0.4643 -0.7103 0.2838 5.31325e-06 -3.8411
6000.0 8.25 0.7644 0.6276 -0.8525 0.3315 7.52092e-06 -3.5584
6250.0 8.25 0.6269 0.9644 -1.1568 0.434 1.01652e-05 -3.2988
6500.0 8.25 0.4354 1.4365 -1.5966 0.5827 1.31745e-05 -3.0596
7000.0 8.25 0.0622 2.3386 -2.4371 0.8584 2.00697e-05 -2.634
7500.0 8.25 -0.1129 2.707 -2.7493 0.9447 2.78843e-05 -2.2672
8000.0 8.25 -0.1507 2.7392 -2.76 0.9345 3.64505e-05 -1.9482
8500.0 8.25 -0.1298 2.6373 -2.6632 0.8957 4.56946e-05 -1.6687
9000.0 8.25 -0.0945 2.5034 -2.5453 0.8546 5.56855e-05 -1.4222
9500.0 8.25 -0.0403 2.3018 -2.348 0.7848 6.65917e-05 -1.2034
10000.0 8.25 0.0345 2.0077 -2.0274 0.6656 7.85339e-05 -1.0082
10500.0 8.25 0.1489 1.5541 -1.5047 0.466 9.1432e-05 -0.8331
11000.0 8.25 0.2823 1.0528 -0.9347 0.2517 0.000104859 -0.6755
11500.0 8.25 0.3706 0.7405 -0.5988 0.1323 0.000118494 -0.5328
12000.0 8.25 0.4308 0.5431 -0.4048 0.0712 0.000132151 -0.4033
12500.0 8.25 0.478 0.3782 -0.2445 0.0237 0.000144944 -0.2852
13000.0 8.25 0.5244 0.2028 -0.0696 -0.03 0.000155177 -0.1773
13500.0 8.25 0.5662 0.0492 0.0747 -0.0712 0.000164676 -0.0783
14000.0 8.25 0.6001 -0.0726 0.1816 -0.0974 0.000176035 0.0128
14500.0 8.25 0.6268 -0.1767 0.2809 -0.1251 0.000189749 0.0969
15000.0 8.25 0.6519 -0.2818 0.3983 -0.1668 0.00020532 0.1746
15500.0 8.25 0.6696 -0.3631 0.4971 -0.2061 0.000222174 0.2467
16000.0 8.25 0.6812 -0.4228 0.5727 -0.2381 0.000239774 0.3137
16500.0 8.25 0.6913 -0.4574 0.6093 -0.2536 0.000258956 0.376
17000.0 8.25 0.6965 -0.4736 0.6212 -0.2581 0.000279097 0.4343
20000.0 8.25 0.7982 -0.7071 0.8108 -0.323 0.000415069 0.7149
25000.0 8.25 0.9894 -1.1026 1.1121 -0.416 0.000711104 1.0163
30000.0 8.25 0.8754 -0.8062 0.7062 -0.2479 0.00114008 1.2061
35000.0 8.25 0.6092 -0.3566 0.2497 -0.0821 0.00160691 1.3358
40000.0 8.25 0.4612 -0.1622 0.0863 -0.0292 0.00197363 1.4297
45000.0 8.25 0.4023 -0.1302 0.0791 -0.031 0.00227853 1.5007
50000.0 8.25 0.3636 -0.1202 0.089 -0.038 0.0025493 1.5561
55000.0 8.25 0.342 -0.1322 0.1161 -0.0502 0.00279685 1.6006
60000.0 8.25 0.3292 -0.1517 0.1464 -0.0627 0.00302785 1.6371
65000.0 8.25 0.3167 0.1972 -0.2874 0.1067 0.00384879 1.6675
70000.0 8.25 0.2815 0.239 -0.3192 0.1167 0.00408769 1.6932
75000.0 8.25 0.2523 0.2703 -0.3408 0.1229 0.00432036 1.7153
80000.0 8.25 0.2269 0.2961 -0.3576 0.1276 0.0045481 1.7344
85000.0 8.25 0.2054 0.3158 -0.3696 0.1308 0.00477157 1.7511
90000.0 8.25 0.1866 0.3319 -0.3787 0.1331 0.00499357 1.7659
100000.0 8.25 0.1516 0.3625 -0.3972 0.1382 0.0054317 1.7907
3750.0 8.5 0.1573 2.1697 -2.5273 0.9653 4.36575e-07 -7.4788
4000.0 8.5 0.6545 0.9585 -1.3155 0.5258 5.78145e-07 -6.8241
4250.0 8.5 1.0631 -0.068 -0.2692 0.1414 7.75427e-07 -6.2466
4500.0 8.5 1.3586 -0.8311 0.5179 -0.1505 1.07144e-06 -5.7335
4750.0 8.5 1.5221 -1.2626 0.9613 -0.3145 1.50807e-06 -5.2746
5000.0 8.5 0.8013 0.6157 -0.9485 0.3859 1.44024e-06 -4.8619
5250.0 8.5 0.8222 0.514 -0.8231 0.3353 2.29098e-06 -4.4888
5500.0 8.5 0.8356 0.455 -0.7421 0.3023 3.50321e-06 -4.15
5750.0 8.5 0.8431 0.4309 -0.6953 0.282 5.16874e-06 -3.8411
6000.0 8.5 0.7973 0.5459 -0.7868 0.3105 7.34588e-06 -3.5584
6250.0 8.5 0.691 0.8073 -1.0203 0.3888 1.00054e-05 -3.2988
6500.0 8.5 0.5317 1.2003 -1.3845 0.5126 1.30664e-05 -3.0596
7000.0 8.5 0.156 2.1091 -2.2274 0.7905 2.0157e-05 -2.634
7500.0 8.5 -0.0735 2.622 -2.6814 0.9269 2.8227e-05 -2.2672
8000.0 8.5 -0.1367 2.7178 -2.7481 0.9343 3.7083e-05 -1.9482
8500.0 8.5 -0.1216 2.6412 -2.681 0.9065 4.66185e-05 -1.6687
9000.0 8.5 -0.0895 2.545 -2.6211 0.8905 5.6895e-05 -1.4222
9500.0 8.5 -0.0317 2.3777 -2.491 0.8522 6.80686e-05 -1.2034
10000.0 8.5 0.0408 2.1453 -2.2747 0.78 8.02954e-05 -1.0082
10500.0 8.5 0.1456 1.7655 -1.8623 0.6275 9.35902e-05 -0.8331
11000.0 8.5 0.2675 1.3066 -1.3433 0.4319 0.000107594 -0.6755
11500.0 8.5 0.3756 0.9335 -0.9401 0.2859 0.000121935 -0.5328
12000.0 8.5 0.4501 0.7026 -0.7132 0.2119 0.000136493 -0.4033
12500.0 8.5 0.5123 0.5088 -0.5241 0.1523 0.000150924 -0.2852
13000.0 8.5 0.553 0.3547 -0.3659 0.1026 0.000164108 -0.1773
13500.0 8.5 0.5872 0.2012 -0.1998 0.0477 0.000174644 -0.0783
14000.0 8.5 0.6158 0.0678 -0.0586 0.0024 0.000184921 0.0128
14500.0 8.5 0.6389 -0.0457 0.0599 -0.0336 0.000196954 0.0969
15000.0 8.5 0.6668 -0.1753 0.2054 -0.083 0.000211469 0.1746
15500.0 8.5 0.6897 -0.292 0.3493 -0.1378 0.000227802 0.2467
16000.0 8.5 0.7078 -0.39 0.4778 -0.1905 0.000245485 0.3137
16500.0 8.5 0.7221 -0.4637 0.5747 -0.2319 0.000264176 0.376
17000.0 8.5 0.7332 -0.5121 0.6341 -0.2576 0.00028397 0.4343
20000.0 8.5 0.8331 -0.7589 0.8483 -0.3338 0.000420799 0.7149
25000.0 8.5 1.0165 -1.1488 1.1501 -0.4281 0.000719449 1.0163
30000.0 8.5 0.8783 -0.8135 0.7129 -0.2503 0.00115147 1.2061
35000.0 8.5 0.6155 -0.3714 0.2652 -0.0879 0.00161428 1.3358
40000.0 8.5 0.479 -0.2004 0.123 -0.0421 0.00197763 1.4297
45000.0 8.5 0.405 -0.1338 0.0822 -0.0321 0.00228043 1.5007
50000.0 8.5 0.3652 -0.119 0.0862 -0.0367 0.00254486 1.5561
55000.0 8.5 0.3403 -0.1223 0.1036 -0.0451 0.00278992 1.6006
60000.0 8.5 0.3239 -0.1358 0.129 -0.0559 0.00302524 1.6371
65000.0 8.5 0.3365 0.1579 -0.2502 0.0936 0.00384212 1.6675
70000.0 8.5 0.3018 0.1993 -0.2817 0.1033 0.00407756 1.6932
75000.0 8.5 0.2719 0.2333 -0.3064 0.1109 0.00430703 1.7153
80000.0 8.5 0.2461 0.2614 -0.3265 0.117 0.00453188 1.7344
85000.0 8.5 0.2236 0.2843 -0.3422 0.1216 0.00475341 1.7511
90000.0 8.5 0.2037 0.3038 -0.3551 0.1254 0.00497216 1.7659
100000.0 8.5 0.1671 0.3398 -0.3795 0.1326 0.0054036 1.7907
3750.0 8.75 0.2737 1.8935 -2.242 0.8607 4.6835e-07 -7.4788
4000.0 8.75 0.7379 0.754 -1.0962 0.4436 6.14587e-07 -6.8241
4250.0 8.75 1.107 -0.175 -0.1495 0.0955 8.14066e-07 -6.2466
4500.0 8.75 1.3757 -0.8693 0.5651 -0.1695 1.11013e-06 -5.7335
4750.0 8.75 1.531 -1.2791 0.9841 -0.3241 1.54386e-06 -5.2746
5000.0 8.75 0.8729 0.4677 -0.8044 0.3346 1.41088e-06 -4.8619
5250.0 8.75 0.8064 0.57 -0.888 0.3603 2.2416e-06 -4.4888
5500.0 8.75 0.8144 0.5139 -0.8107 0.3286 3.42069e-06 -4.15
5750.0 8.75 0.8235 0.4681 -0.737 0.2971 5.03658e-06 -3.8411
6000.0 8.75 0.8 0.5232 -0.7681 0.3038 7.16694e-06 -3.5584
6250.0 8.75 0.7329 0.6979 -0.9248 0.3567 9.81665e-06 -3.2988
6500.0 8.75 0.6104 1.0059 -1.2105 0.4544 1.29203e-05 -3.0596
7000.0 8.75 0.256 1.868 -2.0114 0.7214 2.01954e-05 -2.634
7500.0 8.75 -0.0114 2.4757 -2.5523 0.8877 2.85351e-05 -2.2672
8000.0 8.75 -0.1097 2.6584 -2.6968 0.92 3.76779e-05 -1.9482
8500.0 8.75 -0.108 2.6199 -2.6653 0.9037 4.75326e-05 -1.6687
9000.0 8.75 -0.0759 2.5394 -2.6303 0.8982 5.81208e-05 -1.4222
9500.0 8.75 -0.0175 2.402 -2.5525 0.8836 6.95469e-05 -1.2034
10000.0 8.75 0.0562 2.215 -2.4189 0.8496 8.20264e-05 -1.0082
10500.0 8.75 0.1619 1.8865 -2.0988 0.7396 9.564e-05 -0.8331
11000.0 8.75 0.2853 1.4467 -1.6171 0.5607 0.000110137 -0.6755
11500.0 8.75 0.3985 1.0575 -1.1975 0.4078 0.000125099 -0.5328
12000.0 8.75 0.504 0.7401 -0.8792 0.2992 0.000140389 -0.4033
12500.0 8.75 0.5888 0.4957 -0.6421 0.2219 0.000155887 -0.2852
13000.0 8.75 0.6511 0.2969 -0.4404 0.1552 0.000171089 -0.1773
13500.0 8.75 0.6862 0.1452 -0.2713 0.0974 0.00018475 -0.0783
14000.0 8.75 0.6997 0.0417 -0.1476 0.0546 0.000195827 0.0128
14500.0 8.75 0.7102 -0.0539 -0.032 0.0145 0.000206831 0.0969
15000.0 8.75 0.7214 -0.1501 0.0843 -0.0251 0.000219717 0.1746
15500.0 8.75 0.7323 -0.2484 0.2104 -0.0708 0.000234733 0.2467
16000.0 8.75 0.7482 -0.3622 0.364 -0.1318 0.00025158 0.3137
16500.0 8.75 0.7612 -0.4596 0.5026 -0.1908 0.000269804 0.376
17000.0 8.75 0.7741 -0.5491 0.6329 -0.2486 0.000289164 0.4343
20000.0 8.75 0.8717 -0.8243 0.9015 -0.3507 0.000426972 0.7149
25000.0 8.75 1.0376 -1.1862 1.1823 -0.4388 0.000728321 1.0163
30000.0 8.75 0.8885 -0.836 0.7345 -0.258 0.00116333 1.2061
35000.0 8.75 0.6215 -0.3863 0.2813 -0.0942 0.0016222 1.3358
40000.0 8.75 0.4843 -0.2111 0.1341 -0.0463 0.00198235 1.4297
45000.0 8.75 0.4091 -0.14 0.0874 -0.0337 0.00228321 1.5007
50000.0 8.75 0.3682 -0.1214 0.0875 -0.0369 0.00254414 1.5561
55000.0 8.75 0.3416 -0.1201 0.1001 -0.0436 0.00278634 1.6006
60000.0 8.75 0.3245 -0.1301 0.1212 -0.0528 0.00301547 1.6371
3750.0 9.0 0.3927 1.6097 -1.9483 0.7525 5.03207e-07 -7.4788
4000.0 9.0 0.8145 0.566 -0.8928 0.3667 6.55421e-07 -6.8241
4250.0 9.0 1.1455 -0.2693 -0.0419 0.0539 8.57304e-07 -6.2466
4500.0 9.0 1.3891 -0.8995 0.6052 -0.186 1.15413e-06 -5.7335
4750.0 9.0 1.5327 -1.2775 0.9884 -0.3269 1.58708e-06 -5.2746
5000.0 9.0 0.8262 0.6012 -0.9408 0.3845 1.38261e-06 -4.8619
5250.0 9.0 0.8011 0.6057 -0.9324 0.3781 2.19415e-06 -4.4888
5500.0 9.0 0.7828 0.5976 -0.9004 0.3615 3.34475e-06 -4.15
5750.0 9.0 0.8091 0.5077 -0.788 0.3174 4.91653e-06 -3.8411
6000.0 9.0 0.798 0.5218 -0.7744 0.307 6.99217e-06 -3.5584
6250.0 9.0 0.7632 0.6228 -0.865 0.3382 9.61363e-06 -3.2988
6500.0 9.0 0.6664 0.8623 -1.0817 0.4108 1.27382e-05 -3.0596
7000.0 9.0 0.3583 1.6165 -1.7828 0.6466 2.01844e-05 -2.634
7500.0 9.0 0.0608 2.3079 -2.407 0.8439 2.87969e-05 -2.2672
8000.0 9.0 -0.0726 2.5734 -2.622 0.8982 3.82498e-05 -1.9482
8500.0 9.0 -0.0868 2.5705 -2.6165 0.8882 4.84277e-05 -1.6687
9000.0 9.0 -0.0551 2.4939 -2.5837 0.8825 5.93225e-05 -1.4222
9500.0 9.0 -0.0066 2.4049 -2.5691 0.8933 7.10346e-05 -1.2034
10000.0 9.0 0.0724 2.2395 -2.4835 0.8826 8.37797e-05 -1.0082
10500.0 9.0 0.1864 1.9392 -2.2291 0.8049 9.76516e-05 -0.8331
11000.0 9.0 0.3165 1.5164 -1.7913 0.6477 0.000112551 -0.6755
11500.0 9.0 0.4417 1.0933 -1.3395 0.4833 0.000128064 -0.5328
12000.0 9.0 0.564 0.7262 -0.9674 0.3534 0.000143963 -0.4033
12500.0 9.0 0.677 0.4088 -0.6565 0.2485 0.00016024 -0.2852
13000.0 9.0 0.7701 0.1373 -0.3834 0.1555 0.000176703 -0.1773
13500.0 9.0 0.8288 -0.0652 -0.1646 0.0788 0.000192717 -0.0783
14000.0 9.0 0.8471 -0.1775 -0.0279 0.0299 0.000207023 0.0128
14500.0 9.0 0.8414 -0.2281 0.0451 0.0038 0.000218735 0.0969
15000.0 9.0 0.832 -0.2767 0.1208 -0.0244 0.000230548 0.1746
15500.0 9.0 0.8227 -0.3263 0.1987 -0.0531 0.000244028 0.2467
16000.0 9.0 0.8171 -0.3883 0.2957 -0.0906 0.000259524 0.3137
16500.0 9.0 0.8182 -0.4711 0.4243 -0.1439 0.000277042 0.376
17000.0 9.0 0.8219 -0.5545 0.5573 -0.2027 0.000295911 0.4343
20000.0 9.0 0.9121 -0.8979 0.9657 -0.3721 0.000433686 0.7149
25000.0 9.0 1.0508 -1.2089 1.2026 -0.4457 0.000737703 1.0163
30000.0 9.0 0.8932 -0.8442 0.7409 -0.2601 0.00117571 1.2061
35000.0 9.0 0.6302 -0.4045 0.2987 -0.1002 0.00163071 1.3358
40000.0 9.0 0.4882 -0.218 0.1409 -0.0487 0.00198773 1.4297
45000.0 9.0 0.4158 -0.1521 0.099 -0.0378 0.00228679 1.5007
50000.0 9.0 0.3724 -0.1262 0.0906 -0.0376 0.00254437 1.5561
55000.0 9.0 0.3451 -0.1233 0.1021 -0.0441 0.00278468 1.6006
60000.0 9.0 0.3267 -0.1294 0.1189 -0.0517 0.00300992 1.6371
65000.0 9.0 0.3766 0.076 -0.171 0.0651 0.00383378 1.6675
70000.0 9.0 0.3426 0.1178 -0.2038 0.0756 0.00406467 1.6932
75000.0 9.0 0.3137 0.1508 -0.2281 0.0831 0.00428926 1.7153
80000.0 9.0 0.2879 0.1802 -0.2502 0.09 0.00450884 1.7344
85000.0 9.0 0.2656 0.204 -0.2673 0.0953 0.0047246 1.7511
90000.0 9.0 0.2454 0.2254 -0.2827 0.1 0.0049372 1.7659
100000.0 9.0 0.2084 0.2646 -0.3112 0.1089 0.00535454 1.7907
3750.0 9.25 0.5108 1.3283 -1.6566 0.6443 5.40783e-07 -7.4788
4000.0 9.25 0.886 0.389 -0.6992 0.2932 7.01144e-07 -6.8241
4250.0 9.25 1.1793 -0.3552 0.0607 0.0131 9.06457e-07 -6.2466
4500.0 9.25 1.3982 -0.9192 0.6354 -0.199 1.20405e-06 -5.7335
4750.0 9.25 1.5331 -1.2729 0.9909 -0.3291 1.63409e-06 -5.2746
5000.0 9.25 0.8822 0.4891 -0.8289 0.3441 1.3562e-06 -4.8619
5250.0 9.25 0.8224 0.5835 -0.9208 0.3763 2.14889e-06 -4.4888
5500.0 9.25 0.7565 0.6775 -0.9892 0.3951 3.27437e-06 -4.15
5750.0 9.25 0.787 0.567 -0.8563 0.3434 4.80663e-06 -3.8411
6000.0 9.25 0.7958 0.5292 -0.7956 0.3175 6.82937e-06 -3.5584
6250.0 9.25 0.7673 0.5964 -0.8419 0.33 9.40699e-06 -3.2988
6500.0 9.25 0.703 0.7651 -0.9963 0.3822 1.25292e-05 -3.0596
7000.0 9.25 0.4479 1.4 -1.5905 0.5842 2.01184e-05 -2.634
7500.0 9.25 0.1481 2.1009 -2.2243 0.7871 2.89996e-05 -2.2672
8000.0 9.25 -0.0228 2.4585 -2.5216 0.8685 3.87867e-05 -1.9482
8500.0 9.25 -0.0628 2.5129 -2.5602 0.8703 4.93085e-05 -1.6687
9000.0 9.25 -0.0368 2.4468 -2.5296 0.8628 6.05313e-05 -1.4222
9500.0 9.25 0.0086 2.3731 -2.5325 0.8798 7.25399e-05 -1.2034
10000.0 9.25 0.0906 2.2203 -2.4731 0.8813 8.55243e-05 -1.0082
10500.0 9.25 0.2063 1.9584 -2.2892 0.8363 9.96268e-05 -0.8331
11000.0 9.25 0.3445 1.559 -1.9082 0.7072 0.000114855 -0.6755
11500.0 9.25 0.4766 1.1246 -1.4523 0.5423 0.000130854 -0.5328
12000.0 9.25 0.6124 0.7138 -1.0343 0.3952 0.000147322 -0.4033
12500.0 9.25 0.7496 0.3303 -0.6559 0.2653 0.00016422 -0.2852
13000.0 9.25 0.8743 -0.0222 -0.3004 0.1414 0.000181525 -0.1773
13500.0 9.25 0.9644 -0.3 -0.0062 0.0363 0.000198971 -0.0783
14000.0 9.25 1.0067 -0.4683 0.1871 -0.0341 0.000215857 0.0128
14500.0 9.25 1.0085 -0.5378 0.2842 -0.0704 0.000231 0.0969
15000.0 9.25 0.9864 -0.5465 0.3189 -0.0843 0.000243666 0.1746
15500.0 9.25 0.958 -0.5399 0.3383 -0.0928 0.000256071 0.2467
16000.0 9.25 0.9303 -0.5382 0.3654 -0.1041 0.00026999 0.3137
16500.0 9.25 0.9057 -0.5535 0.4184 -0.1267 0.000286008 0.376
17000.0 9.25 0.8812 -0.5991 0.5332 -0.1801 0.000303421 0.4343
20000.0 9.25 0.9537 -0.9717 1.0289 -0.393 0.000440843 0.7149
25000.0 9.25 1.07 -1.2391 1.2265 -0.4532 0.000747968 1.0163
30000.0 9.25 0.8942 -0.8465 0.7432 -0.2612 0.00118884 1.2061
35000.0 9.25 0.6314 -0.4079 0.3036 -0.1025 0.00163959 1.3358
40000.0 9.25 0.4958 -0.2325 0.1549 -0.0538 0.00199357 1.4297
45000.0 9.25 0.4199 -0.1584 0.1049 -0.04 0.00229098 1.5007
50000.0 9.25 0.3789 -0.1371 0.1011 -0.0415 0.0025454 1.5561
55000.0 9.25 0.3489 -0.1275 0.1053 -0.045 0.00278515 1.6006
60000.0 9.25 0.3299 -0.1317 0.12 -0.0518 0.00300667 1.6371
3750.0 9.5 0.6321 1.0444 -1.3692 0.5383 5.80073e-07 -7.4788
4000.0 9.5 0.9547 0.2218 -0.5181 0.2242 7.51803e-07 -6.8241
4250.0 9.5 1.2089 -0.4283 0.148 -0.0214 9.62172e-07 -6.2466
4500.0 9.5 1.4018 -0.9263 0.6552 -0.2089 1.26099e-06 -5.7335
4750.0 9.5 1.5307 -1.2623 0.989 -0.3303 1.69134e-06 -5.2746
5000.0 9.5 0.8681 0.5407 -0.8786 0.3614 1.35135e-06 -4.8619
5250.0 9.5 0.5881 1.1555 -1.4926 0.5824 2.10005e-06 -4.4888
5500.0 9.5 0.7185 0.7807 -1.0953 0.4336 3.20524e-06 -4.15
5750.0 9.5 0.7616 0.6423 -0.943 0.3768 4.70512e-06 -3.8411
6000.0 9.5 0.7864 0.5603 -0.8398 0.3359 6.68084e-06 -3.5584
6250.0 9.5 0.7692 0.5866 -0.8403 0.3308 9.2017e-06 -3.2988
6500.0 9.5 0.7237 0.7011 -0.9377 0.362 1.23021e-05 -3.0596
7000.0 9.5 0.529 1.1947 -1.4013 0.5204 1.99983e-05 -2.634
7500.0 9.5 0.2419 1.8765 -2.0247 0.7238 2.9143e-05 -2.2672
8000.0 9.5 0.0338 2.331 -2.4148 0.8381 3.92699e-05 -1.9482
8500.0 9.5 -0.032 2.4381 -2.4889 0.848 5.01631e-05 -1.6687
9000.0 9.5 -0.0143 2.3807 -2.4518 0.8338 6.17321e-05 -1.4222
9500.0 9.5 0.0299 2.3072 -2.4486 0.8465 7.40766e-05 -1.2034
10000.0 9.5 0.1057 2.1805 -2.4199 0.8592 8.72966e-05 -1.0082
10500.0 9.5 0.2161 1.9629 -2.3011 0.842 0.000101615 -0.8331
11000.0 9.5 0.3616 1.5909 -1.9817 0.7432 0.000117108 -0.6755
11500.0 9.5 0.5017 1.1537 -1.5385 0.5862 0.000133526 -0.5328
12000.0 9.5 0.6435 0.7174 -1.092 0.4275 0.000150508 -0.4033
12500.0 9.5 0.7953 0.2901 -0.6683 0.2806 0.000167957 -0.2852
13000.0 9.5 0.9438 -0.1216 -0.2562 0.1367 0.0001859 -0.1773
13500.0 9.5 1.0654 -0.4759 0.1119 0.0051 0.000204271 -0.0783
14000.0 9.5 1.1397 -0.7227 0.3842 -0.095 0.000222736 0.0128
14500.0 9.5 1.1639 -0.848 0.5403 -0.1545 0.000240581 0.0969
15000.0 9.5 1.1495 -0.8732 0.5936 -0.1758 0.000256739 0.1746
15500.0 9.5 1.1119 -0.8354 0.58 -0.1724 0.000270423 0.2467
16000.0 9.5 1.0723 -0.7942 0.5637 -0.1683 0.000283585 0.3137
16500.0 9.5 1.031 -0.7542 0.5526 -0.1666 0.000297971 0.376
17000.0 9.5 0.9917 -0.7261 0.5606 -0.1732 0.000314453 0.4343
20000.0 9.5 1.0399 -1.529 2.095 -0.9493 0.000530701 0.7149
25000.0 9.5 1.0821 -1.2552 1.238 -0.4565 0.000758846 1.0163
30000.0 9.5 0.895 -0.8468 0.7419 -0.2604 0.00120269 1.2061
35000.0 9.5 0.6365 -0.4189 0.3155 -0.1072 0.00164916 1.3358
40000.0 9.5 0.5029 -0.2465 0.1689 -0.0589 0.00200012 1.4297
45000.0 9.5 0.4264 -0.1703 0.1166 -0.0442 0.00229618 1.5007
50000.0 9.5 0.3862 -0.148 0.1104 -0.0445 0.0025449 1.5561
55000.0 9.5 0.3563 -0.1371 0.1128 -0.0474 0.00278057 1.6006
60000.0 9.5 0.3365 -0.1402 0.1269 -0.0542 0.00300364 1.6371
65000.0 9.5 0.4127 0.0033 -0.101 0.0401 0.00383096 1.6675
70000.0 9.5 0.3807 0.0407 -0.1291 0.0488 0.00405868 1.6932
75000.0 9.5 0.3531 0.0717 -0.152 0.0558 0.00427952 1.7153
80000.0 9.5 0.3286 0.099 -0.1723 0.0622 0.00449549 1.7344
85000.0 9.5 0.3071 0.1217 -0.1886 0.0672 0.00470717 1.7511
90000.0 9.5 0.2881 0.141 -0.202 0.0712 0.0049152 1.7659
100000.0 9.5 0.2535 0.1759 -0.2265 0.0787 0.00532266 1.7907
