Teff log(g) a1 a2 a3 a4 I1 beaming
3750.0 5.0 1.749 -2.4514 2.0503 -0.6821 3.60094e-06 -1.8937
4000.0 5.0 1.7168 -2.4748 2.1177 -0.7157 4.50514e-06 -1.6006
4250.0 5.0 1.7011 -2.4576 2.1187 -0.7199 5.66919e-06 -1.3442
4500.0 5.0 1.5744 -2.0368 1.6462 -0.5359 7.12946e-06 -1.1183
4750.0 5.0 1.2962 -1.2412 0.8194 -0.2285 8.86003e-06 -0.9181
5000.0 5.0 0.7883 0.1018 -0.5186 0.251 1.0911e-05 -0.7397
5250.0 5.0 0.2629 1.378 -1.7143 0.6557 1.30013e-05 -0.5799
5500.0 5.0 -0.0722 2.0513 -2.2236 0.7915 1.52302e-05 -0.436
5750.0 5.0 -0.1793 2.0839 -2.0547 0.678 1.75996e-05 -0.306
6000.0 5.0 -0.1563 1.7909 -1.5773 0.4624 2.00904e-05 -0.1881
6250.0 5.0 -0.0761 1.3905 -1.0343 0.237 2.2709e-05 -0.0806
6500.0 5.0 0.0153 1.0189 -0.5724 0.055 2.5465e-05 0.0176
7000.0 5.0 0.153 0.5344 -0.0161 -0.156 3.14915e-05 0.1904
7500.0 5.0 0.2182 0.3455 0.178 -0.2315 3.82588e-05 0.3373
8000.0 5.0 0.2347 0.3635 0.1078 -0.2039 4.57001e-05 0.4635
8500.0 5.0 0.2858 0.3556 -0.0064 -0.1368 5.35205e-05 0.5729
9000.0 5.0 0.4653 -0.0658 0.3162 -0.2166 6.0886e-05 0.6685
9500.0 5.0 0.5861 -0.3441 0.4631 -0.2164 6.58761e-05 0.7528
10000.0 5.0 0.6191 -0.4032 0.4594 -0.1936 7.12241e-05 0.8274
10500.0 5.0 0.6099 -0.3646 0.3986 -0.1684 7.67946e-05 0.894
11000.0 5.0 0.6215 -0.3914 0.4051 -0.1666 8.24001e-05 0.9538
11500.0 5.0 0.6534 -0.4908 0.4941 -0.1956 8.81112e-05 1.0076
12000.0 5.0 0.6405 -0.47 0.468 -0.1853 9.36052e-05 1.0564
12500.0 5.0 0.6446 -0.5012 0.4976 -0.1954 9.92368e-05 1.1008
13000.0 5.0 0.6477 -0.5299 0.5267 -0.206 0.000104872 1.1413
13500.0 5.0 0.6092 -0.4598 0.4556 -0.1797 0.000110565 1.1784
14000.0 5.0 0.6519 -0.5788 0.5762 -0.2237 0.000116275 1.2126
14500.0 5.0 0.5585 -0.3762 0.3705 -0.1481 0.000122058 1.244
15000.0 5.0 0.6569 -0.6259 0.6251 -0.2415 0.000127844 1.2732
15500.0 5.0 0.6574 -0.6432 0.6432 -0.2482 0.000133707 1.3002
16000.0 5.0 0.5645 -0.4357 0.4304 -0.1694 0.000139649 1.3253
16500.0 5.0 0.6653 -0.6894 0.6897 -0.2647 0.00014561 1.3487
17000.0 5.0 0.6723 -0.7188 0.7195 -0.2755 0.000151667 1.3706
20000.0 5.0 0.7353 -0.9247 0.9228 -0.3475 0.000189627 1.4767
25000.0 5.0 0.9074 -1.3213 1.2792 -0.4664 0.000261699 1.592
30000.0 5.0 0.9059 -1.2513 1.1399 -0.4013 0.000362219 1.666
35000.0 5.0 0.8466 -1.2675 1.1891 -0.4269 0.000483991 1.7174
40000.0 5.0 0.9396 -1.5974 1.5521 -0.5647 0.0005787 1.7552
45000.0 5.0 1.0502 -1.9096 1.8762 -0.6836 0.000658356 1.7841
50000.0 5.0 1.1559 -2.1797 2.1467 -0.7808 0.000732374 1.8069
55000.0 5.0 1.2463 -2.3934 2.3545 -0.8543 0.000801606 1.8254
60000.0 5.0 1.3226 -2.5605 2.5116 -0.9086 0.000869234 1.8406
3750.0 5.25 1.7794 -2.5246 2.1284 -0.7116 3.65691e-06 -1.8937
4000.0 5.25 1.7279 -2.5063 2.1528 -0.7293 4.545e-06 -1.6006
4250.0 5.25 1.7069 -2.4832 2.1476 -0.7312 5.69104e-06 -1.3442
4500.0 5.25 1.6221 -2.1853 1.8076 -0.5975 7.12936e-06 -1.1183
4750.0 5.25 1.3868 -1.5 1.0824 -0.325 8.84716e-06 -0.9181
5000.0 5.25 0.9528 -0.3271 -0.1033 0.1056 1.09144e-05 -0.7397
5250.0 5.25 0.4375 0.9616 -1.3404 0.5342 1.29978e-05 -0.5799
5500.0 5.25 0.0336 1.8554 -2.1056 0.7711 1.52249e-05 -0.436
5750.0 5.25 -0.1471 2.1065 -2.1778 0.7482 1.7589e-05 -0.306
6000.0 5.25 -0.1725 1.9501 -1.8438 0.5836 2.00784e-05 -0.1881
6250.0 5.25 -0.1235 1.6282 -1.3731 0.3804 2.26939e-05 -0.0806
6500.0 5.25 -0.0467 1.2751 -0.9094 0.191 2.54401e-05 0.0176
7000.0 5.25 0.0985 0.7232 -0.2428 -0.0705 3.14128e-05 0.1904
7500.0 5.25 0.1786 0.4667 0.0386 -0.1799 3.80979e-05 0.3373
8000.0 5.25 0.2015 0.4479 0.0179 -0.1712 4.54608e-05 0.4635
8500.0 5.25 0.233 0.4799 -0.1223 -0.0998 5.3299e-05 0.5729
9000.0 5.25 0.3658 0.1989 0.0626 -0.1366 6.09377e-05 0.6685
9500.0 5.25 0.5185 -0.1905 0.3575 -0.2 6.67066e-05 0.7528
10000.0 5.25 0.5792 -0.3177 0.3881 -0.173 7.14574e-05 0.8274
10500.0 5.25 0.5984 -0.356 0.3979 -0.1693 7.70505e-05 0.894
11000.0 5.25 0.6059 -0.3688 0.3893 -0.1622 8.26225e-05 0.9538
11500.0 5.25 0.6142 -0.3956 0.4011 -0.1629 8.81805e-05 1.0076
12000.0 5.25 0.6221 -0.4319 0.4306 -0.1718 9.37563e-05 1.0564
12500.0 5.25 0.6259 -0.4621 0.4586 -0.1811 9.93617e-05 1.1008
13000.0 5.25 0.6277 -0.4874 0.4837 -0.1901 0.000104977 1.1413
13500.0 5.25 0.6294 -0.512 0.5088 -0.1991 0.000110646 1.1784
14000.0 5.25 0.6297 -0.5324 0.53 -0.2068 0.000116349 1.2126
14500.0 5.25 0.6304 -0.5521 0.5501 -0.214 0.000122096 1.244
15000.0 5.25 0.6299 -0.568 0.5667 -0.2199 0.00012789 1.2732
15500.0 5.25 0.6332 -0.5921 0.5917 -0.2291 0.000133725 1.3002
16000.0 5.25 0.6352 -0.6117 0.6118 -0.2363 0.000139632 1.3253
16500.0 5.25 0.6296 -0.6124 0.6126 -0.2364 0.000145599 1.3487
17000.0 5.25 0.6421 -0.6542 0.6546 -0.2515 0.000151621 1.3706
20000.0 5.25 0.6677 -0.7735 0.7707 -0.2918 0.000189427 1.4767
25000.0 5.25 0.8527 -1.2074 1.1675 -0.426 0.000260902 1.592
30000.0 5.25 0.851 -1.1429 1.0353 -0.3636 0.000359218 1.666
35000.0 5.25 0.7413 -1.046 0.9723 -0.3487 0.000478894 1.7174
40000.0 5.25 0.7983 -1.3052 1.27 -0.4639 0.000572435 1.7552
45000.0 5.25 0.8887 -1.5837 1.5655 -0.5735 0.000650432 1.7841
50000.0 5.25 0.9814 -1.8368 1.8242 -0.6675 0.000722465 1.8069
55000.0 5.25 1.0656 -2.0491 2.035 -0.7429 0.0007892 1.8254
60000.0 5.25 1.1408 -2.2271 2.207 -0.8033 0.000853787 1.8406
3750.0 5.5 1.8194 -2.6153 2.2221 -0.7465 3.72026e-06 -1.8937
4000.0 5.5 1.7411 -2.5379 2.1866 -0.7422 4.5906e-06 -1.6006
4250.0 5.5 1.7112 -2.5003 2.1666 -0.7385 5.71894e-06 -1.3442
4500.0 5.5 1.6515 -2.2788 1.9091 -0.6362 7.13422e-06 -1.1183
4750.0 5.5 1.4561 -1.7041 1.294 -0.4035 8.83787e-06 -0.9181
5000.0 5.5 1.0907 -0.6957 0.2588 -0.0232 1.09244e-05 -0.7397
5250.0 5.5 0.6149 0.5217 -0.9295 0.3955 1.30021e-05 -0.5799
5500.0 5.5 0.1649 1.5742 -1.8851 0.7095 1.52241e-05 -0.436
5750.0 5.5 -0.0926 2.0541 -2.2114 0.7833 1.75864e-05 -0.306
6000.0 5.5 -0.1693 2.0441 -2.0333 0.6754 2.00716e-05 -0.1881
6250.0 5.5 -0.149 1.802 -1.645 0.5009 2.26844e-05 -0.0806
6500.0 5.5 -0.0958 1.5051 -1.2301 0.3254 2.54249e-05 0.0176
7000.0 5.5 0.0394 0.9447 -0.5225 0.0398 3.1352e-05 0.1904
7500.0 5.5 0.1328 0.6202 -0.1465 -0.1087 3.79603e-05 0.3373
8000.0 5.5 0.1648 0.5529 -0.101 -0.1264 4.52423e-05 0.4635
8500.0 5.5 0.1851 0.5972 -0.238 -0.0606 5.30611e-05 0.5729
9000.0 5.5 0.2996 0.3806 -0.1231 -0.0735 6.09428e-05 0.6685
9500.0 5.5 0.4847 -0.1103 0.3061 -0.1967 6.76203e-05 0.7528
10000.0 5.5 0.5844 -0.3537 0.4478 -0.2043 7.21873e-05 0.8274
10500.0 5.5 0.5868 -0.3444 0.3936 -0.1692 7.7381e-05 0.894
11000.0 5.5 0.5945 -0.3567 0.385 -0.1621 8.29225e-05 0.9538
11500.0 5.5 0.5995 -0.3708 0.3818 -0.1573 8.84616e-05 1.0076
12000.0 5.5 0.6071 -0.4023 0.4035 -0.1625 9.3989e-05 1.0564
12500.0 5.5 0.6098 -0.428 0.4252 -0.1691 9.95657e-05 1.1008
13000.0 5.5 0.6106 -0.4507 0.4469 -0.1765 0.000105191 1.1413
13500.0 5.5 0.6146 -0.4805 0.4773 -0.1875 0.000110811 1.1784
14000.0 5.5 0.6117 -0.4936 0.4913 -0.1926 0.000116505 1.2126
14500.0 5.5 0.6122 -0.5131 0.5112 -0.1997 0.000122242 1.244
15000.0 5.5 0.6124 -0.5308 0.5293 -0.2061 0.00012802 1.2732
15500.0 5.5 0.6129 -0.5481 0.5475 -0.2128 0.000133858 1.3002
16000.0 5.5 0.5809 -0.4903 0.4901 -0.1918 0.000139761 1.3253
16500.0 5.5 0.6155 -0.5832 0.5833 -0.2256 0.000145692 1.3487
17000.0 5.5 0.6185 -0.6029 0.6027 -0.2324 0.000151717 1.3706
20000.0 5.5 0.6733 -0.7915 0.7893 -0.2985 0.000189386 1.4767
25000.0 5.5 0.836 -1.1794 1.1426 -0.4176 0.000260481 1.592
30000.0 5.5 0.8061 -1.0528 0.9478 -0.3321 0.000357318 1.666
35000.0 5.5 0.6552 -0.8608 0.7894 -0.2824 0.000475109 1.7174
40000.0 5.5 0.6788 -1.05 1.0198 -0.3737 0.000567591 1.7552
45000.0 5.5 0.7479 -1.2883 1.2788 -0.4709 0.000644292 1.7841
50000.0 5.5 0.825 -1.5145 1.5143 -0.5572 0.000714744 1.8069
55000.0 5.5 0.8985 -1.711 1.7125 -0.6286 0.000779523 1.8254
60000.0 5.5 0.9671 -1.8833 1.8826 -0.6891 0.000841941 1.8406
3750.0 5.75 1.8662 -2.7167 2.3252 -0.7846 3.78586e-06 -1.8937
4000.0 5.75 1.757 -2.5721 2.222 -0.7554 4.64213e-06 -1.6006
4250.0 5.75 1.7174 -2.5178 2.1851 -0.7455 5.7525e-06 -1.3442
4500.0 5.75 1.7422 -2.5667 2.2398 -0.7666 7.14998e-06 -1.1183
4750.0 5.75 1.5048 -1.853 1.4513 -0.4626 8.83193e-06 -0.9181
5000.0 5.75 1.2064 -1.0143 0.5777 -0.1383 1.09458e-05 -0.7397
5250.0 5.75 0.7807 0.0982 -0.524 0.2552 1.30127e-05 -0.5799
5500.0 5.75 0.3142 1.2302 -1.588 0.6169 1.52321e-05 -0.436
5750.0 5.75 -0.008 1.9049 -2.1313 0.7739 1.75918e-05 -0.306
6000.0 5.75 -0.136 2.0427 -2.1129 0.7252 2.0072e-05 -0.1881
6250.0 5.75 -0.1579 1.9191 -1.8492 0.5953 2.2678e-05 -0.0806
6500.0 5.75 -0.1263 1.6838 -1.4996 0.443 2.5416e-05 0.0176
7000.0 5.75 -0.0164 1.1737 -0.8263 0.1641 3.13056e-05 0.1904
7500.0 5.75 0.0829 0.8018 -0.3755 -0.0176 3.78457e-05 0.3373
8000.0 5.75 0.1244 0.6831 -0.2576 -0.0651 4.50485e-05 0.4635
8500.0 5.75 0.1411 0.7152 -0.3636 -0.0151 5.28197e-05 0.5729
9000.0 5.75 0.2337 0.5643 -0.3141 -0.007 6.08142e-05 0.6685
9500.0 5.75 0.3837 0.172 0.0294 -0.1083 6.80747e-05 0.7528
10000.0 5.75 0.5232 -0.2117 0.3473 -0.1875 7.31927e-05 0.8274
10500.0 5.75 0.5743 -0.3274 0.3876 -0.171 7.78388e-05 0.894
11000.0 5.75 0.585 -0.3485 0.3839 -0.1629 8.32713e-05 0.9538
11500.0 5.75 0.5883 -0.3548 0.3725 -0.1553 8.87982e-05 1.0076
12000.0 5.75 0.5941 -0.377 0.3819 -0.1556 9.43039e-05 1.0564
12500.0 5.75 0.5965 -0.4 0.3992 -0.1602 9.98225e-05 1.1008
13000.0 5.75 0.5983 -0.424 0.4211 -0.1673 0.000105411 1.1413
13500.0 5.75 0.5982 -0.4438 0.4404 -0.174 0.000111051 1.1784
14000.0 5.75 0.5978 -0.4623 0.4592 -0.1806 0.000116733 1.2126
14500.0 5.75 0.5976 -0.4806 0.4783 -0.1875 0.000122461 1.244
15000.0 5.75 0.5971 -0.4964 0.4945 -0.1933 0.00012824 1.2732
15500.0 5.75 0.5972 -0.5132 0.5121 -0.1997 0.000134069 1.3002
16000.0 5.75 0.5979 -0.5301 0.5298 -0.2062 0.000139952 1.3253
16500.0 5.75 0.5994 -0.5472 0.5468 -0.2121 0.000145896 1.3487
17000.0 5.75 0.5581 -0.4681 0.4685 -0.1835 0.000151932 1.3706
20000.0 5.75 0.6537 -0.7471 0.744 -0.2818 0.000189505 1.4767
25000.0 5.75 0.8324 -1.176 1.1402 -0.4168 0.000260343 1.592
30000.0 5.75 0.7699 -0.9787 0.8753 -0.3059 0.000356217 1.666
35000.0 5.75 0.5872 -0.7126 0.6421 -0.2288 0.000472392 1.7174
40000.0 5.75 0.5825 -0.8405 0.8127 -0.2987 0.000563743 1.7552
45000.0 5.75 0.6312 -1.0371 1.0322 -0.382 0.000639341 1.7841
50000.0 5.75 0.6927 -1.2331 1.2398 -0.4587 0.000708374 1.8069
55000.0 5.75 0.7542 -1.4081 1.4193 -0.5238 0.000771696 1.8254
60000.0 5.75 0.8137 -1.5662 1.5776 -0.5806 0.000832467 1.8406
3750.0 6.0 1.9249 -2.841 2.4493 -0.83 3.85829e-06 -1.8937
4000.0 6.0 1.777 -2.6127 2.263 -0.7706 4.69998e-06 -1.6006
4250.0 6.0 1.7244 -2.5336 2.2011 -0.7515 5.79199e-06 -1.3442
4500.0 6.0 1.7327 -2.5558 2.2314 -0.7642 7.16759e-06 -1.1183
4750.0 6.0 1.5511 -1.9931 1.6016 -0.5194 8.8302e-06 -0.9181
5000.0 6.0 1.3002 -1.2773 0.8441 -0.2353 1.09647e-05 -0.7397
5250.0 6.0 0.9336 -0.3005 -0.1365 0.1191 1.30362e-05 -0.5799
5500.0 6.0 0.4728 0.8478 -1.2402 0.5024 1.52465e-05 -0.436
5750.0 6.0 0.099 1.6839 -1.9676 0.7317 1.76024e-05 -0.306
6000.0 6.0 -0.0878 1.9886 -2.1275 0.749 2.00785e-05 -0.1881
6250.0 6.0 -0.145 1.9656 -1.9713 0.6585 2.26806e-05 -0.0806
6500.0 6.0 -0.1373 1.7974 -1.6919 0.5311 2.54078e-05 0.0176
7000.0 6.0 -0.059 1.374 -1.1087 0.2839 3.12747e-05 0.1904
7500.0 6.0 0.0335 0.9975 -0.6327 0.0875 3.77544e-05 0.3373
8000.0 6.0 0.0832 0.832 -0.4469 0.0113 4.48804e-05 0.4635
8500.0 6.0 0.1006 0.8382 -0.5066 0.0401 5.25888e-05 0.5729
9000.0 6.0 0.1682 0.7529 -0.5179 0.0669 6.06384e-05 0.6685
9500.0 6.0 0.317 0.3749 -0.1895 -0.0316 6.83052e-05 0.7528
10000.0 6.0 0.4863 -0.1145 0.272 -0.1743 7.44264e-05 0.8274
10500.0 6.0 0.5543 -0.2917 0.3777 -0.1791 7.86712e-05 0.894
11000.0 6.0 0.5763 -0.3392 0.3817 -0.164 8.37262e-05 0.9538
11500.0 6.0 0.5801 -0.3467 0.3713 -0.1564 8.91938e-05 1.0076
12000.0 6.0 0.5825 -0.3557 0.3654 -0.1508 9.46756e-05 1.0564
12500.0 6.0 0.5861 -0.3778 0.3796 -0.1539 0.000100186 1.1008
13000.0 6.0 0.5877 -0.3995 0.3973 -0.1589 0.000105746 1.1413
13500.0 6.0 0.5881 -0.4199 0.4166 -0.1654 0.00011136 1.1784
14000.0 6.0 0.5878 -0.4386 0.4355 -0.1721 0.000117031 1.2126
14500.0 6.0 0.5868 -0.4546 0.4517 -0.1778 0.000122752 1.244
15000.0 6.0 0.5862 -0.4706 0.4682 -0.1836 0.000128526 1.2732
15500.0 6.0 0.5855 -0.4851 0.483 -0.1888 0.000134354 1.3002
16000.0 6.0 0.5863 -0.5023 0.5009 -0.1953 0.000140238 1.3253
16500.0 6.0 0.5858 -0.5152 0.514 -0.2 0.000146183 1.3487
17000.0 6.0 0.5896 -0.5371 0.536 -0.2078 0.00015219 1.3706
20000.0 6.0 0.6388 -0.7117 0.7078 -0.2684 0.000189758 1.4767
25000.0 6.0 0.8143 -1.1362 1.1007 -0.4025 0.000260454 1.592
30000.0 6.0 0.7062 -0.8387 0.7363 -0.2555 0.000355784 1.666
35000.0 6.0 0.5345 -0.597 0.5268 -0.1867 0.000470469 1.7174
40000.0 6.0 0.5063 -0.6717 0.6444 -0.2374 0.000560766 1.7552
45000.0 6.0 0.5366 -0.8289 0.8259 -0.3072 0.00063529 1.7841
50000.0 6.0 0.5847 -0.998 1.0083 -0.3751 0.000702967 1.8069
55000.0 6.0 0.6348 -1.151 1.1675 -0.4333 0.000764945 1.8254
60000.0 6.0 0.688 -1.3001 1.3184 -0.4876 0.000828104 1.8406
65000.0 6.0 0.2832 -0.2766 0.3046 -0.1242 0.000983394 1.8534
70000.0 6.0 0.3226 -0.3971 0.4296 -0.1697 0.00104699 1.8643
75000.0 6.0 0.3651 -0.5167 0.5513 -0.2137 0.00111053 1.8737
80000.0 6.0 0.41 -0.6362 0.6717 -0.2572 0.00117413 1.8819
85000.0 6.0 0.4558 -0.7523 0.7873 -0.2988 0.00123789 1.8891
90000.0 6.0 0.5009 -0.8616 0.8946 -0.3371 0.00130198 1.8954
100000.0 6.0 0.5875 -1.0659 1.0947 -0.4084 0.00143247 1.9062
3750.0 6.25 1.995 -2.9863 2.5924 -0.8819 3.93492e-06 -1.8937
4000.0 6.25 1.8025 -2.663 2.3127 -0.7888 4.76414e-06 -1.6006
4250.0 6.25 1.7353 -2.5555 2.2227 -0.7594 5.83693e-06 -1.3442
4500.0 6.25 1.7248 -2.5419 2.2174 -0.7591 7.19129e-06 -1.1183
4750.0 6.25 1.5913 -2.1128 1.7303 -0.5682 8.83255e-06 -0.9181
5000.0 6.25 1.3464 -1.4103 0.9757 -0.2828 1.10027e-05 -0.7397
5250.0 6.25 1.0582 -0.6346 0.1939 0.0011 1.30592e-05 -0.5799
5500.0 6.25 0.6331 0.4468 -0.862 0.3735 1.52687e-05 -0.436
5750.0 6.25 0.2264 1.3995 -1.7313 0.661 1.76216e-05 -0.306
6000.0 6.25 -0.0235 1.8849 -2.0858 0.7513 2.00923e-05 -0.1881
6250.0 6.25 -0.1186 1.9635 -2.0332 0.6974 2.26871e-05 -0.0806
6500.0 6.25 -0.1404 1.8797 -1.8442 0.6031 2.54066e-05 0.0176
7000.0 6.25 -0.0884 1.5324 -1.3433 0.386 3.1249e-05 0.1904
7500.0 6.25 -0.0097 1.1868 -0.8935 0.1972 3.76803e-05 0.3373
8000.0 6.25 0.0433 0.9924 -0.661 0.1003 4.47354e-05 0.4635
8500.0 6.25 0.0633 0.9697 -0.6728 0.1077 5.23727e-05 0.5729
9000.0 6.25 0.111 0.9278 -0.7167 0.1422 6.04229e-05 0.6685
9500.0 6.25 0.2493 0.5926 -0.437 0.0604 6.83455e-05 0.7528
10000.0 6.25 0.3868 0.1882 -0.0416 -0.0688 7.52034e-05 0.8274
10500.0 6.25 0.5121 -0.1846 0.2985 -0.1662 7.99585e-05 0.894
11000.0 6.25 0.5641 -0.3179 0.3728 -0.1662 8.43903e-05 0.9538
11500.0 6.25 0.5732 -0.3382 0.3681 -0.1564 8.96851e-05 1.0076
12000.0 6.25 0.5751 -0.3443 0.3591 -0.1498 9.51439e-05 1.0564
12500.0 6.25 0.578 -0.3599 0.3642 -0.1492 0.00010063 1.1008
13000.0 6.25 0.5796 -0.3794 0.3781 -0.1524 0.000106161 1.1413
13500.0 6.25 0.5802 -0.3992 0.3958 -0.1581 0.000111749 1.1784
14000.0 6.25 0.5792 -0.4153 0.4108 -0.1629 0.000117404 1.2126
14500.0 6.25 0.5784 -0.4316 0.4273 -0.1687 0.000123112 1.244
15000.0 6.25 0.5779 -0.4482 0.4445 -0.1748 0.000128881 1.2732
15500.0 6.25 0.5765 -0.4622 0.4596 -0.1804 0.000134708 1.3002
16000.0 6.25 0.5773 -0.4786 0.4759 -0.186 0.000140594 1.3253
16500.0 6.25 0.5783 -0.495 0.4926 -0.192 0.00014654 1.3487
17000.0 6.25 0.5802 -0.5121 0.5093 -0.1977 0.000152552 1.3706
20000.0 6.25 0.6305 -0.6895 0.6844 -0.2597 0.000190122 1.4767
25000.0 6.25 0.7999 -1.1025 1.0664 -0.3899 0.000260754 1.592
30000.0 6.25 0.7173 -0.8679 0.7661 -0.2663 0.000355738 1.666
35000.0 6.25 0.4951 -0.5098 0.4395 -0.1548 0.00046921 1.7174
40000.0 6.25 0.4476 -0.5405 0.5131 -0.1895 0.000558511 1.7552
45000.0 6.25 0.4632 -0.6655 0.663 -0.248 0.000632008 1.7841
50000.0 6.25 0.5001 -0.8122 0.8244 -0.3085 0.000700128 1.8069
55000.0 6.25 0.5409 -0.9466 0.9659 -0.3604 0.00076206 1.8254
60000.0 6.25 0.582 -1.0693 1.0914 -0.4058 0.000820758 1.8406
3750.0 6.5 2.0755 -3.1507 2.7529 -0.9398 4.01459e-06 -1.8937
4000.0 6.5 1.835 -2.7268 2.3754 -0.8116 4.8349e-06 -1.6006
4250.0 6.5 1.7476 -2.578 2.2443 -0.7672 5.88852e-06 -1.3442
4500.0 6.5 1.7214 -2.5344 2.2091 -0.7559 7.22166e-06 -1.1183
4750.0 6.5 1.62 -2.1965 1.8193 -0.6018 8.83984e-06 -0.9181
5000.0 6.5 1.4105 -1.6046 1.1844 -0.3616 1.10368e-05 -0.7397
5250.0 6.5 1.1612 -0.9177 0.478 -0.1017 1.31032e-05 -0.5799
5500.0 6.5 0.7856 0.0574 -0.4882 0.2437 1.53022e-05 -0.436
5750.0 6.5 0.3695 1.0628 -1.4322 0.5649 1.76526e-05 -0.306
6000.0 6.5 0.0625 1.7186 -1.9758 0.7278 2.01184e-05 -0.1881
6250.0 6.5 -0.0813 1.9273 -2.0555 0.7212 2.27083e-05 -0.0806
6500.0 6.5 -0.1214 1.8909 -1.9138 0.6434 2.5418e-05 0.0176
7000.0 6.5 -0.1022 1.6398 -1.5186 0.4656 3.12387e-05 0.1904
7500.0 6.5 -0.0381 1.3384 -1.1185 0.2958 3.76308e-05 0.3373
8000.0 6.5 0.0091 1.1496 -0.8831 0.1958 4.46172e-05 0.4635
8500.0 6.5 0.0318 1.1026 -0.8555 0.1855 5.21853e-05 0.5729
9000.0 6.5 0.0653 1.0839 -0.9078 0.2186 6.02066e-05 0.6685
9500.0 6.5 0.1831 0.8153 -0.6992 0.1613 6.82988e-05 0.7528
10000.0 6.5 0.3239 0.4061 -0.2955 0.0256 7.56367e-05 0.8274
10500.0 6.5 0.445 0.0223 0.0923 -0.1018 8.14101e-05 0.894
11000.0 6.5 0.5379 -0.2525 0.328 -0.1618 8.55198e-05 0.9538
11500.0 6.5 0.5651 -0.3223 0.3573 -0.1547 9.03155e-05 1.0076
12000.0 6.5 0.5703 -0.3362 0.354 -0.1487 9.56973e-05 1.0564
12500.0 6.5 0.5715 -0.345 0.351 -0.1449 0.000101162 1.1008
13000.0 6.5 0.5671 -0.3467 0.3446 -0.1404 0.00010668 1.1413
13500.0 6.5 0.5746 -0.381 0.3762 -0.1509 0.000112231 1.1784
14000.0 6.5 0.5728 -0.3941 0.387 -0.1538 0.000117861 1.2126
14500.0 6.5 0.5729 -0.4136 0.4075 -0.1613 0.000123557 1.244
15000.0 6.5 0.5723 -0.4295 0.4237 -0.1669 0.000129318 1.2732
15500.0 6.5 0.5707 -0.4423 0.4369 -0.1715 0.000135142 1.3002
16000.0 6.5 0.571 -0.4582 0.4529 -0.1771 0.000141029 1.3253
16500.0 6.5 0.5723 -0.4754 0.4707 -0.1836 0.00014698 1.3487
17000.0 6.5 0.5742 -0.4932 0.4887 -0.19 0.000152997 1.3706
20000.0 6.5 0.624 -0.6688 0.6613 -0.2509 0.000190601 1.4767
25000.0 6.5 0.7912 -1.0795 1.0426 -0.3812 0.000261237 1.592
30000.0 6.5 0.6999 -0.8304 0.7288 -0.2529 0.000356109 1.666
35000.0 6.5 0.4652 -0.4429 0.3724 -0.1303 0.000468454 1.7174
40000.0 6.5 0.4028 -0.4383 0.4101 -0.1518 0.000556775 1.7552
45000.0 6.5 0.4072 -0.5385 0.5356 -0.2015 0.000629376 1.7841
50000.0 6.5 0.4332 -0.6612 0.6735 -0.2536 0.000696122 1.8069
55000.0 6.5 0.4651 -0.7771 0.7975 -0.2994 0.000756659 1.8254
60000.0 6.5 0.4986 -0.8844 0.9087 -0.3398 0.000814104 1.8406
65000.0 6.5 0.0641 0.2355 -0.2156 0.0666 0.000961606 1.8534
70000.0 6.5 0.0729 0.1766 -0.1476 0.0407 0.00102063 1.8643
75000.0 6.5 0.0873 0.1117 -0.0761 0.0141 0.00107922 1.8737
80000.0 6.5 0.1068 0.0399 0.001 -0.0144 0.00113758 1.8819
85000.0 6.5 0.1293 -0.0337 0.078 -0.0425 0.00119585 1.8891
90000.0 6.5 0.1546 -0.1097 0.1564 -0.0711 0.00125418 1.8954
100000.0 6.5 0.205 -0.2559 0.3059 -0.1253 0.00137186 1.9062
3750.0 6.75 2.1641 -3.3269 2.9222 -1.0002 4.09651e-06 -1.8937
4000.0 6.75 1.8757 -2.8068 2.4536 -0.8398 4.9119e-06 -1.6006
4250.0 6.75 1.7634 -2.6059 2.2709 -0.7767 5.94642e-06 -1.3442
4500.0 6.75 1.7267 -2.5443 2.218 -0.759 7.25849e-06 -1.1183
4750.0 6.75 1.7367 -2.5242 2.1793 -0.7403 8.85659e-06 -0.9181
5000.0 6.75 1.4412 -1.6994 1.2848 -0.3992 1.10841e-05 -0.7397
5250.0 6.75 1.2456 -1.1513 0.7143 -0.1876 1.31413e-05 -0.5799
5500.0 6.75 0.9155 -0.2811 -0.1591 0.1278 1.53446e-05 -0.436
5750.0 6.75 0.5188 0.7004 -1.0993 0.4541 1.76924e-05 -0.306
6000.0 6.75 0.1756 1.47 -1.7731 0.6685 2.01559e-05 -0.1881
6250.0 6.75 -0.018 1.8163 -1.9974 0.7153 2.27352e-05 -0.0806
6500.0 6.75 -0.1006 1.8911 -1.9666 0.6764 2.54373e-05 0.0176
7000.0 6.75 -0.1087 1.714 -1.6475 0.5254 3.12318e-05 0.1904
7500.0 6.75 -0.0587 1.4586 -1.3024 0.3774 3.75876e-05 0.3373
8000.0 6.75 -0.0133 1.2783 -1.0798 0.2836 4.45231e-05 0.4635
8500.0 6.75 0.0071 1.2265 -1.0374 0.2657 5.20188e-05 0.5729
9000.0 6.75 0.0334 1.215 -1.0851 0.2937 5.99989e-05 0.6685
9500.0 6.75 0.1259 1.0226 -0.9558 0.2639 6.81778e-05 0.7528
10000.0 6.75 0.2671 0.6191 -0.5586 0.1288 7.58863e-05 0.8274
10500.0 6.75 0.377 0.2634 -0.1847 -0.0009 8.24704e-05 0.894
11000.0 6.75 0.4873 -0.0956 0.1767 -0.1176 8.71294e-05 0.9538
11500.0 6.75 0.5473 -0.2729 0.3169 -0.1468 9.12904e-05 1.0076
12000.0 6.75 0.5647 -0.3212 0.3396 -0.1442 9.63525e-05 1.0564
12500.0 6.75 0.5689 -0.3372 0.3435 -0.1423 0.000101779 1.1008
13000.0 6.75 0.57 -0.3496 0.3475 -0.1416 0.000107264 1.1413
13500.0 6.75 0.5701 -0.3632 0.3557 -0.143 0.000112807 1.1784
14000.0 6.75 0.5701 -0.3805 0.3709 -0.1477 0.000118411 1.2126
14500.0 6.75 0.5686 -0.3943 0.3839 -0.1519 0.000124086 1.244
15000.0 6.75 0.5685 -0.412 0.4025 -0.1586 0.000129835 1.2732
15500.0 6.75 0.5683 -0.4284 0.4196 -0.1646 0.000135652 1.3002
16000.0 6.75 0.5681 -0.4433 0.4347 -0.1699 0.000141539 1.3253
16500.0 6.75 0.5699 -0.4623 0.4545 -0.1772 0.000147491 1.3487
17000.0 6.75 0.5709 -0.4774 0.4694 -0.1823 0.000153517 1.3706
20000.0 6.75 0.6199 -0.6512 0.6404 -0.2427 0.000191176 1.4767
25000.0 6.75 0.7827 -1.0548 1.0156 -0.371 0.000261879 1.592
30000.0 6.75 0.6671 -0.7564 0.654 -0.2254 0.000356872 1.666
35000.0 6.75 0.4436 -0.3939 0.3228 -0.1121 0.000468122 1.7174
40000.0 6.75 0.3708 -0.3645 0.3353 -0.1243 0.000555489 1.7552
45000.0 6.75 0.3647 -0.4407 0.437 -0.1654 0.000627222 1.7841
50000.0 6.75 0.3825 -0.5449 0.5566 -0.2109 0.000693029 1.8069
55000.0 6.75 0.4062 -0.6451 0.6662 -0.2517 0.00075334 1.8254
60000.0 6.75 0.4335 -0.737 0.7617 -0.2864 0.000808385 1.8406
3750.0 7.0 2.2575 -3.5067 3.092 -1.0603 4.17955e-06 -1.8937
4000.0 7.0 1.9261 -2.9067 2.5507 -0.8748 4.99446e-06 -1.6006
4250.0 7.0 1.7828 -2.6402 2.3036 -0.7885 6.01106e-06 -1.3442
4500.0 7.0 1.7322 -2.552 2.2243 -0.7611 7.30227e-06 -1.1183
4750.0 7.0 1.7579 -2.614 2.2918 -0.7867 8.87995e-06 -0.9181
5000.0 7.0 1.4687 -1.7838 1.3751 -0.4332 1.1133e-05 -0.7397
5250.0 7.0 1.2935 -1.2963 0.8659 -0.2441 1.3193e-05 -0.5799
5500.0 7.0 1.0359 -0.5992 0.1547 0.016 1.54021e-05 -0.436
5750.0 7.0 0.6652 0.3352 -0.7549 0.3363 1.77433e-05 -0.306
6000.0 7.0 0.3052 1.1724 -1.5157 0.5879 2.02059e-05 -0.1881
6250.0 7.0 0.0614 1.6608 -1.8912 0.6912 2.27801e-05 -0.0806
6500.0 7.0 -0.0569 1.8266 -1.9501 0.6837 2.5473e-05 0.0176
7000.0 7.0 -0.1026 1.744 -1.7223 0.5639 3.12447e-05 0.1904
7500.0 7.0 -0.0648 1.5279 -1.4243 0.4347 3.75676e-05 0.3373
8000.0 7.0 -0.0281 1.3783 -1.2403 0.3569 4.44525e-05 0.4635
8500.0 7.0 -0.0059 1.323 -1.1955 0.339 5.18866e-05 0.5729
9000.0 7.0 0.0166 1.3158 -1.2419 0.3652 5.98119e-05 0.6685
9500.0 7.0 0.0856 1.1905 -1.18 0.3581 6.80207e-05 0.7528
10000.0 7.0 0.2191 0.8201 -0.8219 0.2367 7.6007e-05 0.8274
10500.0 7.0 0.3294 0.4648 -0.4443 0.1023 8.30908e-05 0.894
11000.0 7.0 0.4219 0.1428 -0.0952 -0.0198 8.88173e-05 0.9538
11500.0 7.0 0.5097 -0.1494 0.1952 -0.1113 9.28526e-05 1.0076
12000.0 7.0 0.5528 -0.2804 0.2989 -0.1325 9.72826e-05 1.0564
12500.0 7.0 0.5669 -0.3253 0.3283 -0.1363 0.000102505 1.1008
13000.0 7.0 0.5704 -0.3439 0.339 -0.1379 0.000107967 1.1413
13500.0 7.0 0.5709 -0.3578 0.3477 -0.1397 0.000113475 1.1784
14000.0 7.0 0.5709 -0.3724 0.3587 -0.1425 0.000119054 1.2126
14500.0 7.0 0.5679 -0.3822 0.3672 -0.145 0.000124729 1.244
15000.0 7.0 0.5662 -0.3954 0.3805 -0.1495 0.000130466 1.2732
15500.0 7.0 0.5684 -0.4177 0.4037 -0.1579 0.000136265 1.3002
16000.0 7.0 0.569 -0.4352 0.4222 -0.1646 0.000142145 1.3253
16500.0 7.0 0.5703 -0.4528 0.4402 -0.171 0.0001481 1.3487
17000.0 7.0 0.57 -0.4651 0.4524 -0.1752 0.000154133 1.3706
20000.0 7.0 0.6212 -0.6446 0.6299 -0.2382 0.000191849 1.4767
25000.0 7.0 0.7787 -1.0394 0.9976 -0.3639 0.000262696 1.592
30000.0 7.0 0.6749 -0.7737 0.6708 -0.2314 0.00035779 1.666
35000.0 7.0 0.4262 -0.3543 0.283 -0.0975 0.000468184 1.7174
40000.0 7.0 0.3462 -0.3068 0.2767 -0.1028 0.000554626 1.7552
45000.0 7.0 0.3347 -0.3699 0.365 -0.1389 0.00062558 1.7841
50000.0 7.0 0.3443 -0.4554 0.466 -0.1777 0.00069027 1.8069
55000.0 7.0 0.3623 -0.5403 0.5596 -0.2126 0.000747936 1.8254
60000.0 7.0 0.3834 -0.6211 0.6453 -0.244 0.000802907 1.8406
65000.0 7.0 -0.0494 0.5182 -0.5093 0.1756 0.00094648 1.8534
70000.0 7.0 -0.0639 0.5111 -0.4918 0.1678 0.00100201 1.8643
75000.0 7.0 -0.0713 0.4927 -0.4645 0.1567 0.00105682 1.8737
80000.0 7.0 -0.0728 0.465 -0.4292 0.1429 0.00111121 1.8819
85000.0 7.0 -0.0701 0.4317 -0.3899 0.1279 0.00116539 1.8891
90000.0 7.0 -0.0637 0.3936 -0.3472 0.112 0.00121942 1.8954
100000.0 7.0 -0.0485 0.3156 -0.2602 0.0793 0.00132791 1.9062
3750.0 7.25 2.3525 -3.681 3.2524 -1.1161 4.26105e-06 -1.8937
4000.0 7.25 1.9863 -3.0259 2.6662 -0.9164 5.08149e-06 -1.6006
4250.0 7.25 1.8068 -2.6834 2.3448 -0.8032 6.0823e-06 -1.3442
4500.0 7.25 1.7422 -2.5679 2.2387 -0.7661 7.35255e-06 -1.1183
4750.0 7.25 1.7333 -2.5586 2.2361 -0.7664 8.9068e-06 -0.9181
5000.0 7.25 1.5013 -1.8756 1.4722 -0.4696 1.11844e-05 -0.7397
5250.0 7.25 1.3491 -1.4519 1.0261 -0.3029 1.32568e-05 -0.5799
5500.0 7.25 1.1186 -0.8284 0.3865 -0.0683 1.54632e-05 -0.436
5750.0 7.25 0.7994 -0.0062 -0.4271 0.2223 1.78078e-05 -0.306
6000.0 7.25 0.4434 0.8449 -1.2213 0.4919 2.02676e-05 -0.1881
6250.0 7.25 0.1598 1.4533 -1.7311 0.6475 2.28369e-05 -0.0806
6500.0 7.25 -0.0027 1.7355 -1.9071 0.6817 2.55205e-05 0.0176
7000.0 7.25 -0.0941 1.7613 -1.7781 0.5941 3.12705e-05 0.1904
7500.0 7.25 -0.0672 1.5733 -1.5088 0.4752 3.75578e-05 0.3373
8000.0 7.25 -0.0328 1.4373 -1.3465 0.4077 4.43875e-05 0.4635
8500.0 7.25 -0.0126 1.3938 -1.3198 0.3982 5.1758e-05 0.5729
9000.0 7.25 0.011 1.3855 -1.3663 0.425 5.96244e-05 0.6685
9500.0 7.25 0.0703 1.2924 -1.3396 0.4308 6.78397e-05 0.7528
10000.0 7.25 0.1862 0.987 -1.0581 0.3382 7.59999e-05 0.8274
10500.0 7.25 0.2991 0.6281 -0.677 0.2009 8.34725e-05 0.894
11000.0 7.25 0.3772 0.3514 -0.3697 0.0899 8.99566e-05 0.9538
11500.0 7.25 0.4574 0.057 -0.046 -0.0236 9.48045e-05 1.0076
12000.0 7.25 0.5259 -0.1763 0.1855 -0.0958 9.87384e-05 1.0564
12500.0 7.25 0.5598 -0.2878 0.2822 -0.1198 0.000103416 1.1008
13000.0 7.25 0.5729 -0.3372 0.3247 -0.1312 0.000108732 1.1413
13500.0 7.25 0.5765 -0.3613 0.3461 -0.138 0.000114228 1.1784
14000.0 7.25 0.5756 -0.3738 0.3555 -0.1404 0.000119791 1.2126
14500.0 7.25 0.5756 -0.3892 0.3694 -0.1449 0.000125434 1.244
15000.0 7.25 0.5758 -0.4063 0.3862 -0.1505 0.000131144 1.2732
15500.0 7.25 0.5738 -0.4184 0.3989 -0.155 0.000136941 1.3002
16000.0 7.25 0.5733 -0.433 0.4142 -0.1605 0.000142813 1.3253
16500.0 7.25 0.5733 -0.4475 0.4292 -0.1658 0.000148767 1.3487
17000.0 7.25 0.5759 -0.4667 0.4483 -0.1725 0.000154794 1.3706
20000.0 7.25 0.6244 -0.6409 0.6216 -0.2343 0.000192572 1.4767
25000.0 7.25 0.7765 -1.0264 0.9811 -0.3572 0.000263618 1.592
30000.0 7.25 0.667 -0.7548 0.6512 -0.2242 0.000358977 1.666
35000.0 7.25 0.4196 -0.3381 0.2659 -0.091 0.000468449 1.7174
40000.0 7.25 0.3321 -0.2718 0.2405 -0.0894 0.000554005 1.7552
45000.0 7.25 0.3121 -0.3149 0.3084 -0.118 0.000624212 1.7841
50000.0 7.25 0.3168 -0.3883 0.3972 -0.1524 0.000687498 1.8069
55000.0 7.25 0.3299 -0.4624 0.4801 -0.1834 0.000744459 1.8254
60000.0 7.25 0.3467 -0.5342 0.5572 -0.2117 0.00079933 1.8406
3750.0 7.5 2.4445 -3.8358 3.3878 -1.1617 4.34225e-06 -1.8937
4000.0 7.5 2.0552 -3.1608 2.7959 -0.9627 5.17234e-06 -1.6006
4250.0 7.5 1.8368 -2.7385 2.3978 -0.8223 6.16048e-06 -1.3442
4500.0 7.5 1.7547 -2.5875 2.2565 -0.7723 7.41022e-06 -1.1183
4750.0 7.5 1.7339 -2.5571 2.2332 -0.7652 8.94032e-06 -0.9181
5000.0 7.5 1.5357 -1.967 1.5681 -0.5055 1.1247e-05 -0.7397
5250.0 7.5 1.3805 -1.5462 1.1263 -0.3405 1.33242e-05 -0.5799
5500.0 7.5 1.1949 -1.0371 0.598 -0.1452 1.55397e-05 -0.436
5750.0 7.5 0.9159 -0.3105 -0.1289 0.1166 1.78815e-05 -0.306
6000.0 7.5 0.5818 0.5076 -0.909 0.3867 2.03464e-05 -0.1881
6250.0 7.5 0.2759 1.1955 -1.5161 0.5826 2.29133e-05 -0.0806
6500.0 7.5 0.0692 1.5992 -1.8194 0.6641 2.55909e-05 0.0176
7000.0 7.5 -0.0753 1.7485 -1.8006 0.6116 3.13099e-05 0.1904
7500.0 7.5 -0.0668 1.5994 -1.5629 0.502 3.75716e-05 0.3373
8000.0 7.5 -0.0321 1.4674 -1.4103 0.4399 4.43513e-05 0.4635
8500.0 7.5 -0.0102 1.4277 -1.3955 0.4374 5.16643e-05 0.5729
9000.0 7.5 0.0157 1.4204 -1.4487 0.4684 5.94749e-05 0.6685
9500.0 7.5 0.0675 1.3569 -1.4588 0.4889 6.76525e-05 0.7528
10000.0 7.5 0.1779 1.0854 -1.2233 0.4149 7.59388e-05 0.8274
10500.0 7.5 0.2921 0.7318 -0.8533 0.282 8.37319e-05 0.894
11000.0 7.5 0.3661 0.4724 -0.5658 0.1767 9.0666e-05 0.9538
11500.0 7.5 0.4262 0.2409 -0.3006 0.08 9.65708e-05 1.0076
12000.0 7.5 0.4915 -0.0124 -0.0182 -0.0196 0.000100792 1.0564
12500.0 7.5 0.543 -0.1998 0.173 -0.0805 0.000104846 1.1008
13000.0 7.5 0.572 -0.3062 0.2767 -0.1114 0.000109712 1.1413
13500.0 7.5 0.5842 -0.361 0.3332 -0.1304 0.000115095 1.1784
14000.0 7.5 0.5866 -0.3863 0.3599 -0.1399 0.000120639 1.2126
14500.0 7.5 0.5855 -0.4011 0.3752 -0.1455 0.000126248 1.244
15000.0 7.5 0.5839 -0.4139 0.3881 -0.1501 0.000131906 1.2732
15500.0 7.5 0.5756 -0.4096 0.3835 -0.148 0.000137759 1.3002
16000.0 7.5 0.574 -0.422 0.3969 -0.1529 0.000143625 1.3253
16500.0 7.5 0.5766 -0.4425 0.418 -0.1605 0.000149563 1.3487
17000.0 7.5 0.5796 -0.463 0.4391 -0.168 0.000155586 1.3706
20000.0 7.5 0.6307 -0.6435 0.619 -0.2323 0.000193404 1.4767
25000.0 7.5 0.7817 -1.03 0.9809 -0.3563 0.000264687 1.592
30000.0 7.5 0.6613 -0.7406 0.6363 -0.2186 0.000360433 1.666
35000.0 7.5 0.4106 -0.3163 0.2436 -0.0828 0.000469056 1.7174
40000.0 7.5 0.3206 -0.2424 0.2096 -0.0778 0.00055374 1.7552
45000.0 7.5 0.293 -0.2669 0.2585 -0.0994 0.000623282 1.7841
50000.0 7.5 0.297 -0.3385 0.3456 -0.1332 0.000685807 1.8069
55000.0 7.5 0.3062 -0.404 0.4201 -0.1613 0.000742311 1.8254
60000.0 7.5 0.3186 -0.4648 0.486 -0.1855 0.000795045 1.8406
65000.0 7.5 -0.1866 0.7453 -0.7264 0.2547 0.000893268 1.8534
70000.0 7.5 -0.211 0.7659 -0.7389 0.2583 0.0009447 1.8643
75000.0 7.5 -0.2286 0.7746 -0.74 0.2576 0.000995108 1.8737
80000.0 7.5 -0.2419 0.7778 -0.7375 0.2561 0.00104451 1.8819
85000.0 7.5 -0.2504 0.7725 -0.7269 0.2516 0.00109383 1.8891
90000.0 7.5 -0.2551 0.7607 -0.7102 0.2448 0.00114273 1.8954
100000.0 7.5 -0.263 0.7375 -0.6783 0.2322 0.0012405 1.9062
3750.0 7.75 2.5269 -3.9603 3.4902 -1.1948 4.4176e-06 -1.8937
4000.0 7.75 2.1332 -3.3119 2.94 -1.014 5.26591e-06 -1.6006
4250.0 7.75 1.874 -2.8082 2.4648 -0.8464 6.24493e-06 -1.3442
4500.0 7.75 1.7701 -2.6121 2.2792 -0.7803 7.47544e-06 -1.1183
4750.0 7.75 1.7392 -2.5636 2.2382 -0.7667 8.9811e-06 -0.9181
5000.0 7.75 1.576 -2.0695 1.6747 -0.5452 1.1314e-05 -0.7397
5250.0 7.75 1.4023 -1.6119 1.1966 -0.367 1.33939e-05 -0.5799
5500.0 7.75 1.2405 -1.1702 0.7368 -0.1967 1.5624e-05 -0.436
5750.0 7.75 1.0114 -0.5641 0.123 0.0263 1.79782e-05 -0.306
6000.0 7.75 0.7125 0.1815 -0.5998 0.2802 2.04405e-05 -0.1881
6250.0 7.75 0.4047 0.8956 -1.2504 0.4969 2.30094e-05 -0.0806
6500.0 7.75 0.1661 1.393 -1.6569 0.6183 2.56788e-05 0.0176
7000.0 7.75 -0.0466 1.7123 -1.8018 0.6224 3.13739e-05 0.1904
7500.0 7.75 -0.0564 1.5945 -1.5813 0.5152 3.75972e-05 0.3373
8000.0 7.75 -0.0288 1.4771 -1.4412 0.4572 4.43371e-05 0.4635
8500.0 7.75 -0.0069 1.4422 -1.4365 0.46 5.15889e-05 0.5729
9000.0 7.75 0.018 1.4462 -1.5083 0.4997 5.93287e-05 0.6685
9500.0 7.75 0.0802 1.3677 -1.5128 0.521 6.74815e-05 0.7528
10000.0 7.75 0.1811 1.1446 -1.3428 0.4742 7.58169e-05 0.8274
10500.0 7.75 0.3023 0.7865 -0.9779 0.3447 8.38689e-05 0.894
11000.0 7.75 0.3851 0.5074 -0.6728 0.2327 9.1172e-05 0.9538
11500.0 7.75 0.4391 0.3065 -0.4443 0.1488 9.76832e-05 1.0076
12000.0 7.75 0.4849 0.1103 -0.2127 0.0635 0.00010299 1.0564
12500.0 7.75 0.5318 -0.0907 0.0173 -0.0188 0.000106934 1.1008
13000.0 7.75 0.5692 -0.2429 0.1805 -0.0728 0.000111156 1.1413
13500.0 7.75 0.5924 -0.343 0.2892 -0.1094 0.000116154 1.1784
14000.0 7.75 0.6025 -0.4006 0.357 -0.1348 0.000121587 1.2126
14500.0 7.75 0.603 -0.4263 0.3895 -0.1479 0.000127181 1.244
15000.0 7.75 0.5993 -0.4362 0.4025 -0.1534 0.000132902 1.2732
15500.0 7.75 0.5976 -0.4494 0.4175 -0.159 0.000138599 1.3002
16000.0 7.75 0.5973 -0.4633 0.432 -0.1642 0.000144493 1.3253
16500.0 7.75 0.5971 -0.4777 0.4474 -0.1699 0.000150426 1.3487
17000.0 7.75 0.6013 -0.5006 0.4707 -0.1783 0.000156437 1.3706
20000.0 7.75 0.6443 -0.6628 0.6332 -0.2363 0.000194309 1.4767
25000.0 7.75 0.7842 -1.0278 0.9756 -0.3538 0.00026592 1.592
30000.0 7.75 0.6593 -0.7342 0.629 -0.2158 0.000362097 1.666
35000.0 7.75 0.4072 -0.307 0.2336 -0.079 0.000469879 1.7174
40000.0 7.75 0.314 -0.2237 0.1892 -0.07 0.000553738 1.7552
45000.0 7.75 0.2877 -0.2505 0.2404 -0.0925 0.000622573 1.7841
50000.0 7.75 0.2836 -0.3023 0.3073 -0.1189 0.000683854 1.8069
55000.0 7.75 0.2891 -0.3583 0.3721 -0.1434 0.000739062 1.8254
60000.0 7.75 0.2984 -0.4132 0.4323 -0.1655 0.000792609 1.8406
65000.0 7.75 -0.0752 0.6169 -0.625 0.2209 0.000931652 1.8534
70000.0 7.75 -0.1065 0.6508 -0.6489 0.2282 0.000983433 1.8643
75000.0 7.75 -0.1317 0.675 -0.6645 0.2327 0.00103412 1.8737
80000.0 7.75 -0.1519 0.6916 -0.6737 0.2351 0.00108375 1.8819
85000.0 7.75 -0.1672 0.6993 -0.6746 0.2345 0.00113326 1.8891
90000.0 7.75 -0.1789 0.7014 -0.6708 0.2323 0.00118233 1.8954
100000.0 7.75 -0.201 0.7073 -0.6667 0.2297 0.00128027 1.9062
3750.0 8.0 2.591 -4.0368 3.5429 -1.2097 4.4939e-06 -1.8937
4000.0 8.0 2.2163 -3.4681 3.0862 -1.0654 5.36067e-06 -1.6006
4250.0 8.0 1.9198 -2.8955 2.5489 -0.8765 6.33472e-06 -1.3442
4500.0 8.0 1.7912 -2.6488 2.314 -0.7928 7.54739e-06 -1.1183
4750.0 8.0 1.7459 -2.571 2.2437 -0.7685 9.02971e-06 -0.9181
5000.0 8.0 1.6258 -2.195 1.8065 -0.5945 1.13878e-05 -0.7397
5250.0 8.0 1.4389 -1.7074 1.2946 -0.403 1.34745e-05 -0.5799
5500.0 8.0 1.2919 -1.3106 0.8816 -0.2499 1.57178e-05 -0.436
5750.0 8.0 1.0981 -0.7915 0.3491 -0.0548 1.80849e-05 -0.306
6000.0 8.0 0.8283 -0.1121 -0.3168 0.1813 2.05519e-05 -0.1881
6250.0 8.0 0.5363 0.5795 -0.9605 0.4001 2.31224e-05 -0.0806
6500.0 8.0 0.2772 1.1471 -1.4516 0.5562 2.57888e-05 0.0176
7000.0 8.0 -0.0086 1.6563 -1.7863 0.6282 3.14609e-05 0.1904
7500.0 8.0 -0.0427 1.5807 -1.5901 0.5248 3.76504e-05 0.3373
8000.0 8.0 -0.0317 1.4935 -1.4688 0.4703 4.43415e-05 0.4635
8500.0 8.0 -0.001 1.4349 -1.4413 0.4659 5.15368e-05 0.5729
9000.0 8.0 0.0267 1.4375 -1.5171 0.5088 5.92108e-05 0.6685
9500.0 8.0 0.0911 1.3673 -1.5412 0.54 6.73216e-05 0.7528
10000.0 8.0 0.1981 1.1505 -1.3938 0.5054 7.56769e-05 0.8274
10500.0 8.0 0.3266 0.7943 -1.0465 0.3858 8.39274e-05 0.894
11000.0 8.0 0.4208 0.4892 -0.719 0.266 9.15396e-05 0.9538
11500.0 8.0 0.484 0.2719 -0.4789 0.178 9.84487e-05 1.0076
12000.0 8.0 0.5287 0.0972 -0.2757 0.1029 0.0001046 1.0564
12500.0 8.0 0.5583 -0.057 -0.0855 0.0316 0.000109399 1.1008
13000.0 8.0 0.5844 -0.198 0.0832 -0.0296 0.000113299 1.1413
13500.0 8.0 0.6054 -0.3104 0.2136 -0.0749 0.000117716 1.1784
14000.0 8.0 0.6223 -0.4023 0.324 -0.1153 0.00012276 1.2126
14500.0 8.0 0.6278 -0.4555 0.3951 -0.144 0.000128236 1.244
15000.0 8.0 0.6254 -0.4785 0.4303 -0.1595 0.000133899 1.2732
15500.0 8.0 0.6212 -0.4911 0.4513 -0.1693 0.000139571 1.3002
16000.0 8.0 0.617 -0.498 0.4613 -0.1738 0.000145444 1.3253
16500.0 8.0 0.5965 -0.4657 0.4308 -0.163 0.000151468 1.3487
17000.0 8.0 0.6171 -0.5249 0.4895 -0.1839 0.000157429 1.3706
20000.0 8.0 0.6538 -0.6741 0.64 -0.238 0.000195343 1.4767
25000.0 8.0 0.7909 -1.0345 0.9788 -0.3542 0.000267272 1.592
30000.0 8.0 0.6575 -0.7284 0.6224 -0.2133 0.000363981 1.666
35000.0 8.0 0.406 -0.3025 0.2285 -0.0771 0.000470902 1.7174
40000.0 8.0 0.3113 -0.2136 0.1777 -0.0656 0.000553938 1.7552
45000.0 8.0 0.2821 -0.2324 0.2202 -0.0848 0.000622169 1.7841
50000.0 8.0 0.2752 -0.2773 0.2801 -0.1086 0.000682828 1.8069
55000.0 8.0 0.2776 -0.3261 0.3376 -0.1304 0.000737492 1.8254
60000.0 8.0 0.2842 -0.3745 0.3915 -0.1504 0.000789671 1.8406
3750.0 8.25 2.639 -4.0587 3.5349 -1.2014 4.5605e-06 -1.8937
4000.0 8.25 2.3018 -3.6224 3.2279 -1.1147 5.45545e-06 -1.6006
4250.0 8.25 1.9749 -3.0012 2.6503 -0.9128 6.42901e-06 -1.3442
4500.0 8.25 1.8163 -2.6924 2.3554 -0.8076 7.62622e-06 -1.1183
4750.0 8.25 1.7515 -2.5737 2.2446 -0.7686 9.08635e-06 -0.9181
5000.0 8.25 1.6867 -2.3496 1.9706 -0.6565 1.14667e-05 -0.7397
5250.0 8.25 1.4692 -1.7834 1.3728 -0.432 1.35627e-05 -0.5799
5500.0 8.25 1.3242 -1.4015 0.9769 -0.2853 1.582e-05 -0.436
5750.0 8.25 1.1449 -0.9282 0.4927 -0.1082 1.82023e-05 -0.306
6000.0 8.25 0.9264 -0.3639 -0.0712 0.0945 2.06823e-05 -0.1881
6250.0 8.25 0.659 0.2784 -0.6777 0.3034 2.32556e-05 -0.0806
6500.0 8.25 0.398 0.8696 -1.2078 0.4781 2.59222e-05 0.0176
7000.0 8.25 0.0475 1.5569 -1.7306 0.6206 3.15772e-05 0.1904
7500.0 8.25 -0.0253 1.5589 -1.5916 0.5319 3.77301e-05 0.3373
8000.0 8.25 -0.0135 1.4524 -1.4374 0.4626 4.43758e-05 0.4635
8500.0 8.25 0.0082 1.4077 -1.4154 0.458 5.15093e-05 0.5729
9000.0 8.25 0.0348 1.4137 -1.4951 0.5026 5.91119e-05 0.6685
9500.0 8.25 0.0971 1.3608 -1.5461 0.5459 6.71666e-05 0.7528
10000.0 8.25 0.2099 1.1523 -1.4247 0.5251 7.55198e-05 0.8274
10500.0 8.25 0.3494 0.7932 -1.0939 0.416 8.38905e-05 0.894
11000.0 8.25 0.4654 0.4359 -0.7191 0.2803 9.18043e-05 0.9538
11500.0 8.25 0.5427 0.1848 -0.4482 0.1815 9.90295e-05 1.0076
12000.0 8.25 0.6014 -0.0163 -0.2237 0.0989 0.00010566 1.0564
12500.0 8.25 0.6344 -0.1624 -0.0467 0.0323 0.000111497 1.1008
13000.0 8.25 0.6453 -0.2634 0.0879 -0.0193 0.000115961 1.1413
13500.0 8.25 0.6516 -0.3472 0.1984 -0.0605 0.00011991 1.1784
14000.0 8.25 0.6587 -0.425 0.2991 -0.0974 0.000124401 1.2126
14500.0 8.25 0.6621 -0.4864 0.3848 -0.1309 0.000129535 1.244
15000.0 8.25 0.6603 -0.5266 0.4492 -0.1589 0.000135051 1.2732
15500.0 8.25 0.6528 -0.5411 0.481 -0.1746 0.000140736 1.3002
16000.0 8.25 0.6454 -0.5479 0.4998 -0.1847 0.000146542 1.3253
16500.0 8.25 0.6404 -0.5541 0.5119 -0.1908 0.000152424 1.3487
17000.0 8.25 0.6355 -0.5555 0.5144 -0.1918 0.000158566 1.3706
20000.0 8.25 0.6727 -0.7063 0.6678 -0.2472 0.000196442 1.4767
25000.0 8.25 0.7948 -1.0367 0.9791 -0.3541 0.000268775 1.592
30000.0 8.25 0.6571 -0.7248 0.6177 -0.2114 0.000366044 1.666
35000.0 8.25 0.4077 -0.3044 0.2295 -0.0772 0.000472092 1.7174
40000.0 8.25 0.3043 -0.1957 0.1598 -0.0592 0.000554409 1.7552
45000.0 8.25 0.28 -0.2221 0.2078 -0.0799 0.000621985 1.7841
50000.0 8.25 0.2707 -0.2606 0.2609 -0.1012 0.000681756 1.8069
55000.0 8.25 0.2705 -0.3033 0.3123 -0.1207 0.000736244 1.8254
60000.0 8.25 0.2744 -0.3447 0.359 -0.138 0.000787016 1.8406
65000.0 8.25 -0.0381 0.5528 -0.5688 0.202 0.000925148 1.8534
70000.0 8.25 -0.0718 0.5947 -0.6017 0.2127 0.000975278 1.8643
75000.0 8.25 -0.1003 0.6288 -0.6281 0.2213 0.00102412 1.8737
80000.0 8.25 -0.1242 0.6555 -0.6477 0.2274 0.00107188 1.8819
85000.0 8.25 -0.1446 0.6771 -0.6635 0.2325 0.0011189 1.8891
90000.0 8.25 -0.1616 0.6926 -0.6733 0.2353 0.00116571 1.8954
100000.0 8.25 -0.1941 0.7249 -0.696 0.2423 0.00125851 1.9062
3750.0 8.5 2.6632 -4.0213 3.4669 -1.1713 4.61898e-06 -1.8937
4000.0 8.5 2.3857 -3.764 3.3531 -1.1572 5.54892e-06 -1.6006
4250.0 8.5 2.0391 -3.1235 2.7669 -0.9543 6.52679e-06 -1.3442
4500.0 8.5 1.8466 -2.7465 2.407 -0.8261 7.71209e-06 -1.1183
4750.0 8.5 1.7647 -2.5926 2.2616 -0.7745 9.15091e-06 -0.9181
5000.0 8.5 1.6742 -2.2958 1.9037 -0.6292 1.15464e-05 -0.7397
5250.0 8.5 1.5098 -1.8807 1.4715 -0.4682 1.36545e-05 -0.5799
5500.0 8.5 1.3545 -1.4809 1.0585 -0.3154 1.5929e-05 -0.436
5750.0 8.5 1.2092 -1.095 0.6608 -0.169 1.8334e-05 -0.306
6000.0 8.5 1.0108 -0.5813 0.1434 0.0181 2.08324e-05 -0.1881
6250.0 8.5 0.7681 0.0077 -0.42 0.2141 2.34164e-05 -0.0806
6500.0 8.5 0.5199 0.5824 -0.9476 0.392 2.60825e-05 0.0176
7000.0 8.5 0.1221 1.4117 -1.6305 0.5975 3.17202e-05 0.1904
7500.0 8.5 -0.0039 1.5339 -1.5955 0.5414 3.78378e-05 0.3373
8000.0 8.5 -0.0007 1.4249 -1.4177 0.4584 4.44387e-05 0.4635
8500.0 8.5 0.0208 1.3665 -1.3706 0.442 5.15061e-05 0.5729
9000.0 8.5 0.0431 1.3763 -1.4473 0.4837 5.90428e-05 0.6685
9500.0 8.5 0.1006 1.3425 -1.5221 0.5368 6.70288e-05 0.7528
10000.0 8.5 0.2103 1.1647 -1.4489 0.5375 7.5357e-05 0.8274
10500.0 8.5 0.3644 0.7967 -1.1312 0.4387 8.38124e-05 0.894
11000.0 8.5 0.499 0.4037 -0.732 0.297 9.19637e-05 0.9538
11500.0 8.5 0.6011 0.0841 -0.3913 0.1727 9.94987e-05 1.0076
12000.0 8.5 0.678 -0.1595 -0.1276 0.0762 0.000106461 1.0564
12500.0 8.5 0.7294 -0.3438 0.084 -0.0031 0.000112891 1.1008
13000.0 8.5 0.7462 -0.446 0.2163 -0.0538 0.000118477 1.1413
13500.0 8.5 0.739 -0.4933 0.2934 -0.0848 0.000122772 1.1784
14000.0 8.5 0.7287 -0.5284 0.3542 -0.1088 0.000126795 1.2126
14500.0 8.5 0.7181 -0.558 0.4079 -0.13 0.00013134 1.244
15000.0 8.5 0.7096 -0.5909 0.4682 -0.1555 0.000136506 1.2732
15500.0 8.5 0.6985 -0.6096 0.5147 -0.178 0.000142062 1.3002
16000.0 8.5 0.6848 -0.6128 0.5405 -0.1929 0.000147828 1.3253
16500.0 8.5 0.6732 -0.6115 0.5545 -0.2021 0.000153672 1.3487
17000.0 8.5 0.666 -0.613 0.5641 -0.2079 0.000159673 1.3706
20000.0 8.5 0.6933 -0.7428 0.7002 -0.2583 0.000197663 1.4767
25000.0 8.5 0.8073 -1.0557 0.9943 -0.3589 0.000270368 1.592
30000.0 8.5 0.653 -0.7152 0.6084 -0.2082 0.00036834 1.666
35000.0 8.5 0.4109 -0.3095 0.234 -0.0788 0.000473434 1.7174
40000.0 8.5 0.3171 -0.2173 0.1774 -0.0646 0.000554839 1.7552
45000.0 8.5 0.2803 -0.217 0.2003 -0.0766 0.000622021 1.7841
50000.0 8.5 0.2692 -0.2497 0.2471 -0.0956 0.00068034 1.8069
55000.0 8.5 0.2667 -0.2869 0.293 -0.1131 0.000734246 1.8254
60000.0 8.5 0.2668 -0.3213 0.3333 -0.1282 0.000786068 1.8406
65000.0 8.5 -0.0118 0.5014 -0.5205 0.1849 0.000922836 1.8534
70000.0 8.5 -0.0454 0.5442 -0.5545 0.1961 0.00097211 1.8643
75000.0 8.5 -0.0741 0.5797 -0.5826 0.2054 0.00102018 1.8737
80000.0 8.5 -0.0984 0.6085 -0.6048 0.2126 0.00106732 1.8819
85000.0 8.5 -0.1192 0.6319 -0.6228 0.2185 0.0011138 1.8891
90000.0 8.5 -0.1375 0.6521 -0.6381 0.2235 0.00115975 1.8954
100000.0 8.5 -0.1718 0.6905 -0.6678 0.2333 0.0012508 1.9062
3750.0 8.75 2.6592 -3.9136 3.3295 -1.1165 4.66725e-06 -1.8937
4000.0 8.75 2.4628 -3.8799 3.4484 -1.1881 5.63879e-06 -1.6006
4250.0 8.75 2.1116 -3.2592 2.8947 -0.9994 6.62646e-06 -1.3442
4500.0 8.75 1.8838 -2.8141 2.4716 -0.8492 7.80364e-06 -1.1183
4750.0 8.75 1.7848 -2.6262 2.2933 -0.7859 9.22226e-06 -0.9181
5000.0 8.75 1.7459 -2.4759 2.096 -0.7022 1.16369e-05 -0.7397
5250.0 8.75 1.5551 -1.9882 1.5813 -0.5088 1.37497e-05 -0.5799
5500.0 8.75 1.3873 -1.5615 1.1398 -0.3451 1.60455e-05 -0.436
5750.0 8.75 1.2328 -1.1647 0.7356 -0.1973 1.84728e-05 -0.306
6000.0 8.75 1.0618 -0.725 0.2935 -0.0377 2.09954e-05 -0.1881
6250.0 8.75 0.8589 -0.2222 -0.1964 0.1352 2.35959e-05 -0.0806
6500.0 8.75 0.6338 0.308 -0.692 0.305 2.6273e-05 0.0176
7000.0 8.75 0.211 1.2304 -1.494 0.5612 3.18971e-05 0.1904
7500.0 8.75 0.0345 1.472 -1.5687 0.5418 3.79834e-05 0.3373
8000.0 8.75 0.0175 1.3888 -1.3938 0.4538 4.45283e-05 0.4635
8500.0 8.75 0.0371 1.3139 -1.3121 0.4207 5.15362e-05 0.5729
9000.0 8.75 0.0574 1.3167 -1.3712 0.4534 5.90044e-05 0.6685
9500.0 8.75 0.1041 1.3083 -1.4678 0.5129 6.69112e-05 0.7528
10000.0 8.75 0.2002 1.1848 -1.4632 0.5416 7.5191e-05 0.8274
10500.0 8.75 0.3602 0.8343 -1.1876 0.4639 8.36867e-05 0.894
11000.0 8.75 0.5195 0.3945 -0.7559 0.3143 9.20394e-05 0.9538
11500.0 8.75 0.6402 0.0291 -0.3745 0.1766 9.98563e-05 1.0076
12000.0 8.75 0.7426 -0.2855 -0.0372 0.0529 0.000107115 1.0564
12500.0 8.75 0.8155 -0.5212 0.2238 -0.0443 0.000113918 1.1008
13000.0 8.75 0.8525 -0.6683 0.399 -0.111 0.000120209 1.1413
13500.0 8.75 0.8525 -0.7256 0.4856 -0.1457 0.00012563 1.1784
14000.0 8.75 0.8317 -0.7279 0.513 -0.1584 0.000129878 1.2126
14500.0 8.75 0.8064 -0.7165 0.5241 -0.1646 0.000133956 1.244
15000.0 8.75 0.783 -0.7093 0.5405 -0.1729 0.000138554 1.2732
15500.0 8.75 0.7604 -0.7028 0.5607 -0.1841 0.000143694 1.3002
16000.0 8.75 0.739 -0.6965 0.5834 -0.1982 0.000149234 1.3253
16500.0 8.75 0.7192 -0.6862 0.5991 -0.2103 0.000154989 1.3487
17000.0 8.75 0.7006 -0.6737 0.6096 -0.2205 0.000160882 1.3706
20000.0 8.75 0.7149 -0.7807 0.7327 -0.2689 0.000198996 1.4767
25000.0 8.75 0.8175 -1.0701 1.0052 -0.3623 0.000272105 1.592
30000.0 8.75 0.6569 -0.7203 0.6115 -0.209 0.000370722 1.666
35000.0 8.75 0.4157 -0.3183 0.242 -0.0815 0.000474904 1.7174
40000.0 8.75 0.3212 -0.2222 0.1806 -0.0654 0.000555537 1.7552
45000.0 8.75 0.2834 -0.2184 0.1994 -0.0759 0.000622221 1.7841
50000.0 8.75 0.2703 -0.2449 0.2394 -0.0921 0.000679735 1.8069
55000.0 8.75 0.266 -0.2779 0.2812 -0.1084 0.000732972 1.8254
60000.0 8.75 0.2656 -0.3092 0.3177 -0.1219 0.000783274 1.8406
3750.0 9.0 2.6275 -3.7426 3.1325 -1.0413 4.6963e-06 -1.8937
4000.0 9.0 2.5278 -3.9576 3.5021 -1.2033 5.72237e-06 -1.6006
4250.0 9.0 2.1904 -3.403 3.0282 -1.0462 6.72575e-06 -1.3442
4500.0 9.0 1.9294 -2.8986 2.5524 -0.8781 7.90005e-06 -1.1183
4750.0 9.0 1.8039 -2.6557 2.3207 -0.7957 9.30794e-06 -0.9181
5000.0 9.0 1.7782 -2.5442 2.1646 -0.7274 1.17353e-05 -0.7397
5250.0 9.0 1.6104 -2.1201 1.717 -0.5591 1.38493e-05 -0.5799
5500.0 9.0 1.4183 -1.6332 1.2105 -0.3706 1.6162e-05 -0.436
5750.0 9.0 1.2706 -1.2601 0.8318 -0.2324 1.86187e-05 -0.306
6000.0 9.0 1.111 -0.8528 0.4225 -0.0846 2.11739e-05 -0.1881
6250.0 9.0 0.9392 -0.4195 -0.0071 0.0691 2.38015e-05 -0.0806
6500.0 9.0 0.7341 0.061 -0.4563 0.223 2.64908e-05 0.0176
7000.0 9.0 0.3167 0.9983 -1.2995 0.5022 3.21128e-05 0.1904
7500.0 9.0 0.0795 1.4016 -1.5405 0.5435 3.81686e-05 0.3373
8000.0 9.0 0.0393 1.3513 -1.3744 0.4523 4.46668e-05 0.4635
8500.0 9.0 0.0557 1.2593 -1.2543 0.4002 5.16113e-05 0.5729
9000.0 9.0 0.0775 1.238 -1.2728 0.4144 5.89937e-05 0.6685
9500.0 9.0 0.1072 1.2652 -1.396 0.4806 6.6808e-05 0.7528
10000.0 9.0 0.1852 1.2 -1.4573 0.5342 7.50555e-05 0.8274
10500.0 9.0 0.34 0.8949 -1.2507 0.4871 8.35524e-05 0.894
11000.0 9.0 0.5186 0.432 -0.8166 0.3419 9.20511e-05 0.9538
11500.0 9.0 0.6628 0.0066 -0.3789 0.185 0.000100135 1.0076
12000.0 9.0 0.7837 -0.3564 0.0044 0.0453 0.000107661 1.0564
12500.0 9.0 0.8803 -0.6544 0.3279 -0.0747 0.000114749 1.1008
13000.0 9.0 0.9401 -0.8591 0.561 -0.1628 0.00012147 1.1413
13500.0 9.0 0.9597 -0.9619 0.6926 -0.2144 0.000127685 1.1784
14000.0 9.0 0.9459 -0.9761 0.732 -0.2318 0.000133033 1.2126
14500.0 9.0 0.9161 -0.9447 0.7201 -0.2295 0.000137296 1.244
15000.0 9.0 0.8805 -0.8997 0.6952 -0.2228 0.000141424 1.2732
15500.0 9.0 0.8453 -0.8556 0.6717 -0.2165 0.000146033 1.3002
16000.0 9.0 0.811 -0.8144 0.6545 -0.2138 0.000151111 1.3253
16500.0 9.0 0.7805 -0.7831 0.6514 -0.2183 0.000156657 1.3487
17000.0 9.0 0.7549 -0.7598 0.656 -0.2267 0.000162482 1.3706
20000.0 9.0 0.7396 -0.8271 0.7747 -0.2833 0.00020046 1.4767
25000.0 9.0 0.8251 -1.0815 1.0146 -0.3654 0.000274006 1.592
30000.0 9.0 0.6601 -0.7241 0.6135 -0.2094 0.000373259 1.666
35000.0 9.0 0.424 -0.3332 0.255 -0.0859 0.000476481 1.7174
40000.0 9.0 0.3267 -0.2313 0.1884 -0.068 0.000556377 1.7552
45000.0 9.0 0.289 -0.2248 0.2032 -0.0767 0.000622587 1.7841
50000.0 9.0 0.2734 -0.2451 0.237 -0.0907 0.00067931 1.8069
55000.0 9.0 0.2669 -0.2721 0.2723 -0.1044 0.000732107 1.8254
60000.0 9.0 0.2648 -0.2997 0.3053 -0.1169 0.000781516 1.8406
65000.0 9.0 0.0421 0.393 -0.4169 0.1481 0.000919376 1.8534
70000.0 9.0 0.0108 0.4321 -0.4473 0.1579 0.000967505 1.8643
75000.0 9.0 -0.0163 0.4656 -0.4741 0.1668 0.00101435 1.8737
80000.0 9.0 -0.0395 0.4932 -0.4957 0.1739 0.00106017 1.8819
85000.0 9.0 -0.0604 0.5189 -0.5168 0.1811 0.00110523 1.8891
90000.0 9.0 -0.0777 0.5375 -0.5305 0.1855 0.00114968 1.8954
100000.0 9.0 -0.1122 0.5801 -0.566 0.1977 0.00123732 1.9062
3750.0 9.25 2.572 -3.5215 2.8914 -0.9518 4.70232e-06 -1.8937
4000.0 9.25 2.5756 -3.986 3.5032 -1.1989 5.79382e-06 -1.6006
4250.0 9.25 2.2735 -3.5489 3.1604 -1.0918 6.82238e-06 -1.3442
4500.0 9.25 1.9845 -3.0016 2.6505 -0.9131 7.99928e-06 -1.1183
4750.0 9.25 1.8327 -2.7056 2.3683 -0.8128 9.38903e-06 -0.9181
5000.0 9.25 1.8313 -2.6743 2.3041 -0.7805 1.18467e-05 -0.7397
5250.0 9.25 1.6769 -2.2824 1.8866 -0.6224 1.39543e-05 -0.5799
5500.0 9.25 1.462 -1.7342 1.3111 -0.4071 1.62793e-05 -0.436
5750.0 9.25 1.3066 -1.346 0.9165 -0.2627 1.87657e-05 -0.306
6000.0 9.25 1.16 -0.9751 0.5432 -0.1276 2.13584e-05 -0.1881
6250.0 9.25 0.9925 -0.5588 0.133 0.0185 2.40219e-05 -0.0806
6500.0 9.25 0.8154 -0.1374 -0.2662 0.1565 2.67394e-05 0.0176
7000.0 9.25 0.4236 0.7568 -1.0879 0.4344 3.23665e-05 0.1904
7500.0 9.25 0.1424 1.2895 -1.4737 0.5322 3.83865e-05 0.3373
8000.0 9.25 0.0668 1.3086 -1.3577 0.4538 4.4845e-05 0.4635
8500.0 9.25 0.074 1.2113 -1.2073 0.3846 5.17268e-05 0.5729
9000.0 9.25 0.0965 1.1652 -1.1814 0.378 5.90253e-05 0.6685
9500.0 9.25 0.1189 1.1934 -1.2899 0.4347 6.67398e-05 0.7528
10000.0 9.25 0.1788 1.1762 -1.3984 0.5045 7.48904e-05 0.8274
10500.0 9.25 0.3104 0.9589 -1.2988 0.4999 8.33702e-05 0.894
11000.0 9.25 0.4956 0.5146 -0.9098 0.3775 9.19611e-05 0.9538
11500.0 9.25 0.659 0.0509 -0.4449 0.2138 0.000100286 1.0076
12000.0 9.25 0.7988 -0.3621 -0.0147 0.0581 0.000108089 1.0564
12500.0 9.25 0.9173 -0.7181 0.3656 -0.0819 0.000115434 1.1008
13000.0 9.25 1.0013 -0.9868 0.6635 -0.1939 0.000122442 1.1413
13500.0 9.25 1.0422 -1.1443 0.8514 -0.2668 0.000129129 1.1784
14000.0 9.25 1.0453 -1.2006 0.9344 -0.3009 0.000135318 1.2126
14500.0 9.25 1.0225 -1.1836 0.9382 -0.3049 0.000140671 1.244
15000.0 9.25 0.9857 -1.1269 0.8976 -0.2918 0.000145039 1.2732
15500.0 9.25 0.9448 -1.0591 0.8453 -0.2746 0.000149207 1.3002
16000.0 9.25 0.9026 -0.9888 0.7917 -0.2569 0.000153729 1.3253
16500.0 9.25 0.8573 -0.9152 0.739 -0.2408 0.000158832 1.3487
17000.0 9.25 0.8078 -0.843 0.7033 -0.2355 0.000164156 1.3706
20000.0 9.25 0.7687 -0.8808 0.8215 -0.2989 0.00020198 1.4767
25000.0 9.25 0.8412 -1.1058 1.0332 -0.3711 0.00027599 1.592
30000.0 9.25 0.6625 -0.7282 0.617 -0.2107 0.000375912 1.666
35000.0 9.25 0.4299 -0.3463 0.2685 -0.0909 0.000478129 1.7174
40000.0 9.25 0.3351 -0.2455 0.2006 -0.0721 0.000557232 1.7552
45000.0 9.25 0.2945 -0.2329 0.2097 -0.0787 0.00062304 1.7841
50000.0 9.25 0.2786 -0.2503 0.2395 -0.0911 0.000679011 1.8069
55000.0 9.25 0.2682 -0.2689 0.267 -0.1021 0.000731741 1.8254
60000.0 9.25 0.2645 -0.2923 0.2956 -0.1129 0.000780296 1.8406
3750.0 9.5 2.5096 -3.2921 2.646 -0.8616 4.69544e-06 -1.8937
4000.0 9.5 2.6039 -3.9618 3.4492 -1.1741 5.84823e-06 -1.6006
4250.0 9.5 2.3551 -3.6808 3.2742 -1.13 6.91224e-06 -1.3442
4500.0 9.5 2.0492 -3.1218 2.7648 -0.9538 8.09752e-06 -1.1183
4750.0 9.5 1.8673 -2.7671 2.4269 -0.8338 9.48349e-06 -0.9181
5000.0 9.5 1.8612 -2.7366 2.3683 -0.8046 1.2044e-05 -0.7397
5250.0 9.5 1.6483 -2.1813 1.7677 -0.5752 1.40588e-05 -0.5799
5500.0 9.5 1.5022 -1.8245 1.4012 -0.4398 1.63977e-05 -0.436
5750.0 9.5 1.3509 -1.449 1.0179 -0.299 1.89121e-05 -0.306
6000.0 9.5 1.2098 -1.0935 0.6586 -0.1685 2.15487e-05 -0.1881
6250.0 9.5 1.0462 -0.6893 0.2597 -0.0263 2.42552e-05 -0.0806
6500.0 9.5 0.8815 -0.2982 -0.1118 0.1023 2.70122e-05 0.0176
7000.0 9.5 0.534 0.4945 -0.8433 0.3513 3.26666e-05 0.1904
7500.0 9.5 0.2189 1.1437 -1.3741 0.5094 3.86536e-05 0.3373
8000.0 9.5 0.0979 1.2669 -1.3502 0.4606 4.50681e-05 0.4635
8500.0 9.5 0.0942 1.1676 -1.1718 0.3747 5.18955e-05 0.5729
9000.0 9.5 0.1178 1.0916 -1.0937 0.3442 5.91127e-05 0.6685
9500.0 9.5 0.1381 1.1041 -1.1685 0.3842 6.67426e-05 0.7528
10000.0 9.5 0.1799 1.1222 -1.3004 0.4587 7.47694e-05 0.8274
10500.0 9.5 0.2803 1.0039 -1.312 0.4963 8.3171e-05 0.894
11000.0 9.5 0.4564 0.6228 -1.0136 0.4127 9.18109e-05 0.9538
11500.0 9.5 0.6339 0.1436 -0.5508 0.2543 0.000100339 1.0076
12000.0 9.5 0.7876 -0.3037 -0.0916 0.0897 0.000108416 1.0564
12500.0 9.5 0.9242 -0.7065 0.3322 -0.0649 0.000116017 1.1008
13000.0 9.5 1.0324 -1.0379 0.6921 -0.199 0.000123271 1.1413
13500.0 9.5 1.0981 -1.2605 0.9454 -0.2958 0.000130258 1.1784
14000.0 9.5 1.1215 -1.3706 1.0842 -0.351 0.000136948 1.2126
14500.0 9.5 1.1115 -1.387 1.1237 -0.3689 0.000143163 1.244
15000.0 9.5 1.0827 -1.3477 1.1016 -0.3631 0.000148605 1.2732
15500.0 9.5 1.042 -1.2748 1.0418 -0.3427 0.000153148 1.3002
16000.0 9.5 0.9972 -1.1891 0.9681 -0.3173 0.000157349 1.3253
16500.0 9.5 0.9519 -1.1044 0.8975 -0.2933 0.000161809 1.3487
17000.0 9.5 0.9021 -1.0148 0.8262 -0.2701 0.000166851 1.3706
20000.0 9.5 0.8373 -1.2232 1.4098 -0.5798 0.000224985 1.4767
25000.0 9.5 0.8527 -1.1229 1.0457 -0.3747 0.000278125 1.592
30000.0 9.5 0.6655 -0.7328 0.6201 -0.2116 0.000378698 1.666
35000.0 9.5 0.4378 -0.362 0.2835 -0.0963 0.000479872 1.7174
40000.0 9.5 0.3438 -0.2607 0.214 -0.0766 0.000558229 1.7552
45000.0 9.5 0.3022 -0.2453 0.2203 -0.0822 0.000623668 1.7841
50000.0 9.5 0.2849 -0.2571 0.2434 -0.092 0.000678335 1.8069
55000.0 9.5 0.2751 -0.2757 0.2701 -0.1025 0.000730019 1.8254
60000.0 9.5 0.2698 -0.2953 0.2949 -0.1119 0.000778888 1.8406
65000.0 9.5 0.0953 0.2846 -0.3121 0.1105 0.00091702 1.8534
70000.0 9.5 0.0668 0.3187 -0.3383 0.1189 0.000964309 1.8643
75000.0 9.5 0.0422 0.3476 -0.3607 0.1262 0.00101019 1.8737
80000.0 9.5 0.0208 0.3725 -0.3802 0.1328 0.0010551 1.8819
85000.0 9.5 0.0026 0.3921 -0.3949 0.1375 0.00109913 1.8891
90000.0 9.5 -0.0139 0.4106 -0.4096 0.1425 0.00114245 1.8954
100000.0 9.5 -0.0454 0.4486 -0.4413 0.1535 0.00122763 1.9062
