Teff log(g) a1 a2 a3 a4 I1 beaming
3750.0 5.0 0.9643 -0.0079 -0.5349 0.2789 1.51842e-06 -3.9058
4000.0 5.0 1.325 -1.0127 0.5322 -0.1191 2.08184e-06 -3.4777
4250.0 5.0 1.4766 -1.4451 1.0126 -0.303 2.87848e-06 -3.101
4500.0 5.0 1.4895 -1.4201 0.9844 -0.291 3.97374e-06 -2.7674
4750.0 5.0 1.2718 -0.8242 0.4054 -0.0823 5.40752e-06 -2.47
5000.0 5.0 0.7706 0.4544 -0.8103 0.3424 7.34181e-06 -2.2036
5250.0 5.0 0.246 1.7317 -1.9945 0.7401 9.45432e-06 -1.9637
5500.0 5.0 -0.1272 2.5288 -2.6378 0.9254 1.1858e-05 -1.7467
5750.0 5.0 -0.2839 2.6968 -2.602 0.8576 1.45601e-05 -1.5498
6000.0 5.0 -0.2981 2.4809 -2.175 0.6512 1.75749e-05 -1.3704
6250.0 5.0 -0.2341 2.0809 -1.5847 0.3946 2.09238e-05 -1.2063
6500.0 5.0 -0.1365 1.64 -0.996 0.1506 2.46263e-05 -1.0559
7000.0 5.0 0.0198 1.0419 -0.2481 -0.1526 3.32614e-05 -0.7899
7500.0 5.0 0.0431 0.9861 -0.1781 -0.1956 4.38055e-05 -0.5626
8000.0 5.0 -0.0462 1.4127 -0.7424 0.0186 5.63992e-05 -0.3665
8500.0 5.0 -0.0765 1.8116 -1.4131 0.3152 7.07979e-05 -0.1959
9000.0 5.0 0.1187 1.4251 -1.1823 0.2844 8.61707e-05 -0.0465
9500.0 5.0 0.3876 0.631 -0.4398 0.08 9.91095e-05 0.0854
10000.0 5.0 0.518 0.2882 -0.1277 -0.0168 0.0001108 0.2025
10500.0 5.0 0.5496 0.2825 -0.2022 0.0262 0.000121549 0.3069
11000.0 5.0 0.5974 0.1839 -0.154 0.0207 0.000132005 0.4007
11500.0 5.0 0.6456 0.0377 -0.0264 -0.0201 0.000142407 0.4852
12000.0 5.0 0.6489 0.0258 -0.0347 -0.0126 0.000152643 0.5618
12500.0 5.0 0.6581 -0.021 0.0047 -0.0249 0.000163031 0.6314
13000.0 5.0 0.6619 -0.0534 0.031 -0.0329 0.00017349 0.6949
13500.0 5.0 0.6475 -0.0413 0.0133 -0.0249 0.000184099 0.753
14000.0 5.0 0.6661 -0.1097 0.0805 -0.0489 0.000194828 0.8065
14500.0 5.0 0.6289 -0.04 0.0048 -0.0198 0.000205704 0.8557
15000.0 5.0 0.6689 -0.1594 0.1264 -0.0643 0.000216703 0.9012
15500.0 5.0 0.6697 -0.1813 0.1468 -0.0711 0.000227867 0.9434
16000.0 5.0 0.6337 -0.1112 0.0707 -0.0417 0.000239203 0.9826
16500.0 5.0 0.6757 -0.2331 0.1962 -0.088 0.00025067 1.0191
17000.0 5.0 0.6805 -0.2628 0.2254 -0.0982 0.000262339 1.0532
20000.0 5.0 0.7292 -0.4729 0.4347 -0.1721 0.000336371 1.2175
25000.0 5.0 0.9157 -0.9977 0.9465 -0.3518 0.000480894 1.3949
30000.0 5.0 1.0259 -1.241 1.113 -0.3935 0.000683093 1.5076
35000.0 5.0 0.9947 -1.2943 1.1549 -0.406 0.000915955 1.5853
40000.0 5.0 1.0594 -1.5534 1.4413 -0.5154 0.00109868 1.642
45000.0 5.0 1.1497 -1.8238 1.7264 -0.6212 0.0012539 1.6852
50000.0 5.0 1.2417 -2.0688 1.9763 -0.7121 0.00139912 1.7191
55000.0 5.0 1.3215 -2.2622 2.1665 -0.7797 0.00153615 1.7464
60000.0 5.0 1.389 -2.4119 2.3084 -0.829 0.00167128 1.769
3750.0 5.25 1.04 -0.2049 -0.3322 0.2052 1.55849e-06 -3.9058
4000.0 5.25 1.3956 -1.203 0.7338 -0.1944 2.11206e-06 -3.4777
4250.0 5.25 1.5484 -1.6434 1.2221 -0.3815 2.89712e-06 -3.101
4500.0 5.25 1.583 -1.6825 1.2587 -0.3932 3.97451e-06 -2.7674
4750.0 5.25 1.4074 -1.1825 0.7564 -0.2088 5.38577e-06 -2.47
5000.0 5.25 0.9686 -0.0409 -0.3445 0.1816 7.32169e-06 -2.2036
5250.0 5.25 0.4519 1.2446 -1.5586 0.5982 9.42754e-06 -1.9637
5500.0 5.25 0.0158 2.2442 -2.4377 0.8773 1.18263e-05 -1.7467
5750.0 5.25 -0.2168 2.6478 -2.6704 0.9128 1.4513e-05 -1.5498
6000.0 5.25 -0.2884 2.6073 -2.4408 0.7808 1.75042e-05 -1.3704
6250.0 5.25 -0.2679 2.3306 -1.9807 0.5704 2.08195e-05 -1.2063
6500.0 5.25 -0.2001 1.9572 -1.4478 0.3413 2.44778e-05 -1.0559
7000.0 5.25 -0.0464 1.3118 -0.6055 -0.0079 3.2966e-05 -0.7899
7500.0 5.25 0.0052 1.1338 -0.38 -0.1109 4.32722e-05 -0.5626
8000.0 5.25 -0.0595 1.4462 -0.7925 0.0425 5.55936e-05 -0.3665
8500.0 5.25 -0.1144 1.8896 -1.4867 0.3404 6.97806e-05 -0.1959
9000.0 5.25 0.0046 1.784 -1.5869 0.4316 8.508e-05 -0.0465
9500.0 5.25 0.2524 1.0767 -0.9233 0.2394 9.90056e-05 0.0854
10000.0 5.25 0.4642 0.4283 -0.2705 0.034 0.000110912 0.2025
10500.0 5.25 0.5343 0.2922 -0.1922 0.0179 0.000122065 0.3069
11000.0 5.25 0.5813 0.2093 -0.1684 0.0229 0.000132636 0.4007
11500.0 5.25 0.6186 0.116 -0.1078 0.0093 0.000143009 0.4852
12000.0 5.25 0.642 0.0396 -0.0467 -0.0089 0.000153339 0.5618
12500.0 5.25 0.6531 -0.0111 -0.0046 -0.0218 0.000163722 0.6314
13000.0 5.25 0.6581 -0.0472 0.0253 -0.0311 0.000174168 0.6949
13500.0 5.25 0.6598 -0.0747 0.0482 -0.038 0.000184762 0.753
14000.0 5.25 0.6607 -0.1004 0.0714 -0.0456 0.000195478 0.8065
14500.0 5.25 0.6613 -0.1247 0.094 -0.0533 0.000206327 0.8557
15000.0 5.25 0.6607 -0.1445 0.1118 -0.059 0.000217317 0.9012
15500.0 5.25 0.6623 -0.169 0.1352 -0.067 0.000228445 0.9434
16000.0 5.25 0.6629 -0.1898 0.1543 -0.0733 0.00023975 0.9826
16500.0 5.25 0.6611 -0.2039 0.167 -0.0772 0.000251208 1.0191
17000.0 5.25 0.6677 -0.238 0.2005 -0.089 0.000262823 1.0532
20000.0 5.25 0.696 -0.4024 0.3637 -0.146 0.000336572 1.2175
25000.0 5.25 0.8853 -0.9427 0.894 -0.333 0.000479932 1.3949
30000.0 5.25 0.9918 -1.1884 1.0671 -0.3778 0.000677851 1.5076
35000.0 5.25 0.9116 -1.1357 1.0052 -0.3529 0.000906884 1.5853
40000.0 5.25 0.9386 -1.323 1.2254 -0.4393 0.00108698 1.642
45000.0 5.25 1.0114 -1.5713 1.4965 -0.5417 0.00123842 1.6852
50000.0 5.25 1.0936 -1.8104 1.7465 -0.6338 0.00137893 1.7191
55000.0 5.25 1.1736 -2.0225 1.9622 -0.712 0.0015099 1.7464
60000.0 5.25 1.2466 -2.2022 2.1392 -0.7749 0.00163746 1.769
3750.0 5.5 1.1117 -0.3922 -0.1367 0.1332 1.6039e-06 -3.9058
4000.0 5.5 1.453 -1.3558 0.8964 -0.2553 2.14612e-06 -3.4777
4250.0 5.5 1.6045 -1.7981 1.3863 -0.4431 2.91973e-06 -3.101
4500.0 5.5 1.6519 -1.8763 1.4619 -0.4692 3.97972e-06 -2.7674
4750.0 5.5 1.5121 -1.4679 1.0424 -0.3134 5.37106e-06 -2.47
5000.0 5.5 1.1371 -0.4697 0.0626 0.0393 7.30855e-06 -2.2036
5250.0 5.5 0.6554 0.7475 -1.1 0.444 9.40673e-06 -1.9637
5500.0 5.5 0.1797 1.8843 -2.1438 0.7907 1.18021e-05 -1.7467
5750.0 5.5 -0.1269 2.5155 -2.6347 0.9259 1.44805e-05 -1.5498
6000.0 5.5 -0.2555 2.6492 -2.6016 0.8687 1.74531e-05 -1.3704
6250.0 5.5 -0.2723 2.4861 -2.2688 0.7059 2.07386e-05 -1.2063
6500.0 5.5 -0.2405 2.2128 -1.8403 0.5135 2.43565e-05 -1.0559
7000.0 5.5 -0.1112 1.5984 -0.9995 0.156 3.2711e-05 -0.7899
7500.0 5.5 -0.0396 1.3193 -0.6362 -0.0029 4.27955e-05 -0.5626
8000.0 5.5 -0.0791 1.5152 -0.8941 0.0885 5.48374e-05 -0.3665
8500.0 5.5 -0.1438 1.9489 -1.5466 0.3628 6.87818e-05 -0.1959
9000.0 5.5 -0.0532 1.9535 -1.7787 0.5024 8.40925e-05 -0.0465
9500.0 5.5 0.1799 1.3355 -1.2139 0.3333 9.91634e-05 0.0854
10000.0 5.5 0.4267 0.5551 -0.4251 0.0899 0.000111266 0.2025
10500.0 5.5 0.5173 0.3096 -0.1942 0.0154 0.000122599 0.3069
11000.0 5.5 0.5646 0.2323 -0.1775 0.0226 0.000133338 0.4007
11500.0 5.5 0.6042 0.1442 -0.1293 0.015 0.000143801 0.4852
12000.0 5.5 0.6326 0.0606 -0.0655 -0.0029 0.000154158 0.5618
12500.0 5.5 0.6469 0.0035 -0.0191 -0.0168 0.000164552 0.6314
13000.0 5.5 0.6534 -0.037 0.0153 -0.0276 0.000175042 0.6949
13500.0 5.5 0.6574 -0.0704 0.0445 -0.0369 0.000185586 0.753
14000.0 5.5 0.6561 -0.0906 0.0614 -0.042 0.0001963 0.8065
14500.0 5.5 0.6565 -0.1147 0.0835 -0.0493 0.000207147 0.8557
15000.0 5.5 0.6559 -0.135 0.102 -0.0554 0.000218125 0.9012
15500.0 5.5 0.6558 -0.1558 0.1218 -0.0621 0.000229262 0.9434
16000.0 5.5 0.64 -0.1368 0.0994 -0.0528 0.000240553 0.9826
16500.0 5.5 0.6568 -0.1972 0.1608 -0.0751 0.000251983 1.0191
17000.0 5.5 0.6586 -0.2203 0.1833 -0.0828 0.000263603 1.0532
20000.0 5.5 0.696 -0.409 0.3721 -0.1494 0.000337173 1.2175
25000.0 5.5 0.8712 -0.921 0.8744 -0.3263 0.000479853 1.3949
30000.0 5.5 0.9614 -1.1363 1.0192 -0.361 0.000674874 1.5076
35000.0 5.5 0.8382 -0.9883 0.8634 -0.3021 0.000900433 1.5853
40000.0 5.5 0.8288 -1.1017 1.0135 -0.3639 0.0010782 1.642
45000.0 5.5 0.878 -1.3075 1.2469 -0.4535 0.00122671 1.6852
50000.0 5.5 0.945 -1.5238 1.479 -0.5401 0.00136372 1.7191
55000.0 5.5 1.0154 -1.7265 1.69 -0.6175 0.00149013 1.7464
60000.0 5.5 1.0841 -1.9093 1.8748 -0.6841 0.00161254 1.769
3750.0 5.75 1.1732 -0.5534 0.0337 0.0698 1.65117e-06 -3.9058
4000.0 5.75 1.4999 -1.4789 1.0281 -0.3049 2.18435e-06 -3.4777
4250.0 5.75 1.6483 -1.9168 1.5125 -0.4907 2.9464e-06 -3.101
4500.0 5.75 1.7307 -2.1312 1.7517 -0.5827 3.99254e-06 -2.7674
4750.0 5.75 1.5878 -1.6805 1.2591 -0.3933 5.36283e-06 -2.47
5000.0 5.75 1.2766 -0.833 0.4123 -0.0849 7.30784e-06 -2.2036
5250.0 5.75 0.8456 0.2732 -0.6553 0.2918 9.39096e-06 -1.9637
5500.0 5.75 0.3586 1.4671 -1.7773 0.6739 1.17845e-05 -1.7467
5750.0 5.75 -0.0091 2.286 -2.4795 0.8909 1.44609e-05 -1.5498
6000.0 5.75 -0.192 2.583 -2.629 0.9032 1.74203e-05 -1.3704
6250.0 5.75 -0.2583 2.5721 -2.469 0.8061 2.06787e-05 -1.2063
6500.0 5.75 -0.2541 2.3854 -2.1404 0.6521 2.42638e-05 -1.0559
7000.0 5.75 -0.1645 1.8676 -1.3901 0.3238 3.24942e-05 -0.7899
7500.0 5.75 -0.0866 1.5298 -0.9348 0.1248 4.23781e-05 -0.5626
8000.0 5.75 -0.1034 1.618 -1.0474 0.1572 5.41393e-05 -0.3665
8500.0 5.75 -0.1661 2.0011 -1.61 0.3898 6.78076e-05 -0.1959
9000.0 5.75 -0.1079 2.1097 -1.9558 0.5696 8.3011e-05 -0.0465
9500.0 5.75 0.0631 1.7372 -1.6861 0.5085 9.84281e-05 0.0854
10000.0 5.75 0.3018 0.9798 -0.9026 0.2545 0.000111437 0.2025
10500.0 5.75 0.4879 0.3846 -0.2755 0.0455 0.000123047 0.3069
11000.0 5.75 0.5496 0.2478 -0.177 0.0185 0.000134043 0.4007
11500.0 5.75 0.5888 0.1724 -0.1489 0.0195 0.000144647 0.4852
12000.0 5.75 0.6211 0.0865 -0.0885 0.0042 0.000155075 0.5618
12500.0 5.75 0.6393 0.0227 -0.0377 -0.0106 0.00016547 0.6314
13000.0 5.75 0.6491 -0.0251 0.0031 -0.0234 0.000175951 0.6949
13500.0 5.75 0.6524 -0.0568 0.0295 -0.0314 0.000186542 0.753
14000.0 5.75 0.6536 -0.0841 0.0544 -0.0396 0.00019726 0.8065
14500.0 5.75 0.6534 -0.1067 0.0749 -0.0462 0.000208112 0.8557
15000.0 5.75 0.6526 -0.1271 0.0936 -0.0523 0.000219105 0.9012
15500.0 5.75 0.6518 -0.1463 0.1115 -0.0582 0.000230243 0.9434
16000.0 5.75 0.6514 -0.1657 0.1298 -0.0643 0.000241534 0.9826
16500.0 5.75 0.6519 -0.1867 0.1502 -0.0713 0.000252979 1.0191
17000.0 5.75 0.6298 -0.1512 0.1115 -0.0561 0.0002646 1.0532
20000.0 5.75 0.6869 -0.3896 0.3523 -0.1421 0.000338109 1.2175
25000.0 5.75 0.866 -0.9159 0.8705 -0.3251 0.000480445 1.3949
30000.0 5.75 0.936 -1.0901 0.9754 -0.3454 0.000673546 1.5076
35000.0 5.75 0.7775 -0.8631 0.7415 -0.2582 0.000896039 1.5853
40000.0 5.75 0.7343 -0.9038 0.8204 -0.2943 0.00107148 1.642
45000.0 5.75 0.7593 -1.0607 1.0073 -0.3675 0.00121759 1.6852
50000.0 5.75 0.8086 -1.2459 1.2132 -0.4458 0.00135144 1.7191
55000.0 5.75 0.8652 -1.4244 1.4027 -0.5158 0.00147468 1.7464
60000.0 5.75 0.9252 -1.5974 1.5819 -0.5813 0.00159321 1.769
3750.0 6.0 1.2323 -0.7071 0.1971 0.0088 1.70382e-06 -3.9058
4000.0 6.0 1.5396 -1.5809 1.1378 -0.3465 2.22735e-06 -3.4777
4250.0 6.0 1.6823 -2.0061 1.6075 -0.5265 2.97759e-06 -3.101
4500.0 6.0 1.7499 -2.1948 1.8205 -0.609 4.00753e-06 -2.7674
4750.0 6.0 1.6528 -1.8661 1.4529 -0.4657 5.36017e-06 -2.47
5000.0 6.0 1.3906 -1.1351 0.7068 -0.1904 7.30615e-06 -2.2036
5250.0 6.0 1.0188 -0.1653 -0.2398 0.1475 9.38562e-06 -1.9637
5500.0 6.0 0.5439 1.0202 -1.3703 0.5391 1.17721e-05 -1.7467
5750.0 6.0 0.1299 1.9841 -2.2374 0.8212 1.44486e-05 -1.5498
6000.0 6.0 -0.1142 2.4619 -2.5861 0.909 1.74006e-05 -1.3704
6250.0 6.0 -0.2196 2.5694 -2.5589 0.8624 2.06438e-05 -1.2063
6500.0 6.0 -0.2454 2.4743 -2.3336 0.7474 2.41935e-05 -1.0559
7000.0 6.0 -0.1967 2.0804 -1.7246 0.4731 3.23204e-05 -0.7899
7500.0 6.0 -0.1291 1.7451 -1.2525 0.2635 4.20124e-05 -0.5626
8000.0 6.0 -0.1281 1.7429 -1.2406 0.2448 5.35109e-05 -0.3665
8500.0 6.0 -0.1819 2.0541 -1.69 0.4271 6.68836e-05 -0.1959
9000.0 6.0 -0.1534 2.2371 -2.1027 0.627 8.18993e-05 -0.0465
9500.0 6.0 0.0061 1.9413 -1.9426 0.6091 9.7555e-05 0.0854
10000.0 6.0 0.2314 1.2514 -1.2258 0.3666 0.000112021 0.2025
10500.0 6.0 0.4212 0.615 -0.5514 0.1482 0.000123437 0.3069
11000.0 6.0 0.5327 0.2759 -0.1977 0.0244 0.000134751 0.4007
11500.0 6.0 0.5751 0.1926 -0.1578 0.0196 0.000145515 0.4852
12000.0 6.0 0.6088 0.1138 -0.1116 0.011 0.000156051 0.5618
12500.0 6.0 0.6315 0.0442 -0.0596 -0.0029 0.000166518 0.6314
13000.0 6.0 0.6444 -0.0097 -0.0139 -0.0172 0.000177022 0.6949
13500.0 6.0 0.6504 -0.0485 0.0197 -0.0277 0.000187622 0.753
14000.0 6.0 0.6526 -0.078 0.0463 -0.0364 0.000198351 0.8065
14500.0 6.0 0.6526 -0.1014 0.0675 -0.0433 0.000209215 0.8557
15000.0 6.0 0.6516 -0.1215 0.0861 -0.0494 0.000220222 0.9012
15500.0 6.0 0.6502 -0.1399 0.1034 -0.0551 0.000231376 0.9434
16000.0 6.0 0.6496 -0.159 0.1215 -0.0611 0.000242686 0.9826
16500.0 6.0 0.6487 -0.176 0.1373 -0.0662 0.000254146 1.0191
17000.0 6.0 0.6504 -0.1994 0.1602 -0.0741 0.000265772 1.0532
20000.0 6.0 0.6805 -0.3727 0.3334 -0.1348 0.000339336 1.2175
25000.0 6.0 0.8557 -0.8934 0.8471 -0.3164 0.000481577 1.3949
30000.0 6.0 0.8984 -1.0091 0.8939 -0.3154 0.000673504 1.5076
35000.0 6.0 0.7278 -0.7574 0.637 -0.2201 0.000893197 1.5853
40000.0 6.0 0.6571 -0.7387 0.658 -0.2356 0.00106646 1.642
45000.0 6.0 0.6592 -0.8469 0.7977 -0.2921 0.00121032 1.6852
50000.0 6.0 0.6906 -0.9947 0.9668 -0.3567 0.00134136 1.7191
55000.0 6.0 0.7342 -1.1507 1.138 -0.4213 0.00146167 1.7464
60000.0 6.0 0.7859 -1.313 1.3093 -0.4844 0.00158449 1.769
65000.0 6.0 0.5657 -0.6255 0.5988 -0.226 0.00193986 1.7878
70000.0 6.0 0.6078 -0.7635 0.7469 -0.2809 0.00206501 1.8039
75000.0 6.0 0.6535 -0.9 0.8897 -0.3333 0.00219024 1.8176
80000.0 6.0 0.7015 -1.0334 1.0261 -0.3826 0.00231603 1.8296
85000.0 6.0 0.7493 -1.1591 1.1519 -0.4276 0.00244274 1.8401
90000.0 6.0 0.7973 -1.2793 1.271 -0.4702 0.00257054 1.8494
100000.0 6.0 0.888 -1.4993 1.4891 -0.5485 0.00283265 1.8651
3750.0 6.25 1.2884 -0.8519 0.3515 -0.049 1.76064e-06 -3.9058
4000.0 6.25 1.5738 -1.6664 1.2302 -0.3815 2.27539e-06 -3.4777
4250.0 6.25 1.7105 -2.0774 1.6833 -0.5551 3.01319e-06 -3.101
4500.0 6.25 1.7653 -2.2414 1.8699 -0.6275 4.0275e-06 -2.7674
4750.0 6.25 1.7061 -2.0185 1.6131 -0.5258 5.36201e-06 -2.47
5000.0 6.25 1.4543 -1.3035 0.8653 -0.2462 7.32085e-06 -2.2036
5250.0 6.25 1.1615 -0.5334 0.1121 0.0239 9.38003e-06 -1.9637
5500.0 6.25 0.7268 0.5669 -0.9468 0.395 1.17644e-05 -1.7467
5750.0 6.25 0.287 1.6229 -1.9255 0.7236 1.44425e-05 -1.5498
6000.0 6.25 -0.019 2.2828 -2.4736 0.8872 1.73926e-05 -1.3704
6250.0 6.25 -0.1689 2.517 -2.5827 0.8913 2.06231e-05 -1.2063
6500.0 6.25 -0.2298 2.5304 -2.4815 0.8239 2.4148e-05 -1.0559
7000.0 6.25 -0.2125 2.2353 -1.9879 0.5943 3.2179e-05 -0.7899
7500.0 6.25 -0.1605 1.9373 -1.5534 0.3986 4.17008e-05 -0.5626
8000.0 6.25 -0.15 1.878 -1.4591 0.3454 5.29435e-05 -0.3665
8500.0 6.25 -0.1913 2.1105 -1.7912 0.477 6.60231e-05 -0.1959
9000.0 6.25 -0.1848 2.33 -2.2187 0.6754 8.0791e-05 -0.0465
9500.0 6.25 -0.0403 2.1095 -2.1586 0.6966 9.65245e-05 0.0854
10000.0 6.25 0.128 1.6546 -1.7279 0.5594 0.000111711 0.2025
10500.0 6.25 0.3289 0.9632 -0.9677 0.2976 0.000124035 0.3069
11000.0 6.25 0.4986 0.3845 -0.329 0.0755 0.00013536 0.4007
11500.0 6.25 0.5633 0.2094 -0.1659 0.0205 0.00014641 0.4852
12000.0 6.25 0.598 0.1347 -0.1269 0.0148 0.000157074 0.5618
12500.0 6.25 0.6251 0.0613 -0.0755 0.0019 0.000167635 0.6314
13000.0 6.25 0.6416 0.0019 -0.0273 -0.0123 0.000178184 0.6949
13500.0 6.25 0.6499 -0.0411 0.0095 -0.0237 0.000188806 0.753
14000.0 6.25 0.6528 -0.0718 0.0365 -0.0323 0.000199547 0.8065
14500.0 6.25 0.6539 -0.0989 0.0623 -0.041 0.000210424 0.8557
15000.0 6.25 0.6529 -0.1192 0.0806 -0.0468 0.000221453 0.9012
15500.0 6.25 0.6509 -0.1358 0.0959 -0.0517 0.000232627 0.9434
16000.0 6.25 0.6503 -0.1551 0.1142 -0.0578 0.000243959 0.9826
16500.0 6.25 0.6499 -0.1744 0.1329 -0.0642 0.000255449 1.0191
17000.0 6.25 0.65 -0.1931 0.1505 -0.0699 0.000267101 1.0532
20000.0 6.25 0.6796 -0.3667 0.3247 -0.1312 0.000340788 1.2175
25000.0 6.25 0.8494 -0.8776 0.8294 -0.3097 0.000483117 1.3949
30000.0 6.25 0.8989 -1.0167 0.9029 -0.3189 0.000674342 1.5076
35000.0 6.25 0.6897 -0.6758 0.5562 -0.1907 0.000891596 1.5853
40000.0 6.25 0.596 -0.6062 0.5275 -0.1885 0.00106281 1.642
45000.0 6.25 0.5788 -0.6716 0.6246 -0.2294 0.00120457 1.6852
50000.0 6.25 0.5949 -0.7895 0.7658 -0.2844 0.0013363 1.7191
55000.0 6.25 0.6254 -0.9187 0.9107 -0.3394 0.00145636 1.7464
60000.0 6.25 0.6632 -1.0509 1.0535 -0.3926 0.00157034 1.769
3750.0 6.5 1.3431 -0.9934 0.5043 -0.1069 1.82131e-06 -3.9058
4000.0 6.5 1.604 -1.7399 1.31 -0.412 2.32904e-06 -3.4777
4250.0 6.5 1.7331 -2.1314 1.7409 -0.577 3.05433e-06 -3.101
4500.0 6.5 1.7787 -2.2787 1.909 -0.6422 4.05318e-06 -2.7674
4750.0 6.5 1.7457 -2.1295 1.7286 -0.5688 5.3686e-06 -2.47
5000.0 6.5 1.5289 -1.5201 1.0913 -0.3306 7.33615e-06 -2.2036
5250.0 6.5 1.2802 -0.8467 0.4165 -0.0849 9.3961e-06 -1.9637
5500.0 6.5 0.8968 0.1392 -0.543 0.2557 1.17647e-05 -1.7467
5750.0 6.5 0.4572 1.2158 -1.5574 0.6026 1.44437e-05 -1.5498
6000.0 6.5 0.0986 2.0359 -2.2851 0.8363 1.73964e-05 -1.3704
6250.0 6.5 -0.1064 2.4242 -2.5572 0.9004 2.06244e-05 -1.2063
6500.0 6.5 -0.1891 2.4974 -2.5184 0.8557 2.4131e-05 -1.0559
7000.0 6.5 -0.2103 2.3248 -2.1688 0.6825 3.20837e-05 -0.7899
7500.0 6.5 -0.1724 2.0733 -1.7931 0.5114 4.14536e-05 -0.5626
8000.0 6.5 -0.1629 2.0001 -1.6737 0.4475 5.24563e-05 -0.3665
8500.0 6.5 -0.1915 2.1621 -1.9044 0.536 6.52511e-05 -0.1959
9000.0 6.5 -0.1984 2.3857 -2.307 0.7173 7.97349e-05 -0.0465
9500.0 6.5 -0.0764 2.2449 -2.3392 0.7726 9.54345e-05 0.0854
10000.0 6.5 0.0897 1.8396 -1.9905 0.6688 0.000110998 0.2025
10500.0 6.5 0.25 1.3015 -1.3956 0.458 0.000124875 0.3069
11000.0 6.5 0.429 0.6543 -0.6678 0.2052 0.00013599 0.4007
11500.0 6.5 0.5468 0.2562 -0.2212 0.0424 0.000147249 0.4852
12000.0 6.5 0.591 0.1451 -0.1316 0.0151 0.000158152 0.5618
12500.0 6.5 0.6197 0.0739 -0.0859 0.0047 0.000168812 0.6314
13000.0 6.5 0.6354 0.023 -0.0513 -0.0033 0.000179445 0.6949
13500.0 6.5 0.651 -0.0361 0.0005 -0.0198 0.000190104 0.753
14000.0 6.5 0.6557 -0.0707 0.0308 -0.0293 0.000200865 0.8065
14500.0 6.5 0.6574 -0.0984 0.0564 -0.0378 0.000211764 0.8557
15000.0 6.5 0.6575 -0.1219 0.0788 -0.0453 0.000222811 0.9012
15500.0 6.5 0.6552 -0.1383 0.0939 -0.0502 0.00023401 0.9434
16000.0 6.5 0.6545 -0.1579 0.1129 -0.0566 0.000245369 0.9826
16500.0 6.5 0.6536 -0.1752 0.129 -0.0618 0.000256891 1.0191
17000.0 6.5 0.6532 -0.1935 0.1468 -0.0678 0.000268577 1.0532
20000.0 6.5 0.6816 -0.3646 0.3186 -0.1282 0.000342466 1.2175
25000.0 6.5 0.8475 -0.8687 0.817 -0.3043 0.000485049 1.3949
30000.0 6.5 0.887 -0.9914 0.8766 -0.3091 0.000675959 1.5076
35000.0 6.5 0.6604 -0.6117 0.492 -0.1673 0.00089096 1.5853
40000.0 6.5 0.5477 -0.4976 0.4178 -0.1482 0.00106021 1.642
45000.0 6.5 0.5156 -0.5305 0.4834 -0.1779 0.00120015 1.6852
50000.0 6.5 0.5172 -0.6163 0.593 -0.2214 0.00132918 1.7191
55000.0 6.5 0.5356 -0.7194 0.7125 -0.2674 0.00144642 1.7464
60000.0 6.5 0.5621 -0.828 0.8325 -0.3124 0.00155782 1.769
65000.0 6.5 0.3465 -0.1228 0.0881 -0.0384 0.00189823 1.7878
70000.0 6.5 0.3533 -0.1867 0.1667 -0.0692 0.00201393 1.8039
75000.0 6.5 0.3666 -0.2586 0.2498 -0.1009 0.00212883 1.8176
80000.0 6.5 0.3864 -0.3399 0.3404 -0.135 0.00224338 1.8296
85000.0 6.5 0.4104 -0.4257 0.4338 -0.1699 0.0023579 1.8401
90000.0 6.5 0.4366 -0.5111 0.5245 -0.2032 0.00247275 1.8494
100000.0 6.5 0.4924 -0.6824 0.7041 -0.2691 0.00270438 1.8651
3750.0 6.75 1.3957 -1.1283 0.6502 -0.1622 1.88587e-06 -3.9058
4000.0 6.75 1.6312 -1.8052 1.3816 -0.4395 2.3884e-06 -3.4777
4250.0 6.75 1.7523 -2.1742 1.7865 -0.5943 3.10104e-06 -3.101
4500.0 6.75 1.7942 -2.3168 1.9486 -0.6571 4.0848e-06 -2.7674
4750.0 6.75 1.8419 -2.405 2.0313 -0.6853 5.38287e-06 -2.47
5000.0 6.75 1.5686 -1.6353 1.2085 -0.3738 7.35868e-06 -2.2036
5250.0 6.75 1.3771 -1.1048 0.6689 -0.1754 9.40725e-06 -1.9637
5500.0 6.75 1.0444 -0.2369 -0.1855 0.131 1.17738e-05 -1.7467
5750.0 6.75 0.6295 0.7958 -1.1711 0.4734 1.44515e-05 -1.5498
6000.0 6.75 0.2418 1.7077 -2.0024 0.7481 1.74102e-05 -1.3704
6250.0 6.75 -0.0156 2.244 -2.432 0.8711 2.06348e-05 -1.2063
6500.0 6.75 -0.1489 2.4582 -2.5422 0.8812 2.41321e-05 -1.0559
7000.0 6.75 -0.2028 2.38 -2.2965 0.747 3.20198e-05 -0.7899
7500.0 6.75 -0.1776 2.1756 -1.9836 0.6028 4.12538e-05 -0.5626
8000.0 6.75 -0.1614 2.0833 -1.8482 0.5353 5.2048e-05 -0.3665
8500.0 6.75 -0.1836 2.2038 -2.0174 0.5978 6.45507e-05 -0.1959
9000.0 6.75 -0.1931 2.4024 -2.366 0.7521 7.8751e-05 -0.0465
9500.0 6.75 -0.0957 2.333 -2.4708 0.832 9.43037e-05 0.0854
10000.0 6.75 0.0708 1.956 -2.1738 0.7503 0.000110126 0.2025
10500.0 6.75 0.2094 1.5345 -1.732 0.5965 0.000125004 0.3069
11000.0 6.75 0.3593 0.9664 -1.0684 0.3554 0.000137021 0.4007
11500.0 6.75 0.5054 0.4255 -0.4464 0.1337 0.000147997 0.4852
12000.0 6.75 0.5851 0.1615 -0.1518 0.0234 0.00015917 0.5618
12500.0 6.75 0.6181 0.0763 -0.0864 0.0043 0.000170033 0.6314
13000.0 6.75 0.6393 0.0169 -0.0461 -0.0053 0.000180743 0.6949
13500.0 6.75 0.6542 -0.0364 -0.0032 -0.0178 0.000191493 0.753
14000.0 6.75 0.6618 -0.0765 0.0316 -0.0287 0.000202289 0.8065
14500.0 6.75 0.6647 -0.1068 0.0595 -0.0378 0.000213206 0.8557
15000.0 6.75 0.6646 -0.1291 0.08 -0.0445 0.000224279 0.9012
15500.0 6.75 0.6632 -0.1477 0.0972 -0.05 0.000235504 0.9434
16000.0 6.75 0.662 -0.1661 0.1152 -0.0562 0.000246892 0.9826
16500.0 6.75 0.6612 -0.1842 0.1326 -0.0619 0.000258446 1.0191
17000.0 6.75 0.6605 -0.2021 0.1501 -0.0679 0.000270169 1.0532
20000.0 6.75 0.687 -0.3691 0.3181 -0.1269 0.000344315 1.2175
25000.0 6.75 0.8478 -0.8639 0.8083 -0.3004 0.000487291 1.3949
30000.0 6.75 0.8644 -0.9385 0.8209 -0.2882 0.000678199 1.5076
35000.0 6.75 0.6395 -0.5659 0.4464 -0.1507 0.000891087 1.5853
40000.0 6.75 0.5121 -0.4164 0.3354 -0.1178 0.00105847 1.642
45000.0 6.75 0.467 -0.4201 0.3721 -0.1371 0.00119669 1.6852
50000.0 6.75 0.4571 -0.4798 0.4559 -0.1714 0.00132383 1.7191
55000.0 6.75 0.4649 -0.5627 0.5572 -0.2111 0.00144029 1.7464
60000.0 6.75 0.4827 -0.6498 0.655 -0.248 0.00154725 1.769
3750.0 7.0 1.4464 -1.2577 0.7912 -0.216 1.95413e-06 -3.9058
4000.0 7.0 1.6563 -1.8633 1.4451 -0.4639 2.4535e-06 -3.4777
4250.0 7.0 1.7679 -2.2059 1.8201 -0.6071 3.15394e-06 -3.101
4500.0 7.0 1.805 -2.34 1.9723 -0.6659 4.12248e-06 -2.7674
4750.0 7.0 1.8493 -2.4578 2.1021 -0.7155 5.40313e-06 -2.47
5000.0 7.0 1.6021 -1.7336 1.3099 -0.4114 7.3827e-06 -2.2036
5250.0 7.0 1.4323 -1.263 0.8275 -0.2335 9.43396e-06 -1.9637
5500.0 7.0 1.1764 -0.5782 0.1432 0.0149 1.17958e-05 -1.7467
5750.0 7.0 0.7954 0.3837 -0.7856 0.3416 1.44672e-05 -1.5498
6000.0 7.0 0.3987 1.3367 -1.6714 0.6409 1.74289e-05 -1.3704
6250.0 7.0 0.0919 2.0165 -2.2563 0.823 2.06593e-05 -1.2063
6500.0 7.0 -0.0827 2.3388 -2.4749 0.8716 2.41531e-05 -1.0559
7000.0 7.0 -0.1819 2.3821 -2.3545 0.7827 3.19955e-05 -0.7899
7500.0 7.0 -0.1683 2.2192 -2.0965 0.6621 4.1116e-05 -0.5626
8000.0 7.0 -0.1546 2.1408 -1.9854 0.607 5.1716e-05 -0.3665
8500.0 7.0 -0.1628 2.2133 -2.0994 0.6491 6.39531e-05 -0.1959
9000.0 7.0 -0.1674 2.3734 -2.3867 0.7759 7.78653e-05 -0.0465
9500.0 7.0 -0.0927 2.3597 -2.5399 0.8699 9.3195e-05 0.0854
10000.0 7.0 0.0714 2.0113 -2.2872 0.8062 0.000109156 0.2025
10500.0 7.0 0.2115 1.6212 -1.9051 0.6776 0.000124463 0.3069
11000.0 7.0 0.3252 1.2006 -1.4122 0.4953 0.000138214 0.4007
11500.0 7.0 0.451 0.6907 -0.805 0.2746 0.000149001 0.4852
12000.0 7.0 0.5664 0.2536 -0.2869 0.0819 0.000160092 0.5618
12500.0 7.0 0.6208 0.0719 -0.0859 0.0055 0.000171232 0.6314
13000.0 7.0 0.6449 0.004 -0.0328 -0.0103 0.000182127 0.6949
13500.0 7.0 0.6606 -0.0467 0.0046 -0.0203 0.000192905 0.753
14000.0 7.0 0.6712 -0.0909 0.0414 -0.0313 0.000203802 0.8065
14500.0 7.0 0.674 -0.1193 0.0656 -0.0386 0.000214779 0.8557
15000.0 7.0 0.6746 -0.143 0.0876 -0.0459 0.000225876 0.9012
15500.0 7.0 0.6753 -0.1672 0.1112 -0.054 0.000237126 0.9434
16000.0 7.0 0.674 -0.1848 0.1279 -0.0595 0.000248547 0.9826
16500.0 7.0 0.673 -0.2027 0.1451 -0.0651 0.000260136 1.0191
17000.0 7.0 0.6712 -0.2182 0.1604 -0.0704 0.000271898 1.0532
20000.0 7.0 0.6981 -0.3865 0.3302 -0.1301 0.000346342 1.2175
25000.0 7.0 0.8525 -0.8682 0.8082 -0.2993 0.000489862 1.3949
30000.0 7.0 0.8726 -0.9587 0.8405 -0.2952 0.000680936 1.5076
35000.0 7.0 0.6222 -0.5268 0.4066 -0.136 0.00089192 1.5853
40000.0 7.0 0.4849 -0.3537 0.2719 -0.0944 0.00105752 1.642
45000.0 7.0 0.4318 -0.339 0.2903 -0.1071 0.00119419 1.6852
50000.0 7.0 0.4121 -0.3764 0.3517 -0.1334 0.00131914 1.7191
55000.0 7.0 0.4122 -0.4385 0.4308 -0.1646 0.00143074 1.7464
60000.0 7.0 0.4218 -0.5105 0.5153 -0.1971 0.00153719 1.769
65000.0 7.0 0.2299 0.165 -0.2126 0.0737 0.00187106 1.7878
70000.0 7.0 0.2102 0.1621 -0.1949 0.065 0.00197989 1.8039
75000.0 7.0 0.1985 0.1459 -0.1656 0.0523 0.00208727 1.8176
80000.0 7.0 0.1929 0.1203 -0.1292 0.0376 0.00219381 1.8296
85000.0 7.0 0.1927 0.0859 -0.0845 0.0197 0.00229992 1.8401
90000.0 7.0 0.1967 0.0461 -0.0367 0.0013 0.00240582 1.8494
100000.0 7.0 0.208 -0.0348 0.0578 -0.0346 0.00261803 1.8651
3750.0 7.25 1.494 -1.3775 0.9215 -0.2656 2.02518e-06 -3.9058
4000.0 7.25 1.6802 -1.9183 1.506 -0.4875 2.52409e-06 -3.4777
4250.0 7.25 1.7812 -2.2308 1.8469 -0.6173 3.21322e-06 -3.101
4500.0 7.25 1.8158 -2.3607 1.9935 -0.6738 4.16671e-06 -2.7674
4750.0 7.25 1.8323 -2.4215 2.0658 -0.7024 5.42793e-06 -2.47
5000.0 7.25 1.6387 -1.8347 1.4133 -0.4495 7.40893e-06 -2.2036
5250.0 7.25 1.4949 -1.4361 1.0025 -0.2975 9.46665e-06 -1.9637
5500.0 7.25 1.2687 -0.8257 0.3852 -0.0719 1.18252e-05 -1.7467
5750.0 7.25 0.9464 0.003 -0.4251 0.2166 1.44929e-05 -1.5498
6000.0 7.25 0.5626 0.942 -1.3116 0.5214 1.74579e-05 -1.3704
6250.0 7.25 0.2197 1.7321 -2.0204 0.7524 2.06931e-05 -1.2063
6500.0 7.25 -0.0046 2.189 -2.3772 0.8514 2.41893e-05 -1.0559
7000.0 7.25 -0.1603 2.374 -2.3939 0.8096 3.20033e-05 -0.7899
7500.0 7.25 -0.1587 2.2446 -2.174 0.704 4.1027e-05 -0.5626
8000.0 7.25 -0.1412 2.162 -2.0675 0.6539 5.14401e-05 -0.3665
8500.0 7.25 -0.141 2.2116 -2.1614 0.6907 6.34208e-05 -0.1959
9000.0 7.25 -0.1333 2.3239 -2.3876 0.7931 7.70371e-05 -0.0465
9500.0 7.25 -0.0632 2.3124 -2.5316 0.8801 9.21333e-05 0.0854
10000.0 7.25 0.0912 2.0086 -2.3357 0.8383 0.000108087 0.2025
10500.0 7.25 0.2396 1.6178 -1.9714 0.7191 0.000123712 0.3069
11000.0 7.25 0.3443 1.2731 -1.5902 0.5808 0.000138368 0.4007
11500.0 7.25 0.4351 0.877 -1.0967 0.3935 0.000150572 0.4852
12000.0 7.25 0.537 0.4417 -0.5678 0.1994 0.000161066 0.5618
12500.0 7.25 0.6213 0.1068 -0.1577 0.041 0.000172267 0.6314
13000.0 7.25 0.6579 -0.0249 -0.0087 -0.0172 0.000183438 0.6949
13500.0 7.25 0.674 -0.0781 0.0358 -0.0315 0.000194408 0.753
14000.0 7.25 0.6834 -0.1162 0.0645 -0.0394 0.000205342 0.8065
14500.0 7.25 0.6901 -0.1508 0.0932 -0.0479 0.000216405 0.8557
15000.0 7.25 0.6929 -0.1785 0.1178 -0.0557 0.000227532 0.9012
15500.0 7.25 0.691 -0.195 0.1327 -0.0603 0.000238816 0.9434
16000.0 7.25 0.6893 -0.2118 0.1486 -0.0655 0.000250266 0.9826
16500.0 7.25 0.6876 -0.2283 0.1651 -0.0712 0.000261885 1.0191
17000.0 7.25 0.6876 -0.2479 0.1844 -0.0778 0.000273684 1.0532
20000.0 7.25 0.7114 -0.409 0.3474 -0.1352 0.000348437 1.2175
25000.0 7.25 0.8592 -0.8772 0.813 -0.3001 0.000492611 1.3949
30000.0 7.25 0.8687 -0.949 0.829 -0.2905 0.000684048 1.5076
35000.0 7.25 0.615 -0.5107 0.3899 -0.1297 0.00089317 1.5853
40000.0 7.25 0.469 -0.3164 0.2337 -0.0803 0.00105701 1.642
45000.0 7.25 0.4059 -0.2775 0.227 -0.0836 0.00119224 1.6852
50000.0 7.25 0.3798 -0.2994 0.273 -0.1043 0.00131448 1.7191
55000.0 7.25 0.3734 -0.3472 0.3382 -0.1307 0.00142469 1.7464
60000.0 7.25 0.3766 -0.4057 0.4095 -0.1584 0.00153096 1.769
3750.0 7.5 1.5353 -1.4803 1.0348 -0.3093 2.09952e-06 -3.9058
4000.0 7.5 1.7018 -1.9665 1.5599 -0.5085 2.60035e-06 -3.4777
4250.0 7.5 1.7931 -2.2512 1.8695 -0.6263 3.27961e-06 -3.101
4500.0 7.5 1.8249 -2.3748 2.0076 -0.6791 4.21825e-06 -2.7674
4750.0 7.5 1.8365 -2.4293 2.0731 -0.705 5.45983e-06 -2.47
5000.0 7.5 1.675 -1.9307 1.5114 -0.4857 7.43913e-06 -2.2036
5250.0 7.5 1.529 -1.5355 1.1038 -0.3348 9.50218e-06 -1.9637
5500.0 7.5 1.3518 -1.0492 0.6069 -0.1521 1.18677e-05 -1.7467
5750.0 7.5 1.0756 -0.3286 -0.1069 0.1047 1.45314e-05 -1.5498
6000.0 7.5 0.7227 0.5495 -0.9483 0.3986 1.74973e-05 -1.3704
6250.0 7.5 0.3663 1.3929 -1.7241 0.6583 2.07389e-05 -1.2063
6500.0 7.5 0.0946 1.983 -2.2223 0.8104 2.42442e-05 -1.0559
7000.0 7.5 -0.1275 2.3306 -2.392 0.8205 3.20341e-05 -0.7899
7500.0 7.5 -0.1497 2.2563 -2.2231 0.7319 4.09903e-05 -0.5626
8000.0 7.5 -0.1267 2.1618 -2.1107 0.6823 5.12475e-05 -0.3665
8500.0 7.5 -0.1146 2.1821 -2.1799 0.7126 6.29952e-05 -0.1959
9000.0 7.5 -0.0936 2.2532 -2.3607 0.7985 7.63281e-05 -0.0465
9500.0 7.5 -0.0234 2.2343 -2.4896 0.878 9.11325e-05 0.0854
10000.0 7.5 0.1323 1.9385 -2.3077 0.8419 0.000107023 0.2025
10500.0 7.5 0.2926 1.5292 -1.9357 0.7212 0.000122894 0.3069
11000.0 7.5 0.4043 1.195 -1.5883 0.5984 0.000137915 0.4007
11500.0 7.5 0.4822 0.8853 -1.2111 0.455 0.000151809 0.4852
12000.0 7.5 0.5459 0.5566 -0.7857 0.2927 0.000162708 0.5618
12500.0 7.5 0.6208 0.2068 -0.3453 0.1271 0.000173301 0.6314
13000.0 7.5 0.6778 -0.044 -0.0231 -0.0026 0.000184613 0.6949
13500.0 7.5 0.6975 -0.132 0.0828 -0.046 0.000195865 0.753
14000.0 7.5 0.7045 -0.1662 0.1131 -0.0564 0.000206983 0.8065
14500.0 7.5 0.7077 -0.1895 0.1295 -0.0607 0.000218052 0.8557
15000.0 7.5 0.7086 -0.2087 0.1427 -0.0636 0.000229131 0.9012
15500.0 7.5 0.7045 -0.2192 0.1515 -0.0659 0.000240644 0.9434
16000.0 7.5 0.702 -0.2341 0.1655 -0.0705 0.000252128 0.9826
16500.0 7.5 0.7021 -0.254 0.1849 -0.077 0.000263782 1.0191
17000.0 7.5 0.7018 -0.2727 0.2034 -0.0833 0.000275621 1.0532
20000.0 7.5 0.7274 -0.438 0.3712 -0.1426 0.00035069 1.2175
25000.0 7.5 0.8715 -0.8993 0.8311 -0.3057 0.000495649 1.3949
30000.0 7.5 0.8664 -0.9428 0.8211 -0.2872 0.000687608 1.5076
35000.0 7.5 0.6058 -0.489 0.3674 -0.1212 0.000894951 1.5853
40000.0 7.5 0.4566 -0.2866 0.203 -0.069 0.00105712 1.642
45000.0 7.5 0.3851 -0.2269 0.1747 -0.0643 0.00119103 1.6852
50000.0 7.5 0.3565 -0.2429 0.2148 -0.0828 0.00131189 1.7191
55000.0 7.5 0.3444 -0.2772 0.266 -0.1039 0.00142124 1.7464
60000.0 7.5 0.3427 -0.3233 0.325 -0.1272 0.00152335 1.769
65000.0 7.5 0.0832 0.3866 -0.412 0.1444 0.00173935 1.7878
70000.0 7.5 0.0538 0.4104 -0.4237 0.1469 0.00183885 1.8039
75000.0 7.5 0.0307 0.425 -0.4286 0.1474 0.00193634 1.8176
80000.0 7.5 0.0121 0.4335 -0.4288 0.1464 0.00203181 1.8296
85000.0 7.5 -0.0014 0.4333 -0.421 0.1427 0.00212715 1.8401
90000.0 7.5 -0.011 0.4273 -0.4086 0.1374 0.00222168 1.8494
100000.0 7.5 -0.0276 0.4135 -0.3826 0.1264 0.00241017 1.8651
3750.0 7.75 1.5766 -1.5818 1.1459 -0.3518 2.17683e-06 -3.9058
4000.0 7.75 1.7221 -2.0107 1.6091 -0.5276 2.68226e-06 -3.4777
4250.0 7.75 1.8027 -2.2649 1.8845 -0.6321 3.35322e-06 -3.101
4500.0 7.75 1.8324 -2.3837 2.0164 -0.6824 4.27757e-06 -2.7674
4750.0 7.75 1.8421 -2.4379 2.0811 -0.7079 5.49946e-06 -2.47
5000.0 7.75 1.7155 -2.0341 1.6172 -0.5247 7.47347e-06 -2.2036
5250.0 7.75 1.5526 -1.6049 1.1744 -0.3608 9.53786e-06 -1.9637
5500.0 7.75 1.4006 -1.1887 0.7475 -0.2035 1.19157e-05 -1.7467
5750.0 7.75 1.1789 -0.6003 0.1578 0.0104 1.45851e-05 -1.5498
6000.0 7.75 0.8711 0.1787 -0.5985 0.2778 1.7549e-05 -1.3704
6250.0 7.75 0.5216 1.0233 -1.3908 0.5486 2.0799e-05 -1.2063
6500.0 7.75 0.2202 1.7007 -1.9843 0.7378 2.43083e-05 -1.0559
7000.0 7.75 -0.0819 2.2531 -2.3555 0.819 3.20968e-05 -0.7899
7500.0 7.75 -0.1297 2.2299 -2.225 0.7408 4.09843e-05 -0.5626
8000.0 7.75 -0.1141 2.1503 -2.1265 0.6964 5.11219e-05 -0.3665
8500.0 7.75 -0.0948 2.1525 -2.181 0.7234 6.26562e-05 -0.1959
9000.0 7.75 -0.066 2.2025 -2.3425 0.8035 7.56966e-05 -0.0465
9500.0 7.75 0.0252 2.1228 -2.4046 0.858 9.02371e-05 0.0854
10000.0 7.75 0.1807 1.8385 -2.2399 0.8288 0.000105939 0.2025
10500.0 7.75 0.3579 1.3959 -1.843 0.7006 0.000121974 0.3069
11000.0 7.75 0.4888 1.0204 -1.464 0.5676 0.000137313 0.4007
11500.0 7.75 0.5757 0.725 -1.1286 0.4428 0.000151834 0.4852
12000.0 7.75 0.6242 0.4737 -0.7964 0.313 0.000164707 0.5618
12500.0 7.75 0.6606 0.2285 -0.4644 0.1858 0.000174931 0.6314
13000.0 7.75 0.7082 -0.0365 -0.1114 0.0484 0.000185701 0.6949
13500.0 7.75 0.738 -0.2065 0.1247 -0.0511 0.000197135 0.753
14000.0 7.75 0.7419 -0.2564 0.1964 -0.0837 0.000208519 0.8065
14500.0 7.75 0.7375 -0.2627 0.2018 -0.0861 0.000219819 0.8557
15000.0 7.75 0.7338 -0.2678 0.2005 -0.0843 0.000231051 0.9012
15500.0 7.75 0.7309 -0.2777 0.2069 -0.0854 0.000242423 0.9434
16000.0 7.75 0.7302 -0.2948 0.222 -0.09 0.000254082 0.9826
16500.0 7.75 0.7285 -0.3102 0.2371 -0.0951 0.000265779 1.0191
17000.0 7.75 0.729 -0.33 0.2564 -0.1016 0.00027765 1.0532
20000.0 7.75 0.7487 -0.4808 0.4097 -0.1557 0.000353043 1.2175
25000.0 7.75 0.881 -0.9151 0.8431 -0.3092 0.000498895 1.3949
30000.0 7.75 0.8672 -0.9435 0.8202 -0.2866 0.000691507 1.5076
35000.0 7.75 0.6019 -0.4801 0.3581 -0.1178 0.000897084 1.5853
40000.0 7.75 0.4492 -0.2673 0.1821 -0.0609 0.00105766 1.642
45000.0 7.75 0.377 -0.2052 0.151 -0.0551 0.00119036 1.6852
50000.0 7.75 0.3405 -0.2012 0.1707 -0.0662 0.00130877 1.7191
55000.0 7.75 0.3241 -0.2253 0.2117 -0.0837 0.00141563 1.7464
60000.0 7.75 0.3184 -0.2636 0.2632 -0.1043 0.00151935 1.769
65000.0 7.75 0.2008 0.2665 -0.3329 0.1215 0.00184602 1.7878
70000.0 7.75 0.163 0.3101 -0.3631 0.1303 0.00194786 1.8039
75000.0 7.75 0.1321 0.3412 -0.3818 0.1351 0.00204743 1.8176
80000.0 7.75 0.1057 0.367 -0.398 0.1397 0.00214496 1.8296
85000.0 7.75 0.0844 0.3834 -0.4053 0.141 0.00224212 1.8401
90000.0 7.75 0.067 0.3937 -0.4073 0.1406 0.00233835 1.8494
100000.0 7.75 0.0359 0.41 -0.4086 0.1389 0.00252983 1.8651
3750.0 8.0 1.6197 -1.6886 1.2638 -0.3973 2.26194e-06 -3.9058
4000.0 8.0 1.741 -2.0512 1.6549 -0.5456 2.76968e-06 -3.4777
4250.0 8.0 1.8116 -2.2766 1.8982 -0.6377 3.43401e-06 -3.101
4500.0 8.0 1.8412 -2.395 2.0289 -0.6874 4.34463e-06 -2.7674
4750.0 8.0 1.8465 -2.4409 2.0837 -0.709 5.54757e-06 -2.47
5000.0 8.0 1.7627 -2.1536 1.7414 -0.571 7.51382e-06 -2.2036
5250.0 8.0 1.5903 -1.7046 1.2749 -0.3974 9.5767e-06 -1.9637
5500.0 8.0 1.454 -1.3355 0.8959 -0.2576 1.19671e-05 -1.7467
5750.0 8.0 1.2721 -0.8448 0.3979 -0.0756 1.46492e-05 -1.5498
6000.0 8.0 1.0009 -0.1502 -0.2848 0.1681 1.76165e-05 -1.3704
6250.0 8.0 0.6768 0.6446 -1.0402 0.4301 2.08701e-05 -1.2063
6500.0 8.0 0.3596 1.3803 -1.7065 0.6502 2.43886e-05 -1.0559
7000.0 8.0 -0.0251 2.1511 -2.2983 0.8112 3.21804e-05 -0.7899
7500.0 8.0 -0.1067 2.1938 -2.2149 0.745 4.10293e-05 -0.5626
8000.0 8.0 -0.1133 2.1604 -2.1538 0.7116 5.10516e-05 -0.3665
8500.0 8.0 -0.0791 2.1163 -2.159 0.7211 6.24038e-05 -0.1959
9000.0 8.0 -0.0398 2.1375 -2.2921 0.7921 7.51827e-05 -0.0465
9500.0 8.0 0.0612 2.0342 -2.3323 0.8396 8.9438e-05 0.0854
10000.0 8.0 0.2311 1.7197 -2.1419 0.8021 0.000104923 0.2025
10500.0 8.0 0.4278 1.2384 -1.7144 0.6644 0.000121027 0.3069
11000.0 8.0 0.5785 0.8148 -1.2933 0.5171 0.000136623 0.4007
11500.0 8.0 0.6869 0.478 -0.9294 0.3838 0.000151462 0.4852
12000.0 8.0 0.7507 0.2223 -0.6147 0.2621 0.000165509 0.5618
12500.0 8.0 0.7692 0.0472 -0.3597 0.1603 0.000177346 0.6314
13000.0 8.0 0.7797 -0.1133 -0.1235 0.0686 0.000187356 0.6949
13500.0 8.0 0.7974 -0.2853 0.1295 -0.0339 0.00019831 0.753
14000.0 8.0 0.8039 -0.3883 0.2954 -0.1085 0.000209883 0.8065
14500.0 8.0 0.7909 -0.3951 0.3268 -0.1278 0.000221441 0.8557
15000.0 8.0 0.7744 -0.3712 0.3046 -0.1212 0.00023297 0.9012
15500.0 8.0 0.7609 -0.3495 0.2776 -0.1108 0.000244267 0.9434
16000.0 8.0 0.7539 -0.3476 0.2718 -0.1074 0.000255982 0.9826
16500.0 8.0 0.7365 -0.3234 0.2453 -0.0969 0.000267895 1.0191
17000.0 8.0 0.7504 -0.3743 0.2961 -0.1149 0.000279805 1.0532
20000.0 8.0 0.7652 -0.5127 0.4373 -0.1647 0.000355519 1.2175
25000.0 8.0 0.8934 -0.9379 0.8621 -0.3153 0.000502325 1.3949
30000.0 8.0 0.8672 -0.9425 0.8175 -0.2852 0.00069572 1.5076
35000.0 8.0 0.5999 -0.4751 0.3526 -0.1157 0.000899546 1.5853
40000.0 8.0 0.4449 -0.2552 0.1688 -0.0558 0.0010586 1.642
45000.0 8.0 0.3697 -0.1846 0.1284 -0.0465 0.00119014 1.6852
50000.0 8.0 0.3303 -0.1733 0.1403 -0.0546 0.00130742 1.7191
55000.0 8.0 0.3108 -0.19 0.174 -0.0695 0.00141325 1.7464
60000.0 8.0 0.3019 -0.2202 0.2175 -0.0872 0.00151436 1.769
3750.0 8.25 1.6499 -1.7577 1.3402 -0.4268 2.34828e-06 -3.9058
4000.0 8.25 1.7576 -2.0849 1.6936 -0.561 2.86309e-06 -3.4777
4250.0 8.25 1.8194 -2.2852 1.9087 -0.6421 3.52219e-06 -3.101
4500.0 8.25 1.848 -2.3998 2.0341 -0.6895 4.41997e-06 -2.7674
4750.0 8.25 1.8464 -2.4312 2.0731 -0.7051 5.60552e-06 -2.47
5000.0 8.25 1.8188 -2.297 1.8932 -0.6283 7.5599e-06 -2.2036
5250.0 8.25 1.6189 -1.7767 1.3463 -0.4232 9.61959e-06 -1.9637
5500.0 8.25 1.4858 -1.426 0.988 -0.2914 1.20193e-05 -1.7467
5750.0 8.25 1.319 -0.9811 0.5365 -0.1266 1.47204e-05 -1.5498
6000.0 8.25 1.1094 -0.4297 -0.0146 0.0726 1.7699e-05 -1.3704
6250.0 8.25 0.8189 0.2927 -0.7099 0.3165 2.09568e-05 -1.2063
6500.0 8.25 0.5064 1.0356 -1.3994 0.5502 2.44835e-05 -1.0559
7000.0 8.25 0.0537 1.9936 -2.187 0.7846 3.22914e-05 -0.7899
7500.0 8.25 -0.0796 2.1495 -2.1978 0.7469 4.11111e-05 -0.5626
8000.0 8.25 -0.0876 2.0965 -2.0989 0.6958 5.10489e-05 -0.3665
8500.0 8.25 -0.0644 2.0703 -2.1139 0.707 6.22276e-05 -0.1959
9000.0 8.25 -0.0234 2.0825 -2.2359 0.7738 7.4766e-05 -0.0465
9500.0 8.25 0.0803 1.9753 -2.2761 0.8227 8.87364e-05 0.0854
10000.0 8.25 0.2639 1.636 -2.0679 0.7807 0.000103969 0.2025
10500.0 8.25 0.4825 1.1137 -1.6112 0.6352 0.000120007 0.3069
11000.0 8.25 0.6634 0.6095 -1.1107 0.4595 0.000135885 0.4007
11500.0 8.25 0.7936 0.2189 -0.6992 0.3099 0.000150973 0.4852
12000.0 8.25 0.8814 -0.0824 -0.3518 0.1777 0.000165455 0.5618
12500.0 8.25 0.9148 -0.2689 -0.0987 0.0765 0.000179008 0.6314
13000.0 8.25 0.9077 -0.3665 0.0693 0.0076 0.000190037 0.6949
13500.0 8.25 0.8956 -0.4498 0.2163 -0.0506 0.000200043 0.753
14000.0 8.25 0.889 -0.543 0.3815 -0.1212 0.000211121 0.8065
14500.0 8.25 0.8728 -0.5807 0.4787 -0.171 0.00022284 0.8557
15000.0 8.25 0.8432 -0.5448 0.4697 -0.1764 0.000234627 0.9012
15500.0 8.25 0.8139 -0.4872 0.4162 -0.1598 0.000246295 0.9434
16000.0 8.25 0.7917 -0.4419 0.3661 -0.1413 0.000257942 0.9826
16500.0 8.25 0.7786 -0.4206 0.3391 -0.1301 0.000269762 1.0191
17000.0 8.25 0.7745 -0.4276 0.3458 -0.1321 0.000282088 1.0532
20000.0 8.25 0.788 -0.5601 0.4805 -0.1794 0.000358083 1.2175
25000.0 8.25 0.9016 -0.9511 0.8718 -0.3181 0.000505903 1.3949
30000.0 8.25 0.8681 -0.9431 0.8161 -0.2843 0.000700164 1.5076
35000.0 8.25 0.5999 -0.4747 0.3515 -0.115 0.000902231 1.5853
40000.0 8.25 0.4354 -0.2311 0.1433 -0.0461 0.00105984 1.642
45000.0 8.25 0.3672 -0.176 0.1187 -0.0427 0.00119031 1.6852
50000.0 8.25 0.3258 -0.1594 0.1254 -0.0491 0.0013059 1.7191
55000.0 8.25 0.3029 -0.1675 0.1498 -0.0604 0.00141144 1.7464
60000.0 8.25 0.2912 -0.1896 0.184 -0.0745 0.00150985 1.769
65000.0 8.25 0.2292 0.2183 -0.2924 0.1083 0.0018358 1.7878
70000.0 8.25 0.1889 0.2704 -0.3322 0.1208 0.00193459 1.8039
75000.0 8.25 0.1544 0.3135 -0.365 0.1312 0.00203087 1.8176
80000.0 8.25 0.1247 0.3482 -0.39 0.1388 0.00212503 1.8296
85000.0 8.25 0.099 0.3775 -0.411 0.1453 0.00221754 1.8401
90000.0 8.25 0.0762 0.4024 -0.4288 0.1508 0.00230962 1.8494
100000.0 8.25 0.0347 0.4467 -0.4597 0.1602 0.00249162 1.8651
3750.0 8.5 1.6838 -1.8377 1.4288 -0.461 2.4404e-06 -3.9058
4000.0 8.5 1.7729 -2.1147 1.7279 -0.5746 2.9631e-06 -3.4777
4250.0 8.5 1.8261 -2.2906 1.9161 -0.6453 3.61831e-06 -3.101
4500.0 8.5 1.8531 -2.3998 2.0346 -0.6899 4.50458e-06 -2.7674
4750.0 8.5 1.8505 -2.4299 2.0714 -0.7045 5.67245e-06 -2.47
5000.0 8.5 1.8053 -2.2403 1.8233 -0.5999 7.60923e-06 -2.2036
5250.0 8.5 1.6569 -1.8692 1.439 -0.457 9.66823e-06 -1.9637
5500.0 8.5 1.5149 -1.5037 1.0653 -0.3194 1.20733e-05 -1.7467
5750.0 8.5 1.3839 -1.153 0.7083 -0.1886 1.47955e-05 -1.5498
6000.0 8.5 1.1998 -0.6654 0.2162 -0.0097 1.77965e-05 -1.3704
6250.0 8.5 0.944 -0.0206 -0.4131 0.2135 2.10671e-05 -1.2063
6500.0 8.5 0.6535 0.6826 -1.0767 0.4422 2.45992e-05 -1.0559
7000.0 8.5 0.1533 1.7836 -2.0243 0.7397 3.2424e-05 -0.7899
7500.0 8.5 -0.0465 2.0962 -2.1776 0.7492 4.12265e-05 -0.5626
8000.0 8.5 -0.0708 2.0577 -2.0693 0.6887 5.10993e-05 -0.3665
8500.0 8.5 -0.0489 2.0151 -2.0527 0.6852 6.21333e-05 -0.1959
9000.0 8.5 -0.0132 2.0303 -2.1694 0.7482 7.44514e-05 -0.0465
9500.0 8.5 0.0863 1.9355 -2.2234 0.8025 8.81479e-05 0.0854
10000.0 8.5 0.271 1.6086 -2.0399 0.7726 0.000103112 0.2025
10500.0 8.5 0.514 1.042 -1.5529 0.6198 0.00011903 0.3069
11000.0 8.5 0.7247 0.4657 -0.9863 0.4218 0.000135064 0.4007
11500.0 8.5 0.8835 -0.0075 -0.4901 0.2408 0.000150452 0.4852
12000.0 8.5 0.9958 -0.3674 -0.0915 0.0913 0.000165183 0.5618
12500.0 8.5 1.0534 -0.6021 0.1993 -0.0231 0.000179391 0.6314
13000.0 8.5 1.0593 -0.7153 0.377 -0.0968 0.000192468 0.6949
13500.0 8.5 1.0317 -0.7437 0.4636 -0.1343 0.000203013 0.753
14000.0 8.5 1.0018 -0.7621 0.5345 -0.164 0.00021305 0.8065
14500.0 8.5 0.9762 -0.7899 0.6241 -0.2061 0.000224163 0.8557
15000.0 8.5 0.9417 -0.7744 0.6644 -0.2345 0.000236082 0.9012
15500.0 8.5 0.899 -0.7031 0.621 -0.228 0.000248126 0.9434
16000.0 8.5 0.8569 -0.613 0.5381 -0.2018 0.00026017 0.9826
16500.0 8.5 0.825 -0.5412 0.463 -0.1751 0.000272077 1.0191
17000.0 8.5 0.8065 -0.5041 0.4204 -0.1586 0.000284178 1.0532
20000.0 8.5 0.811 -0.6081 0.524 -0.1942 0.000360772 1.2175
25000.0 8.5 0.9177 -0.9818 0.8981 -0.3267 0.000509622 1.3949
30000.0 8.5 0.8639 -0.9326 0.8041 -0.2797 0.000704869 1.5076
35000.0 8.5 0.6011 -0.4778 0.3547 -0.1164 0.000905135 1.5853
40000.0 8.5 0.4487 -0.2598 0.1711 -0.0561 0.00106126 1.642
45000.0 8.5 0.3669 -0.1721 0.1132 -0.0404 0.00119083 1.6852
50000.0 8.5 0.3238 -0.1486 0.1114 -0.0433 0.00130369 1.7191
55000.0 8.5 0.3 -0.1552 0.1351 -0.0546 0.00140812 1.7464
60000.0 8.5 0.2852 -0.1721 0.1653 -0.0675 0.0015085 1.769
65000.0 8.5 0.2491 0.1787 -0.255 0.095 0.00183243 1.7878
70000.0 8.5 0.209 0.2322 -0.2973 0.1087 0.00192973 1.8039
75000.0 8.5 0.1744 0.2765 -0.3317 0.1198 0.0020246 1.8176
80000.0 8.5 0.1449 0.312 -0.3577 0.1278 0.00211758 1.8296
85000.0 8.5 0.1185 0.3439 -0.3821 0.1356 0.00220926 1.8401
90000.0 8.5 0.0952 0.3708 -0.4021 0.142 0.00229985 1.8494
100000.0 8.5 0.0525 0.4199 -0.4384 0.1534 0.00247883 1.8651
3750.0 8.75 1.7132 -1.9047 1.504 -0.4905 2.53922e-06 -3.9058
4000.0 8.75 1.7871 -2.1412 1.759 -0.5871 3.07018e-06 -3.4777
4250.0 8.75 1.8316 -2.292 1.9187 -0.6467 3.72258e-06 -3.101
4500.0 8.75 1.8569 -2.3962 2.0314 -0.689 4.59836e-06 -2.7674
4750.0 8.75 1.8575 -2.4348 2.0765 -0.7066 5.74873e-06 -2.47
5000.0 8.75 1.8678 -2.3978 1.9924 -0.6642 7.66942e-06 -2.2036
5250.0 8.75 1.6974 -1.9656 1.5367 -0.4929 9.72332e-06 -1.9637
5500.0 8.75 1.5442 -1.5778 1.1382 -0.3456 1.21305e-05 -1.7467
5750.0 8.75 1.4052 -1.2194 0.7776 -0.2147 1.48692e-05 -1.5498
6000.0 8.75 1.2492 -0.8075 0.3615 -0.0633 1.78984e-05 -1.3704
6250.0 8.75 1.0464 -0.2847 -0.157 0.1228 2.11887e-05 -1.2063
6500.0 8.75 0.7891 0.351 -0.7678 0.3367 2.47378e-05 -1.0559
7000.0 8.75 0.2681 1.5361 -1.8253 0.6819 3.2583e-05 -0.7899
7500.0 8.75 0.0089 1.9903 -2.109 0.7355 4.13863e-05 -0.5626
8000.0 8.75 -0.0455 2.0013 -2.0256 0.6775 5.11882e-05 -0.3665
8500.0 8.75 -0.031 1.9523 -1.9811 0.6588 6.21115e-05 -0.1959
9000.0 8.75 0.0004 1.9611 -2.0773 0.711 7.42522e-05 -0.0465
9500.0 8.75 0.0849 1.8996 -2.1601 0.7743 8.76662e-05 0.0854
10000.0 8.75 0.2551 1.6265 -2.0434 0.7715 0.000102352 0.2025
10500.0 8.75 0.5119 1.0511 -1.5678 0.6281 0.000118088 0.3069
11000.0 8.75 0.7569 0.3963 -0.9322 0.4077 0.000134219 0.4007
11500.0 8.75 0.9434 -0.1511 -0.3651 0.2023 0.000149869 0.4852
12000.0 8.75 1.0828 -0.5891 0.1133 0.0232 0.000164858 0.5618
12500.0 8.75 1.1659 -0.8862 0.4611 -0.1114 0.000179369 0.6314
13000.0 8.75 1.1931 -1.0435 0.6757 -0.1989 0.000193358 0.6949
13500.0 8.75 1.1735 -1.082 0.7712 -0.2416 0.000206066 0.753
14000.0 8.75 1.135 -1.0638 0.7989 -0.2558 0.000216384 0.8065
14500.0 8.75 1.0927 -1.0324 0.8098 -0.2629 0.000226434 0.8557
15000.0 8.75 1.0527 -1.0081 0.8366 -0.2803 0.000237633 0.9012
15500.0 8.75 1.0073 -0.9557 0.8342 -0.2915 0.000249606 0.9434
16000.0 8.75 0.9542 -0.8593 0.7698 -0.2785 0.000261844 0.9826
16500.0 8.75 0.903 -0.7448 0.6651 -0.2458 0.000273977 1.0191
17000.0 8.75 0.8539 -0.6239 0.5398 -0.2012 0.000286148 1.0532
20000.0 8.75 0.8352 -0.6603 0.5723 -0.2108 0.000363551 1.2175
25000.0 8.75 0.931 -1.0065 0.9184 -0.333 0.000513464 1.3949
30000.0 8.75 0.8681 -0.9408 0.8099 -0.2814 0.000709685 1.5076
35000.0 8.75 0.6032 -0.4821 0.3586 -0.1178 0.000908179 1.5853
40000.0 8.75 0.4518 -0.2654 0.1764 -0.0581 0.00106288 1.642
45000.0 8.75 0.3686 -0.172 0.1108 -0.0389 0.00119159 1.6852
50000.0 8.75 0.3264 -0.151 0.1127 -0.0436 0.00130292 1.7191
55000.0 8.75 0.2996 -0.1485 0.1258 -0.0506 0.00140612 1.7464
60000.0 8.75 0.2841 -0.1619 0.1515 -0.0617 0.00150368 1.769
3750.0 9.0 1.7429 -1.9707 1.576 -0.5183 2.64145e-06 -3.9058
4000.0 9.0 1.7989 -2.16 1.7814 -0.5963 3.18527e-06 -3.4777
4250.0 9.0 1.8366 -2.2922 1.921 -0.6481 3.83543e-06 -3.101
4500.0 9.0 1.8598 -2.3902 2.0265 -0.6877 4.70226e-06 -2.7674
4750.0 9.0 1.8586 -2.4238 2.0651 -0.7026 5.84061e-06 -2.47
5000.0 9.0 1.8932 -2.4487 2.0433 -0.6829 7.73866e-06 -2.2036
5250.0 9.0 1.746 -2.0812 1.655 -0.5367 9.78605e-06 -1.9637
5500.0 9.0 1.5705 -1.6392 1.197 -0.3664 1.21931e-05 -1.7467
5750.0 9.0 1.439 -1.308 0.8649 -0.246 1.49451e-05 -1.5498
6000.0 9.0 1.2964 -0.9365 0.4921 -0.1112 1.80032e-05 -1.3704
6250.0 9.0 1.1372 -0.5169 0.0689 0.0427 2.13258e-05 -1.2063
6500.0 9.0 0.907 0.055 -0.4856 0.2383 2.48948e-05 -1.0559
7000.0 9.0 0.3992 1.239 -1.5699 0.6018 3.27715e-05 -0.7899
7500.0 9.0 0.0735 1.8696 -2.0334 0.7212 4.15874e-05 -0.5626
8000.0 9.0 -0.015 1.939 -1.9822 0.6681 5.1347e-05 -0.3665
8500.0 9.0 -0.009 1.8819 -1.9042 0.6311 6.21613e-05 -0.1959
9000.0 9.0 0.0192 1.8741 -1.9628 0.6646 7.41243e-05 -0.0465
9500.0 9.0 0.078 1.8686 -2.0923 0.7419 8.72941e-05 0.0854
10000.0 9.0 0.2259 1.6636 -2.0515 0.768 0.000101735 0.2025
10500.0 9.0 0.4803 1.1247 -1.6351 0.6514 0.000117247 0.3069
11000.0 9.0 0.7535 0.4197 -0.968 0.4248 0.000133386 0.4007
11500.0 9.0 0.9707 -0.2109 -0.3191 0.1903 0.00014928 0.4852
12000.0 9.0 1.1372 -0.7232 0.2317 -0.0143 0.000164512 0.5618
12500.0 9.0 1.2467 -1.0914 0.6487 -0.1738 0.000179246 0.6314
13000.0 9.0 1.296 -1.3047 0.9155 -0.2802 0.000193634 0.6949
13500.0 9.0 1.2948 -1.384 1.048 -0.3373 0.000207485 0.753
14000.0 9.0 1.2616 -1.3727 1.0835 -0.3565 0.000219973 0.8065
14500.0 9.0 1.2192 -1.3277 1.0747 -0.3563 0.000230191 0.8557
15000.0 9.0 1.1685 -1.2592 1.0392 -0.3454 0.000240282 0.9012
15500.0 9.0 1.1195 -1.1968 1.0176 -0.3431 0.000251468 0.9434
16000.0 9.0 1.0673 -1.1194 0.9844 -0.3413 0.000263453 0.9826
16500.0 9.0 1.0092 -1.0094 0.9078 -0.3239 0.000275929 1.0191
17000.0 9.0 0.9511 -0.8796 0.7917 -0.288 0.000288401 1.0532
20000.0 9.0 0.8602 -0.7157 0.6237 -0.2285 0.000366433 1.2175
25000.0 9.0 0.9396 -1.0222 0.9303 -0.3365 0.000517375 1.3949
30000.0 9.0 0.8711 -0.9465 0.813 -0.2819 0.000714565 1.5076
35000.0 9.0 0.6094 -0.4954 0.3705 -0.1218 0.000911329 1.5853
40000.0 9.0 0.4548 -0.271 0.1811 -0.0596 0.00106462 1.642
45000.0 9.0 0.3743 -0.1826 0.12 -0.042 0.00119253 1.6852
50000.0 9.0 0.3303 -0.1561 0.116 -0.0445 0.00130236 1.7191
55000.0 9.0 0.3014 -0.1476 0.1223 -0.0488 0.00140476 1.7464
60000.0 9.0 0.2854 -0.16 0.148 -0.0603 0.00150061 1.769
65000.0 9.0 0.2894 0.097 -0.1777 0.0677 0.00182728 1.7878
70000.0 9.0 0.2517 0.1464 -0.2163 0.0801 0.00192261 1.8039
75000.0 9.0 0.2191 0.1872 -0.2471 0.0897 0.00201534 1.8176
80000.0 9.0 0.1901 0.2235 -0.2751 0.0988 0.00210602 1.8296
85000.0 9.0 0.1652 0.2532 -0.2974 0.1058 0.00219518 1.8401
90000.0 9.0 0.1424 0.2803 -0.3181 0.1125 0.00228308 1.8494
100000.0 9.0 0.1003 0.3318 -0.3587 0.1259 0.00245598 1.8651
3750.0 9.25 1.7724 -2.0338 1.6426 -0.5438 2.74549e-06 -3.9058
4000.0 9.25 1.811 -2.1786 1.8029 -0.6049 3.30743e-06 -3.4777
4250.0 9.25 1.8414 -2.2929 1.9248 -0.6503 3.95833e-06 -3.101
4500.0 9.25 1.8617 -2.3812 2.0185 -0.6852 4.81666e-06 -2.7674
4750.0 9.25 1.8631 -2.4207 2.0623 -0.7018 5.93615e-06 -2.47
5000.0 9.25 1.937 -2.5553 2.1591 -0.7274 7.81889e-06 -2.2036
5250.0 9.25 1.8051 -2.2259 1.8072 -0.5938 9.85838e-06 -1.9637
5500.0 9.25 1.6086 -1.7277 1.2843 -0.3979 1.22639e-05 -1.7467
5750.0 9.25 1.4695 -1.3839 0.9389 -0.2723 1.50227e-05 -1.5498
6000.0 9.25 1.3421 -1.0576 0.6118 -0.1539 1.81054e-05 -1.3704
6250.0 9.25 1.1905 -0.6654 0.2193 -0.0122 2.14672e-05 -1.2063
6500.0 9.25 1.0042 -0.1918 -0.2474 0.1543 2.50711e-05 -1.0559
7000.0 9.25 0.5289 0.9421 -1.3107 0.5186 3.29892e-05 -0.7899
7500.0 9.25 0.1593 1.6985 -1.9109 0.6909 4.18197e-05 -0.5626
8000.0 9.25 0.0244 1.8649 -1.9361 0.66 5.15614e-05 -0.3665
8500.0 9.25 0.0123 1.8208 -1.8421 0.6098 6.22882e-05 -0.1959
9000.0 9.25 0.0364 1.7948 -1.8585 0.6224 7.40852e-05 -0.0465
9500.0 9.25 0.0785 1.8131 -1.9944 0.6972 8.70295e-05 0.0854
10000.0 9.25 0.1988 1.6785 -2.0219 0.7467 0.000101191 0.2025
10500.0 9.25 0.4277 1.2354 -1.7236 0.6777 0.000116449 0.3069
11000.0 9.25 0.716 0.5269 -1.0791 0.4657 0.000132507 0.4007
11500.0 9.25 0.961 -0.1649 -0.3817 0.2175 0.000148611 0.4852
12000.0 9.25 1.1563 -0.7561 0.246 -0.014 0.00016413 0.5618
12500.0 9.25 1.2953 -1.207 0.7464 -0.2036 0.000179087 0.6314
13000.0 9.25 1.3703 -1.4909 1.0832 -0.3356 0.000193701 0.6949
13500.0 9.25 1.388 -1.6187 1.2608 -0.4093 0.000208036 0.753
14000.0 9.25 1.3675 -1.637 1.3241 -0.4399 0.000221804 0.8065
14500.0 9.25 1.3274 -1.5945 1.32 -0.4434 0.00023424 0.8557
15000.0 9.25 1.2794 -1.522 1.2761 -0.4296 0.000244629 0.9012
15500.0 9.25 1.2296 -1.4421 1.2219 -0.4112 0.000254652 0.9434
16000.0 9.25 1.1779 -1.3583 1.1686 -0.3952 0.000265613 0.9826
16500.0 9.25 1.1224 -1.2656 1.1141 -0.3834 0.000277708 1.0191
17000.0 9.25 1.0386 -1.0898 0.978 -0.3464 0.000290331 1.0532
20000.0 9.25 0.8908 -0.7841 0.6879 -0.2507 0.00036928 1.2175
25000.0 9.25 0.9596 -1.0618 0.9644 -0.3476 0.00052145 1.3949
30000.0 9.25 0.8713 -0.9464 0.8104 -0.2805 0.000719483 1.5076
35000.0 9.25 0.6099 -0.4978 0.3732 -0.123 0.000914327 1.5853
40000.0 9.25 0.461 -0.2832 0.1919 -0.0632 0.00106631 1.642
45000.0 9.25 0.3788 -0.1916 0.1287 -0.0452 0.00119347 1.6852
50000.0 9.25 0.3351 -0.1623 0.1194 -0.045 0.00130196 1.7191
55000.0 9.25 0.306 -0.1553 0.1294 -0.0514 0.00140427 1.7464
60000.0 9.25 0.2878 -0.1599 0.145 -0.0585 0.00149848 1.769
3750.0 9.5 1.8043 -2.0992 1.7063 -0.5672 2.85144e-06 -3.9058
4000.0 9.5 1.8247 -2.1998 1.825 -0.6135 3.43558e-06 -3.4777
4250.0 9.5 1.8462 -2.2915 1.9249 -0.6509 4.09126e-06 -3.101
4500.0 9.5 1.862 -2.3688 2.0087 -0.6825 4.94188e-06 -2.7674
4750.0 9.5 1.8664 -2.414 2.0564 -0.7001 6.0508e-06 -2.47
5000.0 9.5 1.9591 -2.599 2.2052 -0.7449 7.97483e-06 -2.2036
5250.0 9.5 1.7718 -2.1119 1.6752 -0.5418 9.93261e-06 -1.9637
5500.0 9.5 1.6412 -1.7997 1.3553 -0.4235 1.23425e-05 -1.7467
5750.0 9.5 1.5069 -1.4727 1.0256 -0.3032 1.51074e-05 -1.5498
6000.0 9.5 1.385 -1.1659 0.7181 -0.1919 1.8212e-05 -1.3704
6250.0 9.5 1.2419 -0.8014 0.3545 -0.0608 2.1608e-05 -1.2063
6500.0 9.5 1.0806 -0.3922 -0.0493 0.0833 2.52587e-05 -1.0559
7000.0 9.5 0.6613 0.625 -1.0192 0.4205 3.32357e-05 -0.7899
7500.0 9.5 0.2604 1.4895 -1.7515 0.6475 4.20968e-05 -0.5626
8000.0 9.5 0.0699 1.7865 -1.8955 0.6562 5.18285e-05 -0.3665
8500.0 9.5 0.0378 1.7592 -1.788 0.5937 6.24956e-05 -0.1959
9000.0 9.5 0.0578 1.71 -1.7528 0.5808 7.41503e-05 -0.0465
9500.0 9.5 0.0907 1.7266 -1.8652 0.6415 8.69027e-05 0.0854
10000.0 9.5 0.1784 1.6661 -1.9567 0.7106 0.00010077 0.2025
10500.0 9.5 0.3661 1.3506 -1.8005 0.6956 0.000115753 0.3069
11000.0 9.5 0.6492 0.6981 -1.243 0.5224 0.000131653 0.4007
11500.0 9.5 0.9171 -0.0306 -0.5276 0.2726 0.000147884 0.4852
12000.0 9.5 1.1366 -0.6818 0.1524 0.0248 0.000163703 0.5618
12500.0 9.5 1.3062 -1.2151 0.7327 -0.1928 0.000178918 0.6314
13000.0 9.5 1.412 -1.5846 1.156 -0.3562 0.000193733 0.6949
13500.0 9.5 1.4547 -1.7823 1.4044 -0.4561 0.000208321 0.753
14000.0 9.5 1.4506 -1.8453 1.5114 -0.5032 0.00022266 0.8065
14500.0 9.5 1.4185 -1.822 1.5249 -0.5143 0.000236433 0.8557
15000.0 9.5 1.3755 -1.76 1.4939 -0.507 0.000248969 0.9012
15500.0 9.5 1.3273 -1.6769 1.4334 -0.4863 0.000259604 0.9434
16000.0 9.5 1.279 -1.5888 1.3657 -0.4627 0.00026966 0.9826
16500.0 9.5 1.2256 -1.4903 1.2904 -0.4372 0.000280461 1.0191
17000.0 9.5 1.1692 -1.3867 1.2172 -0.4162 0.000292417 1.0532
20000.0 9.5 0.5773 0.1471 -0.1122 -0.076 0.000415273 1.2175
25000.0 9.5 0.9741 -1.092 0.9901 -0.3558 0.00052547 1.3949
30000.0 9.5 0.8731 -0.951 0.8125 -0.2808 0.000724453 1.5076
35000.0 9.5 0.6135 -0.5063 0.3809 -0.1256 0.000917439 1.5853
40000.0 9.5 0.4676 -0.2973 0.2048 -0.0677 0.00106808 1.642
45000.0 9.5 0.3846 -0.2026 0.138 -0.0482 0.00119465 1.6852
50000.0 9.5 0.3421 -0.1743 0.1297 -0.0485 0.00130065 1.7191
55000.0 9.5 0.313 -0.1647 0.1351 -0.0527 0.00140099 1.7464
60000.0 9.5 0.2936 -0.1673 0.1496 -0.0596 0.0014959 1.769
65000.0 9.5 0.3278 0.0169 -0.1011 0.0405 0.00182339 1.7878
70000.0 9.5 0.2922 0.0626 -0.1362 0.0517 0.00191734 1.8039
75000.0 9.5 0.2617 0.0998 -0.164 0.0603 0.00200842 1.8176
80000.0 9.5 0.2352 0.1312 -0.1873 0.0677 0.00209754 1.8296
85000.0 9.5 0.2119 0.1576 -0.2063 0.0735 0.00218491 1.8401
90000.0 9.5 0.1912 0.1807 -0.2231 0.0787 0.00227082 1.8494
100000.0 9.5 0.1529 0.225 -0.2568 0.0897 0.0024394 1.8651
