Teff log(g) a1 a2 a3 a4 I1 beaming
3750.0 5.0 0.9863 -0.1324 -0.3663 0.2075 1.33568e-06 -4.2568
4000.0 5.0 1.2855 -0.9584 0.5031 -0.1145 1.83067e-06 -3.806
4250.0 5.0 1.4115 -1.3104 0.8922 -0.2627 2.53328e-06 -3.4092
4500.0 5.0 1.4128 -1.2487 0.8237 -0.2351 3.50558e-06 -3.0574
4750.0 5.0 1.1954 -0.6528 0.2479 -0.0279 4.79289e-06 -2.7438
5000.0 5.0 0.7177 0.5748 -0.9271 0.3842 6.46277e-06 -2.4625
5250.0 5.0 0.2119 1.8057 -2.0629 0.7645 8.36454e-06 -2.2091
5500.0 5.0 -0.1457 2.5671 -2.6704 0.9374 1.05375e-05 -1.9798
5750.0 5.0 -0.2941 2.7193 -2.6188 0.8638 1.30055e-05 -1.7715
6000.0 5.0 -0.3048 2.5014 -2.193 0.6588 1.57652e-05 -1.5816
6250.0 5.0 -0.2442 2.1221 -1.6317 0.4147 1.88404e-05 -1.4078
6500.0 5.0 -0.1576 1.7226 -1.0927 0.1898 2.22509e-05 -1.2484
7000.0 5.0 -0.013 1.1575 -0.3729 -0.1071 3.02364e-05 -0.9663
7500.0 5.0 0.0094 1.1095 -0.3164 -0.1437 3.99806e-05 -0.725
8000.0 5.0 -0.0703 1.5318 -0.8992 0.0846 5.16493e-05 -0.5167
8500.0 5.0 -0.082 1.9054 -1.5687 0.3889 6.5177e-05 -0.3353
9000.0 5.0 0.1225 1.5115 -1.3438 0.3647 8.01194e-05 -0.1763
9500.0 5.0 0.401 0.6562 -0.4972 0.1123 9.3712e-05 -0.0359
10000.0 5.0 0.5358 0.2893 -0.1391 -0.0091 0.000105906 0.0887
10500.0 5.0 0.5787 0.2496 -0.1741 0.0188 0.000117212 0.2
11000.0 5.0 0.6309 0.1376 -0.1081 0.0056 0.000128403 0.2999
11500.0 5.0 0.6765 0.0016 0.0092 -0.0319 0.000139637 0.39
12000.0 5.0 0.6825 -0.017 0.0082 -0.0272 0.000150653 0.4716
12500.0 5.0 0.6912 -0.0602 0.0425 -0.0375 0.000161899 0.5458
13000.0 5.0 0.6957 -0.0929 0.0689 -0.0455 0.00017326 0.6135
13500.0 5.0 0.6722 -0.0606 0.0316 -0.0307 0.000184836 0.6755
14000.0 5.0 0.6993 -0.145 0.1132 -0.0595 0.000196578 0.7325
14500.0 5.0 0.6407 -0.028 -0.0086 -0.014 0.000208558 0.785
15000.0 5.0 0.7008 -0.1894 0.1528 -0.0724 0.000220695 0.8336
15500.0 5.0 0.7004 -0.2075 0.1691 -0.0777 0.000233079 0.8785
16000.0 5.0 0.6433 -0.0898 0.0464 -0.0317 0.000245717 0.9203
16500.0 5.0 0.7046 -0.2533 0.2121 -0.0922 0.000258528 0.9592
17000.0 5.0 0.7087 -0.2805 0.2385 -0.1014 0.000271623 0.9955
20000.0 5.0 0.7501 -0.4674 0.4228 -0.1661 0.000355648 1.1706
25000.0 5.0 0.9057 -0.9094 0.8497 -0.3151 0.00052286 1.3594
30000.0 5.0 1.0067 -1.1444 1.0158 -0.3589 0.000760249 1.4792
35000.0 5.0 0.9907 -1.2378 1.0938 -0.3834 0.00103626 1.5617
40000.0 5.0 1.0573 -1.4956 1.3736 -0.4895 0.00125437 1.6219
45000.0 5.0 1.1454 -1.7564 1.6471 -0.5908 0.00144031 1.6676
50000.0 5.0 1.2331 -1.9878 1.882 -0.6761 0.00161463 1.7035
55000.0 5.0 1.3082 -2.1679 2.0585 -0.7387 0.00177938 1.7325
60000.0 5.0 1.3703 -2.3026 2.1849 -0.7824 0.00194209 1.7563
3750.0 5.25 1.0483 -0.2897 -0.2074 0.1505 1.37119e-06 -4.2568
4000.0 5.25 1.3496 -1.1259 0.6768 -0.1785 1.85782e-06 -3.806
4250.0 5.25 1.4829 -1.502 1.0906 -0.336 2.55052e-06 -3.4092
4500.0 5.25 1.5113 -1.518 1.1016 -0.3378 3.50705e-06 -3.0574
4750.0 5.25 1.3384 -1.023 0.6068 -0.1564 4.77248e-06 -2.7438
5000.0 5.25 0.9231 0.0631 -0.4465 0.2186 6.43352e-06 -2.4625
5250.0 5.25 0.4226 1.3054 -1.613 0.6173 8.32576e-06 -2.2091
5500.0 5.25 0.0004 2.2723 -2.4579 0.8842 1.04926e-05 -1.9798
5750.0 5.25 -0.2228 2.655 -2.6684 0.9114 1.29419e-05 -1.7715
6000.0 5.25 -0.2883 2.6025 -2.4273 0.7756 1.56794e-05 -1.5816
6250.0 5.25 -0.2689 2.3399 -1.9893 0.5753 1.87243e-05 -1.4078
6500.0 5.25 -0.2108 2.0069 -1.5082 0.3674 2.20952e-05 -1.2484
7000.0 5.25 -0.0755 1.4211 -0.7283 0.0386 2.99533e-05 -0.9663
7500.0 5.25 -0.0257 1.2509 -0.5125 -0.0609 3.95e-05 -0.725
8000.0 5.25 -0.08 1.5517 -0.9314 0.1008 5.09188e-05 -0.5167
8500.0 5.25 -0.1134 1.9583 -1.6103 0.4008 6.41899e-05 -0.3353
9000.0 5.25 0.0243 1.8201 -1.6925 0.4906 7.88358e-05 -0.1763
9500.0 5.25 0.275 1.0981 -1.0053 0.2893 9.29429e-05 -0.0359
10000.0 5.25 0.4911 0.4072 -0.2664 0.0383 0.000105424 0.0887
10500.0 5.25 0.5672 0.2515 -0.1621 0.0114 0.000117134 0.2
11000.0 5.25 0.6198 0.1494 -0.1121 0.0052 0.000128433 0.2999
11500.0 5.25 0.658 0.0537 -0.0459 -0.0117 0.000139627 0.39
12000.0 5.25 0.6808 -0.0187 0.011 -0.0286 0.000150816 0.4716
12500.0 5.25 0.6916 -0.0659 0.0485 -0.0397 0.000162083 0.5458
13000.0 5.25 0.6969 -0.1004 0.0761 -0.0481 0.000173448 0.6135
13500.0 5.25 0.6988 -0.1266 0.0971 -0.0542 0.000185009 0.6755
14000.0 5.25 0.6991 -0.1493 0.1165 -0.0603 0.000196749 0.7325
14500.0 5.25 0.6993 -0.171 0.1358 -0.0667 0.000208682 0.785
15000.0 5.25 0.698 -0.1882 0.1508 -0.0714 0.000220821 0.8336
15500.0 5.25 0.6991 -0.2102 0.1711 -0.0782 0.000233162 0.8785
16000.0 5.25 0.6993 -0.2293 0.1887 -0.084 0.000245746 0.9203
16500.0 5.25 0.6955 -0.2385 0.1967 -0.0864 0.000258551 0.9592
17000.0 5.25 0.7023 -0.2716 0.2286 -0.0974 0.000271578 0.9955
20000.0 5.25 0.7195 -0.4043 0.3588 -0.1424 0.000355235 1.1706
25000.0 5.25 0.8815 -0.8698 0.812 -0.3016 0.000520934 1.3594
30000.0 5.25 0.9814 -1.1128 0.99 -0.3503 0.000753154 1.4792
35000.0 5.25 0.9179 -1.1051 0.97 -0.3396 0.00102469 1.5617
40000.0 5.25 0.9482 -1.2945 1.1872 -0.4241 0.00123974 1.6219
45000.0 5.25 1.0191 -1.5334 1.4459 -0.5215 0.00142119 1.6676
50000.0 5.25 1.0988 -1.7639 1.6866 -0.6102 0.00158984 1.7035
55000.0 5.25 1.1755 -1.9661 1.8917 -0.6845 0.00174722 1.7325
60000.0 5.25 1.2452 -2.1364 2.0594 -0.7442 0.00190065 1.7563
3750.0 5.5 1.1083 -0.4417 -0.0517 0.0939 1.41136e-06 -4.2568
4000.0 5.5 1.4027 -1.2632 0.82 -0.2314 1.88823e-06 -3.806
4250.0 5.5 1.5407 -1.6564 1.2514 -0.3957 2.57112e-06 -3.4092
4500.0 5.5 1.586 -1.7226 1.3133 -0.4163 3.51244e-06 -3.0574
4750.0 5.5 1.4505 -1.3227 0.9045 -0.2647 4.75887e-06 -2.7438
5000.0 5.5 1.0948 -0.3717 -0.035 0.075 6.40795e-06 -2.4625
5250.0 5.5 0.6307 0.7968 -1.1431 0.4592 8.29157e-06 -2.2091
5500.0 5.5 0.1659 1.905 -2.1543 0.7934 1.04515e-05 -1.9798
5750.0 5.5 -0.1314 2.5136 -2.6195 0.9188 1.28917e-05 -1.7715
6000.0 5.5 -0.2522 2.6285 -2.566 0.8541 1.56097e-05 -1.5816
6250.0 5.5 -0.2662 2.4681 -2.2429 0.6968 1.86283e-05 -1.4078
6500.0 5.5 -0.241 2.2278 -1.8598 0.5239 2.19632e-05 -1.2484
7000.0 5.5 -0.1343 1.6928 -1.1101 0.1997 2.97046e-05 -0.9663
7500.0 5.5 -0.0677 1.4305 -0.7643 0.046 3.90686e-05 -0.725
8000.0 5.5 -0.097 1.6113 -1.0203 0.1411 5.02388e-05 -0.5167
8500.0 5.5 -0.1383 1.9992 -1.6455 0.4125 6.32486e-05 -0.3353
9000.0 5.5 -0.0245 1.9553 -1.8421 0.5443 7.77705e-05 -0.1763
9500.0 5.5 0.2119 1.3373 -1.2831 0.3796 9.25958e-05 -0.0359
10000.0 5.5 0.4602 0.5244 -0.4256 0.1007 0.000105222 0.0887
10500.0 5.5 0.5536 0.2614 -0.1618 0.0092 0.000117018 0.2
11000.0 5.5 0.6071 0.1624 -0.1157 0.0042 0.000128442 0.2999
11500.0 5.5 0.6482 0.0676 -0.0557 -0.0092 0.000139738 0.39
12000.0 5.5 0.6758 -0.0123 0.006 -0.0271 0.000150988 0.4716
12500.0 5.5 0.6893 -0.0649 0.0476 -0.0394 0.000162299 0.5458
13000.0 5.5 0.6954 -0.1014 0.0771 -0.0484 0.000173733 0.6135
13500.0 5.5 0.6999 -0.133 0.1031 -0.0564 0.000185256 0.6755
14000.0 5.5 0.6984 -0.1515 0.1179 -0.0607 0.000197002 0.7325
14500.0 5.5 0.6984 -0.1728 0.1366 -0.0667 0.000208934 0.785
15000.0 5.5 0.6975 -0.1909 0.1526 -0.0718 0.000221057 0.8336
15500.0 5.5 0.6968 -0.2091 0.1692 -0.0773 0.000233403 0.8785
16000.0 5.5 0.6769 -0.1829 0.1416 -0.0666 0.000245977 0.9203
16500.0 5.5 0.6967 -0.2459 0.2035 -0.0886 0.000258733 0.9592
17000.0 5.5 0.6979 -0.2665 0.2233 -0.0954 0.000271759 0.9955
20000.0 5.5 0.73 -0.4355 0.3906 -0.1541 0.000355149 1.1706
25000.0 5.5 0.8762 -0.8703 0.8144 -0.3028 0.000519916 1.3594
30000.0 5.5 0.9581 -1.0787 0.96 -0.3398 0.000748627 1.4792
35000.0 5.5 0.8526 -0.9783 0.8488 -0.2963 0.00101615 1.5617
40000.0 5.5 0.8472 -1.096 0.9981 -0.3569 0.0012285 1.6219
45000.0 5.5 0.8949 -1.2937 1.2206 -0.4421 0.00140651 1.6676
50000.0 5.5 0.9598 -1.5022 1.4443 -0.5257 0.00157093 1.7035
55000.0 5.5 1.0279 -1.6975 1.6474 -0.6002 0.00172282 1.7325
60000.0 5.5 1.0948 -1.875 1.8272 -0.6652 0.00186995 1.7563
3750.0 5.75 1.16 -0.5731 0.0846 0.0439 1.45313e-06 -4.2568
4000.0 5.75 1.4471 -1.3755 0.9376 -0.2751 1.92224e-06 -3.806
4250.0 5.75 1.5871 -1.7782 1.3786 -0.4431 2.59519e-06 -3.4092
4500.0 5.75 1.6694 -1.9853 1.6085 -0.5311 3.52446e-06 -3.0574
4750.0 5.75 1.5335 -1.5501 1.1345 -0.3491 4.75155e-06 -2.7438
5000.0 5.75 1.2418 -0.7555 0.3361 -0.0569 6.39079e-06 -2.4625
5250.0 5.75 0.8196 0.325 -0.7003 0.3075 8.26016e-06 -2.2091
5500.0 5.75 0.3435 1.4882 -1.7864 0.6756 1.04169e-05 -1.9798
5750.0 5.75 -0.0146 2.2817 -2.4585 0.8809 1.28529e-05 -1.7715
6000.0 5.75 -0.187 2.5517 -2.5781 0.882 1.55565e-05 -1.5816
6250.0 5.75 -0.2468 2.5313 -2.4132 0.7848 1.85499e-05 -1.4078
6500.0 5.75 -0.2461 2.3689 -2.121 0.6471 2.18571e-05 -1.2484
7000.0 5.75 -0.1795 1.9391 -1.4781 0.3602 2.94895e-05 -0.9663
7500.0 5.75 -0.111 1.6331 -1.0566 0.1722 3.86872e-05 -0.725
8000.0 5.75 -0.1194 1.7083 -1.166 0.2065 4.96143e-05 -0.5167
8500.0 5.75 -0.1582 2.0397 -1.6917 0.4314 6.23489e-05 -0.3353
9000.0 5.75 -0.0733 2.0861 -1.9855 0.5972 7.66819e-05 -0.1763
9500.0 5.75 0.1126 1.6812 -1.6893 0.529 9.1557e-05 -0.0359
10000.0 5.75 0.3471 0.9279 -0.9005 0.2712 0.000104735 0.0887
10500.0 5.75 0.5298 0.3226 -0.2352 0.0382 0.000116793 0.2
11000.0 5.75 0.5939 0.1738 -0.1172 0.0025 0.000128391 0.2999
11500.0 5.75 0.6365 0.084 -0.0666 -0.0067 0.000139794 0.39
12000.0 5.75 0.6681 -0.0002 -0.0043 -0.024 0.000151134 0.4716
12500.0 5.75 0.6849 -0.0582 0.0411 -0.0373 0.000162481 0.5458
13000.0 5.75 0.6938 -0.1004 0.0755 -0.0478 0.000173935 0.6135
13500.0 5.75 0.6971 -0.1294 0.0985 -0.0545 0.000185526 0.6755
14000.0 5.75 0.6982 -0.154 0.1198 -0.0613 0.000197284 0.7325
14500.0 5.75 0.6977 -0.1739 0.1367 -0.0666 0.000209228 0.785
15000.0 5.75 0.6966 -0.1918 0.1524 -0.0715 0.000221368 0.8336
15500.0 5.75 0.6954 -0.2085 0.1673 -0.0762 0.000233711 0.8785
16000.0 5.75 0.6948 -0.2263 0.184 -0.0818 0.000246268 0.9203
16500.0 5.75 0.6948 -0.2448 0.2014 -0.0877 0.000259046 0.9592
17000.0 5.75 0.6699 -0.207 0.1632 -0.0733 0.000272084 0.9955
20000.0 5.75 0.7247 -0.4267 0.3804 -0.1501 0.000355324 1.1706
25000.0 5.75 0.8783 -0.8832 0.828 -0.3079 0.000519526 1.3594
30000.0 5.75 0.9382 -1.0472 0.9306 -0.3294 0.000745911 1.4792
35000.0 5.75 0.7979 -0.8693 0.7431 -0.2582 0.00100994 1.5617
40000.0 5.75 0.759 -0.915 0.8221 -0.2935 0.00121961 1.6219
45000.0 5.75 0.7827 -1.0646 0.9994 -0.3629 0.00139477 1.6676
50000.0 5.75 0.8299 -1.2415 1.1953 -0.4372 0.00155549 1.7035
55000.0 5.75 0.885 -1.4154 1.3806 -0.5061 0.00170351 1.7325
60000.0 5.75 0.9432 -1.5827 1.5541 -0.5696 0.00184596 1.7563
3750.0 6.0 1.2105 -0.6999 0.2168 -0.0048 1.49961e-06 -4.2568
4000.0 6.0 1.4855 -1.4711 1.0386 -0.3129 1.96043e-06 -3.806
4250.0 6.0 1.6244 -1.8742 1.4794 -0.4807 2.62314e-06 -3.4092
4500.0 6.0 1.6951 -2.0632 1.6912 -0.5623 3.53828e-06 -3.0574
4750.0 6.0 1.6047 -1.7491 1.3408 -0.4259 4.74949e-06 -2.7438
5000.0 6.0 1.3594 -1.0695 0.6447 -0.1681 6.37218e-06 -2.4625
5250.0 6.0 0.9947 -0.1199 -0.2774 0.1603 8.2379e-06 -2.2091
5500.0 6.0 0.5237 1.0518 -1.3884 0.5437 1.03854e-05 -1.9798
5750.0 6.0 0.1201 1.9861 -2.2194 0.8114 1.28191e-05 -1.7715
6000.0 6.0 -0.11 2.4254 -2.5243 0.8824 1.55154e-05 -1.5816
6250.0 6.0 -0.2054 2.513 -2.4807 0.8314 1.84929e-05 -1.4078
6500.0 6.0 -0.2318 2.4349 -2.2852 0.7307 2.17687e-05 -1.2484
7000.0 6.0 -0.203 2.1243 -1.7822 0.4987 2.93135e-05 -0.9663
7500.0 6.0 -0.1485 1.8357 -1.3628 0.3075 3.83498e-05 -0.725
8000.0 6.0 -0.1424 1.8286 -1.3538 0.2917 4.90542e-05 -0.5167
8500.0 6.0 -0.1734 2.0879 -1.7628 0.4641 6.15094e-05 -0.3353
9000.0 6.0 -0.1151 2.1954 -2.1065 0.6429 7.56032e-05 -0.1763
9500.0 6.0 0.0648 1.8475 -1.8977 0.6099 9.05473e-05 -0.0359
10000.0 6.0 0.2874 1.1691 -1.1958 0.3738 0.000104792 0.0887
10500.0 6.0 0.4732 0.5275 -0.4945 0.1384 0.000116519 0.2
11000.0 6.0 0.5805 0.1922 -0.1327 0.0075 0.000128295 0.2999
11500.0 6.0 0.6248 0.098 -0.0744 -0.0055 0.000139791 0.39
12000.0 6.0 0.6585 0.0159 -0.0188 -0.0192 0.000151221 0.4716
12500.0 6.0 0.6798 -0.0494 0.0316 -0.0337 0.000162659 0.5458
13000.0 6.0 0.6914 -0.0967 0.0704 -0.0457 0.000174166 0.6135
13500.0 6.0 0.6967 -0.1305 0.0983 -0.0542 0.000185793 0.6755
14000.0 6.0 0.6984 -0.1559 0.1198 -0.0609 0.000197576 0.7325
14500.0 6.0 0.6982 -0.1763 0.1372 -0.0663 0.00020954 0.785
15000.0 6.0 0.6971 -0.1942 0.1531 -0.0714 0.000221696 0.8336
15500.0 6.0 0.6956 -0.2106 0.1677 -0.0761 0.000234056 0.8785
16000.0 6.0 0.6948 -0.2278 0.1836 -0.0813 0.000246627 0.9203
16500.0 6.0 0.6936 -0.2431 0.1976 -0.0858 0.000259416 0.9592
17000.0 6.0 0.6948 -0.2638 0.2174 -0.0925 0.000272431 0.9955
20000.0 6.0 0.7214 -0.4205 0.3724 -0.1467 0.000355681 1.1706
25000.0 6.0 0.8716 -0.872 0.8158 -0.3032 0.000519609 1.3594
30000.0 6.0 0.9031 -0.9766 0.8606 -0.3039 0.000744582 1.4792
35000.0 6.0 0.7529 -0.7768 0.652 -0.2251 0.00100543 1.5617
40000.0 6.0 0.6865 -0.7627 0.6725 -0.2394 0.00121261 1.6219
45000.0 6.0 0.6875 -0.8639 0.8027 -0.292 0.00138514 1.6676
50000.0 6.0 0.7171 -1.0056 0.9655 -0.3546 0.00154246 1.7035
55000.0 6.0 0.7582 -1.1533 1.1272 -0.4155 0.001687 1.7325
60000.0 6.0 0.8083 -1.3111 1.2946 -0.4774 0.00183456 1.7563
65000.0 6.0 0.5903 -0.6233 0.5813 -0.2177 0.0022694 1.7763
70000.0 6.0 0.6303 -0.7555 0.7242 -0.271 0.00242088 1.7932
75000.0 6.0 0.6749 -0.8892 0.8649 -0.3227 0.00257245 1.8078
80000.0 6.0 0.7213 -1.0192 0.9985 -0.3713 0.00272461 1.8204
85000.0 6.0 0.7684 -1.1436 1.1242 -0.4166 0.00287786 1.8315
90000.0 6.0 0.8149 -1.2601 1.2398 -0.4578 0.00303243 1.8413
100000.0 6.0 0.9016 -1.469 1.4463 -0.5318 0.0033495 1.8579
3750.0 6.25 1.2595 -0.822 0.3448 -0.0522 1.54971e-06 -4.2568
4000.0 6.25 1.5188 -1.5516 1.1238 -0.3448 2.00303e-06 -3.806
4250.0 6.25 1.6557 -1.9512 1.5599 -0.5108 2.65498e-06 -3.4092
4500.0 6.25 1.7161 -2.1229 1.7533 -0.5854 3.55643e-06 -3.0574
4750.0 6.25 1.6635 -1.9138 1.5128 -0.4901 4.75158e-06 -2.7438
5000.0 6.25 1.4224 -1.2352 0.7995 -0.2223 6.37211e-06 -2.4625
5250.0 6.25 1.1348 -0.4824 0.0693 0.0383 8.21412e-06 -2.2091
5500.0 6.25 0.701 0.6107 -0.9759 0.4032 1.0357e-05 -1.9798
5750.0 6.25 0.2712 1.6374 -1.9186 0.7174 1.27911e-05 -1.7715
6000.0 6.25 -0.0182 2.2487 -2.4098 0.8588 1.54834e-05 -1.5816
6250.0 6.25 -0.1533 2.4491 -2.487 0.8525 1.84494e-05 -1.4078
6500.0 6.25 -0.21 2.4663 -2.4016 0.7944 2.17023e-05 -1.2484
7000.0 6.25 -0.211 2.2537 -2.0166 0.6092 2.91647e-05 -0.9663
7500.0 6.25 -0.1734 2.0102 -1.6459 0.4366 3.806e-05 -0.725
8000.0 6.25 -0.162 1.9582 -1.5668 0.3904 4.85487e-05 -0.5167
8500.0 6.25 -0.1831 2.1432 -1.8599 0.5113 6.07364e-05 -0.3353
9000.0 6.25 -0.1457 2.28 -2.2079 0.684 7.45585e-05 -0.1763
9500.0 6.25 0.0233 1.9905 -2.0781 0.6816 8.94662e-05 -0.0359
10000.0 6.25 0.2014 1.5099 -1.6229 0.5366 0.00010414 0.0887
10500.0 6.25 0.393 0.8428 -0.8854 0.2822 0.000116488 0.2
11000.0 6.25 0.5532 0.2804 -0.2472 0.0538 0.000128117 0.2999
11500.0 6.25 0.6153 0.1072 -0.0796 -0.0045 0.000139751 0.39
12000.0 6.25 0.6502 0.0268 -0.0274 -0.0167 0.000151251 0.4716
12500.0 6.25 0.6755 -0.0434 0.0251 -0.0314 0.000162777 0.5458
13000.0 6.25 0.69 -0.0955 0.0672 -0.0441 0.000174348 0.6135
13500.0 6.25 0.6971 -0.1326 0.0981 -0.0537 0.000186022 0.6755
14000.0 6.25 0.6994 -0.1584 0.1192 -0.06 0.000197841 0.7325
14500.0 6.25 0.6999 -0.1808 0.1392 -0.0665 0.000209829 0.785
15000.0 6.25 0.699 -0.1987 0.1546 -0.0713 0.000222012 0.8336
15500.0 6.25 0.697 -0.2139 0.1681 -0.0756 0.000234394 0.8785
16000.0 6.25 0.6963 -0.2312 0.1839 -0.0807 0.000246985 0.9203
16500.0 6.25 0.6958 -0.2486 0.2005 -0.0863 0.000259795 0.9592
17000.0 6.25 0.6958 -0.2659 0.2165 -0.0915 0.00027283 0.9955
20000.0 6.25 0.7223 -0.4222 0.3713 -0.1457 0.000356139 1.1706
25000.0 6.25 0.8678 -0.8655 0.8075 -0.2997 0.000519989 1.3594
30000.0 6.25 0.9089 -0.9972 0.881 -0.3111 0.000744075 1.4792
35000.0 6.25 0.7183 -0.7053 0.581 -0.1993 0.00100223 1.5617
40000.0 6.25 0.6284 -0.6387 0.5498 -0.1949 0.00120708 1.6219
45000.0 6.25 0.6101 -0.6977 0.6386 -0.2325 0.00137714 1.6676
50000.0 6.25 0.6245 -0.8093 0.7731 -0.2852 0.00153533 1.7035
55000.0 6.25 0.6525 -0.9307 0.9096 -0.3371 0.00167956 1.7325
60000.0 6.25 0.6881 -1.0566 1.0462 -0.3882 0.00181652 1.7563
3750.0 6.5 1.3079 -0.9428 0.473 -0.1001 1.60322e-06 -4.2568
4000.0 6.5 1.5489 -1.6225 1.1994 -0.3733 2.05053e-06 -3.806
4250.0 6.5 1.6812 -2.0114 1.6232 -0.5345 2.6917e-06 -3.4092
4500.0 6.5 1.7346 -2.1723 1.8048 -0.6047 3.57961e-06 -3.0574
4750.0 6.5 1.7079 -2.036 1.6392 -0.5371 4.75785e-06 -2.7438
5000.0 6.5 1.4973 -1.4547 1.0298 -0.3086 6.3692e-06 -2.4625
5250.0 6.5 1.2501 -0.7876 0.3656 -0.0675 8.20868e-06 -2.2091
5500.0 6.5 0.8683 0.189 -0.5779 0.2659 1.03367e-05 -1.9798
5750.0 6.5 0.4337 1.2479 -1.567 0.6021 1.27698e-05 -1.7715
6000.0 6.5 0.0932 2.0123 -2.2281 0.8092 1.54621e-05 -1.5816
6250.0 6.5 -0.091 2.3487 -2.4478 0.8552 1.84249e-05 -1.4078
6500.0 6.5 -0.1676 2.4216 -2.4216 0.819 2.16618e-05 -1.2484
7000.0 6.5 -0.2022 2.3201 -2.1704 0.6871 2.90587e-05 -0.9663
7500.0 6.5 -0.1785 2.1257 -1.8633 0.5414 3.78282e-05 -0.725
8000.0 6.5 -0.1712 2.0703 -1.7711 0.4887 4.8116e-05 -0.5167
8500.0 6.5 -0.1835 2.1945 -1.9711 0.5687 6.00481e-05 -0.3353
9000.0 6.5 -0.1605 2.3355 -2.2917 0.7225 7.35828e-05 -0.1763
9500.0 6.5 -0.0109 2.1105 -2.2336 0.7457 8.83746e-05 -0.0359
10000.0 6.5 0.1699 1.6606 -1.8385 0.6259 0.000103262 0.0887
10500.0 6.5 0.3288 1.1282 -1.2517 0.4186 0.000116811 0.2
11000.0 6.5 0.4961 0.5107 -0.5485 0.1717 0.000128042 0.2999
11500.0 6.5 0.6027 0.1404 -0.1245 0.0145 0.000139657 0.39
12000.0 6.5 0.645 0.0291 -0.0279 -0.0169 0.000151266 0.4716
12500.0 6.5 0.6719 -0.0405 0.0216 -0.0299 0.000162845 0.5458
13000.0 6.5 0.6861 -0.088 0.0563 -0.0392 0.000174508 0.6135
13500.0 6.5 0.6992 -0.1378 0.0997 -0.0533 0.000186225 0.6755
14000.0 6.5 0.703 -0.167 0.1245 -0.061 0.000198084 0.7325
14500.0 6.5 0.7038 -0.189 0.1431 -0.0669 0.00021011 0.785
15000.0 6.5 0.7036 -0.2089 0.1611 -0.0728 0.000222318 0.8336
15500.0 6.5 0.7015 -0.2237 0.1742 -0.0769 0.000234728 0.8785
16000.0 6.5 0.7008 -0.241 0.1903 -0.0823 0.000247346 0.9203
16500.0 6.5 0.7001 -0.2573 0.2052 -0.087 0.000260183 0.9592
17000.0 6.5 0.6998 -0.2744 0.2214 -0.0925 0.000273245 0.9955
20000.0 6.5 0.7254 -0.428 0.3734 -0.1456 0.000356686 1.1706
25000.0 6.5 0.8679 -0.8661 0.8051 -0.2981 0.000520621 1.3594
30000.0 6.5 0.8998 -0.982 0.8647 -0.3048 0.000744304 1.4792
35000.0 6.5 0.6916 -0.6498 0.5254 -0.1788 0.000999978 1.5617
40000.0 6.5 0.583 -0.5397 0.4502 -0.1583 0.00120257 1.6219
45000.0 6.5 0.5497 -0.5655 0.5062 -0.1842 0.0013705 1.6676
50000.0 6.5 0.5493 -0.6439 0.608 -0.2251 0.00152545 1.7035
55000.0 6.5 0.5653 -0.7401 0.7205 -0.2685 0.00166632 1.7325
60000.0 6.5 0.5897 -0.8429 0.8351 -0.3117 0.00180018 1.7563
65000.0 6.5 0.3783 -0.1436 0.0934 -0.038 0.00221628 1.7763
70000.0 6.5 0.3844 -0.205 0.1698 -0.0682 0.0023565 1.7932
75000.0 6.5 0.3975 -0.2759 0.2526 -0.1001 0.00249569 1.8078
80000.0 6.5 0.4167 -0.3556 0.3423 -0.1341 0.00263443 1.8204
85000.0 6.5 0.4404 -0.4405 0.4354 -0.169 0.00277311 1.8315
90000.0 6.5 0.4668 -0.5266 0.5273 -0.203 0.00291213 1.8413
100000.0 6.5 0.5227 -0.6987 0.7091 -0.27 0.00319247 1.8579
3750.0 6.75 1.3556 -1.0613 0.5993 -0.1475 1.66012e-06 -4.2568
4000.0 6.75 1.5764 -1.6863 1.2681 -0.3994 2.10309e-06 -3.806
4250.0 6.75 1.7029 -2.0597 1.674 -0.5537 2.73332e-06 -3.4092
4500.0 6.75 1.7539 -2.2193 1.8534 -0.6228 3.60806e-06 -3.0574
4750.0 6.75 1.8064 -2.3162 1.9462 -0.655 4.77088e-06 -2.7438
5000.0 6.75 1.5349 -1.5635 1.1404 -0.3494 6.38032e-06 -2.4625
5250.0 6.75 1.3429 -1.0366 0.6098 -0.1554 8.19947e-06 -2.2091
5500.0 6.75 1.0064 -0.1622 -0.2459 0.1504 1.03227e-05 -1.9798
5750.0 6.75 0.5974 0.8483 -1.2007 0.4798 1.2753e-05 -1.7715
6000.0 6.75 0.2277 1.7024 -1.9613 0.7261 1.54494e-05 -1.5816
6250.0 6.75 -0.0041 2.1725 -2.3229 0.8251 1.84066e-05 -1.4078
6500.0 6.75 -0.1248 2.3681 -2.4257 0.8362 2.16364e-05 -1.2484
7000.0 6.75 -0.1901 2.3587 -2.2784 0.7442 2.89804e-05 -0.9663
7500.0 6.75 -0.1777 2.2095 -2.0337 0.6255 3.76389e-05 -0.725
8000.0 6.75 -0.1652 2.1406 -1.9313 0.5712 4.77546e-05 -0.5167
8500.0 6.75 -0.1751 2.2348 -2.0815 0.6289 5.94308e-05 -0.3353
9000.0 6.75 -0.1573 2.3563 -2.3524 0.7566 7.26871e-05 -0.1763
9500.0 6.75 -0.0316 2.196 -2.3564 0.7996 8.72837e-05 -0.0359
10000.0 6.75 0.1537 1.7551 -1.9869 0.691 0.000102301 0.0887
10500.0 6.75 0.298 1.3146 -1.5256 0.5307 0.00011663 0.2
11000.0 6.75 0.4385 0.7778 -0.8995 0.3042 0.000128473 0.2999
11500.0 6.75 0.5717 0.2725 -0.3098 0.0913 0.000139566 0.39
12000.0 6.75 0.6416 0.0341 -0.0395 -0.0108 0.000151211 0.4716
12500.0 6.75 0.672 -0.0481 0.0288 -0.0323 0.00016288 0.5458
13000.0 6.75 0.691 -0.1037 0.0701 -0.0437 0.000174569 0.6135
13500.0 6.75 0.7034 -0.1493 0.1077 -0.0552 0.000186383 0.6755
14000.0 6.75 0.7091 -0.1817 0.1348 -0.0636 0.000198291 0.7325
14500.0 6.75 0.7107 -0.2052 0.1552 -0.0701 0.000210351 0.785
15000.0 6.75 0.7105 -0.2246 0.1725 -0.0758 0.000222595 0.8336
15500.0 6.75 0.7093 -0.241 0.187 -0.0804 0.000235031 0.8785
16000.0 6.75 0.7081 -0.2569 0.2017 -0.0852 0.000247679 0.9203
16500.0 6.75 0.7074 -0.2731 0.2166 -0.0901 0.000260544 0.9592
17000.0 6.75 0.7072 -0.2903 0.2332 -0.0957 0.000273637 0.9955
20000.0 6.75 0.7313 -0.4395 0.3807 -0.1472 0.000357259 1.1706
25000.0 6.75 0.8697 -0.87 0.8057 -0.2975 0.00052142 1.3594
30000.0 6.75 0.881 -0.9423 0.8223 -0.2886 0.00074512 1.4792
35000.0 6.75 0.6724 -0.6106 0.4858 -0.1643 0.000998429 1.5617
40000.0 6.75 0.5499 -0.4675 0.3772 -0.1314 0.00119887 1.6219
45000.0 6.75 0.5034 -0.4629 0.403 -0.1463 0.00136478 1.6676
50000.0 6.75 0.4912 -0.5146 0.4778 -0.1774 0.0015175 1.7035
55000.0 6.75 0.4958 -0.588 0.5692 -0.2134 0.00165755 1.7325
60000.0 6.75 0.5118 -0.6704 0.6628 -0.249 0.00178598 1.7563
3750.0 7.0 1.4022 -1.176 0.7222 -0.1939 1.72029e-06 -4.2568
4000.0 7.0 1.6024 -1.7449 1.3313 -0.4235 2.16071e-06 -3.806
4250.0 7.0 1.7209 -2.0968 1.7131 -0.5684 2.78043e-06 -3.4092
4500.0 7.0 1.768 -2.2505 1.8853 -0.6347 3.6419e-06 -3.0574
4750.0 7.0 1.8169 -2.3758 2.0233 -0.6874 4.78927e-06 -2.7438
5000.0 7.0 1.5661 -1.6554 1.2351 -0.3845 6.39434e-06 -2.4625
5250.0 7.0 1.3944 -1.1849 0.7577 -0.2095 8.2036e-06 -2.2091
5500.0 7.0 1.1346 -0.4929 0.071 0.0389 1.03212e-05 -1.9798
5750.0 7.0 0.7534 0.4624 -0.8425 0.3581 1.27419e-05 -1.7715
6000.0 7.0 0.3745 1.3555 -1.6537 0.6271 1.54418e-05 -1.5816
6250.0 7.0 0.0981 1.9521 -2.1488 0.776 1.84041e-05 -1.4078
6500.0 7.0 -0.0598 2.2455 -2.3506 0.8227 2.16292e-05 -1.2484
7000.0 7.0 -0.1664 2.3486 -2.3208 0.7735 2.89397e-05 -0.9663
7500.0 7.0 -0.1634 2.2366 -2.1274 0.6775 3.7509e-05 -0.725
8000.0 7.0 -0.1538 2.1848 -2.054 0.6375 4.74628e-05 -0.5167
8500.0 7.0 -0.1528 2.2399 -2.1578 0.6777 5.89088e-05 -0.3353
9000.0 7.0 -0.1337 2.3327 -2.3772 0.7812 7.18925e-05 -0.1763
9500.0 7.0 -0.0318 2.2284 -2.4279 0.8368 8.62376e-05 -0.0359
10000.0 7.0 0.1519 1.807 -2.0883 0.7398 0.0001013 0.0887
10500.0 7.0 0.3019 1.3788 -1.6614 0.5944 0.000115919 0.2
11000.0 7.0 0.4142 0.9633 -1.177 0.4159 0.000129217 0.2999
11500.0 7.0 0.5287 0.4915 -0.6148 0.2121 0.000139895 0.39
12000.0 7.0 0.6302 0.0968 -0.1417 0.0348 0.000151146 0.4716
12500.0 7.0 0.6766 -0.0637 0.0388 -0.0341 0.000162872 0.5458
13000.0 7.0 0.6975 -0.1261 0.091 -0.0507 0.000174649 0.6135
13500.0 7.0 0.7102 -0.1692 0.1241 -0.0602 0.000186455 0.6755
14000.0 7.0 0.7184 -0.2055 0.1548 -0.0698 0.000198454 0.7325
14500.0 7.0 0.72 -0.228 0.1733 -0.0753 0.000210585 0.785
15000.0 7.0 0.7197 -0.246 0.189 -0.0803 0.000222866 0.8336
15500.0 7.0 0.7203 -0.2667 0.2084 -0.0869 0.000235328 0.8785
16000.0 7.0 0.719 -0.2818 0.222 -0.0913 0.000248006 0.9203
16500.0 7.0 0.7184 -0.2982 0.2373 -0.0964 0.000260902 0.9592
17000.0 7.0 0.717 -0.3123 0.2508 -0.1009 0.000274031 0.9955
20000.0 7.0 0.7418 -0.4627 0.3999 -0.1531 0.000357855 1.1706
25000.0 7.0 0.8752 -0.8826 0.8148 -0.2999 0.000522391 1.3594
30000.0 7.0 0.8894 -0.9666 0.8458 -0.2969 0.000746193 1.4792
35000.0 7.0 0.6564 -0.5776 0.4518 -0.1515 0.000997509 1.5617
40000.0 7.0 0.5242 -0.4114 0.3201 -0.1103 0.00119588 1.6219
45000.0 7.0 0.4693 -0.3873 0.3263 -0.118 0.00135998 1.6676
50000.0 7.0 0.4476 -0.4173 0.3798 -0.1415 0.00151011 1.7035
55000.0 7.0 0.4449 -0.4707 0.4498 -0.1695 0.00164421 1.7325
60000.0 7.0 0.4518 -0.5353 0.527 -0.1994 0.00177216 1.7563
65000.0 7.0 0.2637 0.131 -0.193 0.0689 0.00217939 1.7763
70000.0 7.0 0.2442 0.1289 -0.1757 0.0601 0.00231143 1.7932
75000.0 7.0 0.2325 0.1135 -0.1471 0.0476 0.00244172 1.8078
80000.0 7.0 0.2271 0.088 -0.1103 0.0325 0.00257093 1.8204
85000.0 7.0 0.2271 0.0537 -0.0657 0.0146 0.00269962 1.8315
90000.0 7.0 0.2314 0.0133 -0.0167 -0.0044 0.00282797 1.8413
100000.0 7.0 0.2441 -0.0707 0.0822 -0.0424 0.00308514 1.8579
3750.0 7.25 1.4473 -1.2862 0.8408 -0.2387 1.78291e-06 -4.2568
4000.0 7.25 1.6273 -1.8007 1.3921 -0.4467 2.22319e-06 -3.806
4250.0 7.25 1.7366 -2.1269 1.745 -0.5805 2.83323e-06 -3.4092
4500.0 7.25 1.7811 -2.277 1.9124 -0.6447 3.68163e-06 -3.0574
4750.0 7.25 1.8032 -2.3472 1.995 -0.6772 4.81176e-06 -2.7438
5000.0 7.25 1.6 -1.7482 1.3303 -0.4196 6.41237e-06 -2.4625
5250.0 7.25 1.4532 -1.3459 0.9194 -0.2684 8.22297e-06 -2.2091
5500.0 7.25 1.2209 -0.7244 0.2965 -0.0419 1.03262e-05 -1.9798
5750.0 7.25 0.8953 0.1055 -0.5067 0.2422 1.27418e-05 -1.7715
6000.0 7.25 0.5263 0.9914 -1.3251 0.5189 1.54422e-05 -1.5816
6250.0 7.25 0.2177 1.6828 -1.9239 0.7082 1.84081e-05 -1.4078
6500.0 7.25 0.0163 2.0937 -2.2457 0.7986 2.16355e-05 -1.2484
7000.0 7.25 -0.1424 2.3302 -2.3468 0.795 2.89274e-05 -0.9663
7500.0 7.25 -0.1502 2.2501 -2.1908 0.714 3.74252e-05 -0.725
8000.0 7.25 -0.1368 2.1951 -2.1237 0.6797 4.72245e-05 -0.5167
8500.0 7.25 -0.1292 2.2337 -2.2143 0.717 5.84498e-05 -0.3353
9000.0 7.25 -0.1011 2.288 -2.3827 0.7994 7.11608e-05 -0.1763
9500.0 7.25 -0.0065 2.1928 -2.4308 0.8502 8.52598e-05 -0.0359
10000.0 7.25 0.1664 1.8136 -2.1416 0.7718 0.000100245 0.0887
10500.0 7.25 0.3258 1.374 -1.7159 0.6283 0.000115068 0.2
11000.0 7.25 0.4337 1.013 -1.3152 0.4826 0.000129117 0.2999
11500.0 7.25 0.519 0.6389 -0.852 0.3079 0.000140949 0.39
12000.0 7.25 0.6096 0.2439 -0.3715 0.1319 0.000151344 0.4716
12500.0 7.25 0.6809 -0.049 -0.0098 -0.008 0.000162784 0.5458
13000.0 7.25 0.7109 -0.1631 0.1219 -0.0597 0.000174629 0.6135
13500.0 7.25 0.7235 -0.2083 0.1617 -0.0731 0.000186537 0.6755
14000.0 7.25 0.7301 -0.2385 0.185 -0.0798 0.000198539 0.7325
14500.0 7.25 0.7348 -0.266 0.208 -0.0869 0.000210734 0.785
15000.0 7.25 0.7366 -0.2881 0.2273 -0.0931 0.000223043 0.8336
15500.0 7.25 0.7347 -0.3019 0.2396 -0.0971 0.000235547 0.8785
16000.0 7.25 0.7331 -0.3158 0.2518 -0.1009 0.000248257 0.9203
16500.0 7.25 0.7317 -0.3299 0.265 -0.1053 0.000261182 0.9592
17000.0 7.25 0.732 -0.3474 0.2817 -0.1109 0.000274331 0.9955
20000.0 7.25 0.7539 -0.49 0.4234 -0.1607 0.000358367 1.1706
25000.0 7.25 0.8822 -0.899 0.8281 -0.3038 0.00052338 1.3594
30000.0 7.25 0.8867 -0.9646 0.8421 -0.2949 0.000747566 1.4792
35000.0 7.25 0.6495 -0.5664 0.4405 -0.1472 0.000996837 1.5617
40000.0 7.25 0.5087 -0.3784 0.2865 -0.0978 0.00119322 1.6219
45000.0 7.25 0.4449 -0.333 0.2708 -0.0975 0.0013556 1.6676
50000.0 7.25 0.4162 -0.3455 0.3063 -0.1143 0.0015025 1.7035
55000.0 7.25 0.4069 -0.3845 0.3624 -0.1373 0.00163496 1.7325
60000.0 7.25 0.4074 -0.435 0.4256 -0.1621 0.00176271 1.7563
3750.0 7.5 1.4871 -1.3815 0.9437 -0.2778 1.84846e-06 -4.2568
4000.0 7.5 1.6502 -1.8507 1.447 -0.4679 2.29071e-06 -3.806
4250.0 7.5 1.7502 -2.1513 1.7715 -0.5908 2.89237e-06 -3.4092
4500.0 7.5 1.7921 -2.2958 1.9316 -0.6519 3.72788e-06 -3.0574
4750.0 7.5 1.8095 -2.3604 2.0079 -0.682 4.84067e-06 -2.7438
5000.0 7.5 1.6335 -1.8357 1.4203 -0.453 6.44258e-06 -2.4625
5250.0 7.5 1.4847 -1.4373 1.0123 -0.3025 8.24782e-06 -2.2091
5500.0 7.5 1.2991 -0.9338 0.5027 -0.1161 1.0346e-05 -1.9798
5750.0 7.5 1.0153 -0.202 -0.2137 0.1395 1.2748e-05 -1.7715
6000.0 7.5 0.6743 0.6298 -0.993 0.4072 1.54536e-05 -1.5816
6250.0 7.5 0.3526 1.3703 -1.6521 0.6222 1.8425e-05 -1.4078
6500.0 7.5 0.1116 1.8899 -2.0869 0.7547 2.16597e-05 -1.2484
7000.0 7.5 -0.1084 2.279 -2.3338 0.8011 2.89349e-05 -0.9663
7500.0 7.5 -0.1387 2.2533 -2.2297 0.738 3.73886e-05 -0.725
8000.0 7.5 -0.1196 2.1871 -2.1578 0.7046 4.70659e-05 -0.5167
8500.0 7.5 -0.1012 2.1996 -2.2273 0.7366 5.8091e-05 -0.3353
9000.0 7.5 -0.062 2.2198 -2.3582 0.8053 7.05456e-05 -0.1763
9500.0 7.5 0.0298 2.1263 -2.4018 0.8526 8.43535e-05 -0.0359
10000.0 7.5 0.2015 1.7587 -2.1279 0.7795 9.92237e-05 0.0887
10500.0 7.5 0.3711 1.2991 -1.6882 0.6312 0.000114197 0.2
11000.0 7.5 0.4859 0.9418 -1.3096 0.4958 0.000128512 0.2999
11500.0 7.5 0.5618 0.6366 -0.9394 0.3555 0.000141849 0.39
12000.0 7.5 0.62 0.3326 -0.5485 0.2073 0.000152432 0.4716
12500.0 7.5 0.6847 0.0219 -0.1572 0.0608 0.000162937 0.5458
13000.0 7.5 0.7311 -0.1928 0.1206 -0.0507 0.000174564 0.6135
13500.0 7.5 0.746 -0.2671 0.2125 -0.0886 0.000186554 0.6755
14000.0 7.5 0.7504 -0.2951 0.2394 -0.0985 0.000198645 0.7325
14500.0 7.5 0.7514 -0.3121 0.252 -0.1021 0.000210811 0.785
15000.0 7.5 0.7513 -0.3265 0.2614 -0.1042 0.000223058 0.8336
15500.0 7.5 0.7466 -0.3323 0.2657 -0.1052 0.000235799 0.8785
16000.0 7.5 0.744 -0.3436 0.2757 -0.1084 0.000248544 0.9203
16500.0 7.5 0.7444 -0.3613 0.2925 -0.1141 0.000261489 0.9592
17000.0 7.5 0.7444 -0.3778 0.3081 -0.1193 0.000274666 0.9955
20000.0 7.5 0.768 -0.5226 0.4521 -0.17 0.000358897 1.1706
25000.0 7.5 0.8944 -0.9282 0.8544 -0.3125 0.000524497 1.3594
30000.0 7.5 0.8854 -0.9664 0.8428 -0.2948 0.000749286 1.4792
35000.0 7.5 0.6407 -0.5504 0.4244 -0.1412 0.000996653 1.5617
40000.0 7.5 0.4964 -0.3529 0.2605 -0.0881 0.00119111 1.6219
45000.0 7.5 0.4249 -0.2882 0.2249 -0.0804 0.00135197 1.6676
50000.0 7.5 0.3934 -0.294 0.2537 -0.0947 0.0014972 1.7035
55000.0 7.5 0.3788 -0.3203 0.2966 -0.1129 0.00162865 1.7325
60000.0 7.5 0.3741 -0.3575 0.3463 -0.1328 0.00175143 1.7563
65000.0 7.5 0.1072 0.3603 -0.3946 0.1394 0.0020148 1.7763
70000.0 7.5 0.0794 0.381 -0.403 0.1406 0.00213532 1.7932
75000.0 7.5 0.0579 0.3917 -0.4035 0.1394 0.00225305 1.8078
80000.0 7.5 0.0416 0.3949 -0.3977 0.136 0.00236866 1.8204
85000.0 7.5 0.03 0.3908 -0.3858 0.1306 0.00248402 1.8315
90000.0 7.5 0.0223 0.3801 -0.3679 0.1232 0.00259837 1.8413
100000.0 7.5 0.0095 0.3584 -0.334 0.1092 0.00282636 1.8579
3750.0 7.75 1.5287 -1.481 1.0516 -0.3189 1.91659e-06 -4.2568
4000.0 7.75 1.6726 -1.8991 1.5003 -0.4884 2.36324e-06 -3.806
4250.0 7.75 1.7619 -2.1697 1.7917 -0.5986 2.95794e-06 -3.4092
4500.0 7.75 1.8013 -2.3085 1.9446 -0.6569 3.78115e-06 -3.0574
4750.0 7.75 1.8168 -2.3731 2.0202 -0.6865 4.87659e-06 -2.7438
5000.0 7.75 1.6715 -1.9303 1.5175 -0.4891 6.47656e-06 -2.4625
5250.0 7.75 1.5045 -1.4957 1.0719 -0.3246 8.27669e-06 -2.2091
5500.0 7.75 1.3437 -1.0606 0.6295 -0.1623 1.03773e-05 -1.9798
5750.0 7.75 1.1128 -0.4555 0.0307 0.0529 1.278e-05 -1.7715
6000.0 7.75 0.8106 0.2925 -0.6791 0.2999 1.54755e-05 -1.5816
6250.0 7.75 0.4947 1.0327 -1.3495 0.523 1.84541e-05 -1.4078
6500.0 7.75 0.2294 1.6218 -1.8585 0.6841 2.16928e-05 -1.2484
7000.0 7.75 -0.0624 2.1957 -2.2878 0.7953 2.89713e-05 -0.9663
7500.0 7.75 -0.117 2.22 -2.2226 0.7432 3.73794e-05 -0.725
8000.0 7.75 -0.1052 2.1705 -2.1676 0.7164 4.69685e-05 -0.5167
8500.0 7.75 -0.0807 2.1686 -2.2269 0.7467 5.78173e-05 -0.3353
9000.0 7.75 -0.0346 2.1713 -2.3426 0.8111 7.00077e-05 -0.1763
9500.0 7.75 0.0758 2.0247 -2.3285 0.8369 8.3559e-05 -0.0359
10000.0 7.75 0.2443 1.6772 -2.0814 0.7742 9.82118e-05 0.0887
10500.0 7.75 0.4272 1.1891 -1.6186 0.6181 0.000113267 0.2
11000.0 7.75 0.5584 0.7928 -1.2068 0.4711 0.00012781 0.2999
11500.0 7.75 0.6431 0.4951 -0.8658 0.3438 0.000141689 0.39
12000.0 7.75 0.6886 0.2561 -0.5523 0.2219 0.000154047 0.4716
12500.0 7.75 0.7211 0.0321 -0.2514 0.1073 0.000163983 0.5458
13000.0 7.75 0.7607 -0.1989 0.0556 -0.0112 0.000174686 0.6135
13500.0 7.75 0.7838 -0.3438 0.2587 -0.0962 0.000186489 0.6755
14000.0 7.75 0.785 -0.3853 0.3215 -0.1249 0.000198642 0.7325
14500.0 7.75 0.779 -0.3877 0.3252 -0.1272 0.000210939 0.785
15000.0 7.75 0.7737 -0.388 0.3214 -0.1252 0.000223295 0.8336
15500.0 7.75 0.7709 -0.3957 0.3265 -0.1263 0.000235854 0.8785
16000.0 7.75 0.7703 -0.4099 0.3393 -0.1305 0.000248753 0.9203
16500.0 7.75 0.7684 -0.4214 0.3499 -0.134 0.000261737 0.9592
17000.0 7.75 0.7693 -0.439 0.3663 -0.1395 0.000274932 0.9955
20000.0 7.75 0.787 -0.5682 0.4949 -0.1847 0.000359382 1.1706
25000.0 7.75 0.9035 -0.9508 0.8745 -0.319 0.00052572 1.3594
30000.0 7.75 0.8859 -0.9722 0.8475 -0.296 0.00075125 1.4792
35000.0 7.75 0.6362 -0.545 0.4195 -0.1394 0.000996733 1.5617
40000.0 7.75 0.4886 -0.3378 0.245 -0.0822 0.00118937 1.6219
45000.0 7.75 0.416 -0.2692 0.2052 -0.0729 0.00134877 1.6676
50000.0 7.75 0.3778 -0.2577 0.2161 -0.0807 0.00149112 1.7035
55000.0 7.75 0.3587 -0.2725 0.247 -0.0944 0.00161962 1.7325
60000.0 7.75 0.3497 -0.3009 0.2879 -0.111 0.00174436 1.7563
65000.0 7.75 0.228 0.2322 -0.3089 0.1146 0.0021406 1.7763
70000.0 7.75 0.1912 0.2744 -0.3375 0.1227 0.00226433 1.7932
75000.0 7.75 0.161 0.3051 -0.3563 0.1275 0.00238494 1.8078
80000.0 7.75 0.1362 0.3272 -0.3679 0.1302 0.00250347 1.8204
85000.0 7.75 0.116 0.342 -0.3735 0.1308 0.00262148 1.8315
90000.0 7.75 0.0997 0.3502 -0.3735 0.1296 0.00273834 1.8413
100000.0 7.75 0.0709 0.3626 -0.3708 0.1264 0.00297086 1.8579
3750.0 8.0 1.5723 -1.5859 1.1659 -0.3626 1.99165e-06 -4.2568
4000.0 8.0 1.6935 -1.9432 1.5493 -0.5075 2.4407e-06 -3.806
4250.0 8.0 1.7726 -2.1856 1.8097 -0.6058 3.02996e-06 -3.4092
4500.0 8.0 1.8111 -2.3223 1.9596 -0.6627 3.84142e-06 -3.0574
4750.0 8.0 1.8221 -2.3783 2.0252 -0.6885 4.92023e-06 -2.7438
5000.0 8.0 1.7172 -2.0436 1.6355 -0.5331 6.51617e-06 -2.4625
5250.0 8.0 1.5393 -1.5851 1.1619 -0.3574 8.31838e-06 -2.2091
5500.0 8.0 1.3938 -1.1958 0.7655 -0.2118 1.04199e-05 -1.9798
5750.0 8.0 1.2 -0.6804 0.248 -0.024 1.28221e-05 -1.7715
6000.0 8.0 0.9286 -0.0031 -0.4013 0.2037 1.55144e-05 -1.5816
6250.0 8.0 0.6351 0.6923 -1.038 0.4186 1.84948e-05 -1.4078
6500.0 8.0 0.3584 1.3227 -1.5975 0.6012 2.1741e-05 -1.2484
7000.0 8.0 -0.0055 2.0874 -2.2194 0.7823 2.9027e-05 -0.9663
7500.0 8.0 -0.0924 2.1772 -2.2036 0.7436 3.74152e-05 -0.725
8000.0 8.0 -0.103 2.1775 -2.1923 0.7307 4.69193e-05 -0.5167
8500.0 8.0 -0.065 2.1339 -2.2066 0.7451 5.76245e-05 -0.3353
9000.0 8.0 -0.0094 2.1108 -2.2974 0.8015 6.95871e-05 -0.1763
9500.0 8.0 0.1102 1.9437 -2.2662 0.8223 8.28682e-05 -0.0359
10000.0 8.0 0.2909 1.5734 -2.002 0.7547 9.72871e-05 0.0887
10500.0 8.0 0.4887 1.0575 -1.5193 0.5928 0.000112348 0.2
11000.0 8.0 0.6363 0.6174 -1.0663 0.4309 0.000127058 0.2999
11500.0 8.0 0.7391 0.2826 -0.6983 0.295 0.000141192 0.39
12000.0 8.0 0.7982 0.0381 -0.3972 0.1789 0.000154639 0.4716
12500.0 8.0 0.8149 -0.1246 -0.1627 0.0858 0.000166009 0.5458
13000.0 8.0 0.8238 -0.2701 0.0492 0.004 0.000175747 0.6135
13500.0 8.0 0.8366 -0.4171 0.2651 -0.0824 0.000186644 0.6755
14000.0 8.0 0.8403 -0.5064 0.4098 -0.1466 0.000198617 0.7325
14500.0 8.0 0.8273 -0.5127 0.4403 -0.1647 0.000210949 0.785
15000.0 8.0 0.8117 -0.4921 0.4244 -0.161 0.000223481 0.8336
15500.0 8.0 0.7989 -0.4717 0.4014 -0.1527 0.00023591 0.8785
16000.0 8.0 0.7921 -0.4683 0.3955 -0.15 0.000248836 0.9203
16500.0 8.0 0.7748 -0.442 0.3675 -0.1393 0.000262061 0.9592
17000.0 8.0 0.7886 -0.4887 0.4133 -0.1556 0.000275237 0.9955
20000.0 8.0 0.8012 -0.6038 0.5278 -0.1957 0.000359897 1.1706
25000.0 8.0 0.9154 -0.9805 0.9021 -0.3284 0.000527003 1.3594
30000.0 8.0 0.8853 -0.9758 0.8502 -0.2966 0.000753473 1.4792
35000.0 8.0 0.6323 -0.5406 0.4157 -0.1379 0.000997091 1.5617
40000.0 8.0 0.4832 -0.3283 0.2358 -0.0788 0.00118798 1.6219
45000.0 8.0 0.4083 -0.253 0.1885 -0.0666 0.00134607 1.6676
50000.0 8.0 0.3668 -0.2323 0.1894 -0.0705 0.00148709 1.7035
55000.0 8.0 0.345 -0.2405 0.2137 -0.0819 0.00161439 1.7325
60000.0 8.0 0.3332 -0.2616 0.2474 -0.096 0.00173602 1.7563
3750.0 8.25 1.6053 -1.6601 1.2469 -0.3937 2.06778e-06 -4.2568
4000.0 8.25 1.7127 -1.9826 1.5939 -0.525 2.52352e-06 -3.806
4250.0 8.25 1.7822 -2.1982 1.8245 -0.6118 3.1086e-06 -3.4092
4500.0 8.25 1.8188 -2.3294 1.9674 -0.6659 3.90913e-06 -3.0574
4750.0 8.25 1.8229 -2.3708 2.0171 -0.6855 4.97283e-06 -2.7438
5000.0 8.25 1.7734 -2.1841 1.784 -0.5891 6.55898e-06 -2.4625
5250.0 8.25 1.5655 -1.648 1.224 -0.3798 8.36944e-06 -2.2091
5500.0 8.25 1.4243 -1.2803 0.8511 -0.2432 1.04747e-05 -1.9798
5750.0 8.25 1.2441 -0.8076 0.377 -0.0714 1.28796e-05 -1.7715
6000.0 8.25 1.0265 -0.2509 -0.1661 0.1215 1.55721e-05 -1.5816
6250.0 8.25 0.7619 0.3815 -0.7505 0.3207 1.85512e-05 -1.4078
6500.0 8.25 0.4931 1.0044 -1.3126 0.5079 2.18039e-05 -1.2484
7000.0 8.25 0.0721 1.9262 -2.0993 0.7513 2.91068e-05 -0.9663
7500.0 8.25 -0.0636 2.125 -2.1759 0.7411 3.74829e-05 -0.725
8000.0 8.25 -0.0768 2.1111 -2.1333 0.7131 4.69313e-05 -0.5167
8500.0 8.25 -0.0507 2.0899 -2.1639 0.7318 5.74998e-05 -0.3353
9000.0 8.25 0.0055 2.0621 -2.2487 0.7861 6.92612e-05 -0.1763
9500.0 8.25 0.128 1.8924 -2.2199 0.8093 8.22819e-05 -0.0359
10000.0 8.25 0.3212 1.5022 -1.9454 0.7404 9.64468e-05 0.0887
10500.0 8.25 0.5376 0.9541 -1.4424 0.5741 0.000111396 0.2
11000.0 8.25 0.7108 0.4432 -0.9183 0.3862 0.000126304 0.2999
11500.0 8.25 0.832 0.0605 -0.5064 0.2349 0.000140613 0.39
12000.0 8.25 0.912 -0.2253 -0.1744 0.1085 0.00015446 0.4716
12500.0 8.25 0.9423 -0.4003 0.0616 0.0145 0.000167454 0.5458
13000.0 8.25 0.9352 -0.4899 0.2135 -0.0474 0.000178066 0.6135
13500.0 8.25 0.9233 -0.5638 0.3428 -0.0983 0.000187808 0.6755
14000.0 8.25 0.9153 -0.6428 0.4825 -0.157 0.000198845 0.7325
14500.0 8.25 0.8996 -0.6767 0.569 -0.2 0.000210946 0.785
15000.0 8.25 0.8733 -0.65 0.57 -0.2084 0.000223482 0.8336
15500.0 8.25 0.8469 -0.6022 0.5298 -0.1972 0.000236142 0.8785
16000.0 8.25 0.8268 -0.5643 0.4906 -0.1835 0.00024871 0.9203
16500.0 8.25 0.815 -0.544 0.4669 -0.1743 0.000261967 0.9592
17000.0 8.25 0.8093 -0.544 0.4665 -0.1739 0.000275588 0.9955
20000.0 8.25 0.8217 -0.6553 0.5771 -0.2129 0.000360373 1.1706
25000.0 8.25 0.9228 -1.0004 0.9203 -0.3343 0.000528367 1.3594
30000.0 8.25 0.8849 -0.9795 0.8531 -0.2973 0.000755872 1.4792
35000.0 8.25 0.63 -0.5404 0.4162 -0.1381 0.000997621 1.5617
40000.0 8.25 0.4724 -0.3061 0.2139 -0.0707 0.00118693 1.6219
45000.0 8.25 0.4039 -0.2443 0.1797 -0.0633 0.00134373 1.6676
50000.0 8.25 0.3609 -0.2192 0.1759 -0.0655 0.0014828 1.7035
55000.0 8.25 0.336 -0.2192 0.1915 -0.0736 0.00160979 1.7325
60000.0 8.25 0.3219 -0.2332 0.2173 -0.0847 0.00172822 1.7563
65000.0 8.25 0.2484 0.1911 -0.2712 0.1018 0.00212132 1.7763
70000.0 8.25 0.2091 0.2421 -0.3104 0.1141 0.00224142 1.7932
75000.0 8.25 0.1759 0.2832 -0.3411 0.1236 0.00235846 1.8078
80000.0 8.25 0.1478 0.3154 -0.3635 0.1302 0.00247297 1.8204
85000.0 8.25 0.1233 0.3424 -0.3824 0.1359 0.00258546 1.8315
90000.0 8.25 0.1021 0.3643 -0.3969 0.1401 0.00269736 1.8413
100000.0 8.25 0.0634 0.4038 -0.4232 0.1478 0.00291856 1.8579
3750.0 8.5 1.6424 -1.7457 1.3404 -0.4295 2.14905e-06 -4.2568
4000.0 8.5 1.7307 -2.0182 1.6342 -0.5408 2.61225e-06 -3.806
4250.0 8.5 1.7904 -2.2072 1.8357 -0.6165 3.19441e-06 -3.4092
4500.0 8.5 1.8248 -2.3315 1.9703 -0.6672 3.98524e-06 -3.0574
4750.0 8.5 1.8274 -2.3708 2.0169 -0.6855 5.03361e-06 -2.7438
5000.0 8.5 1.7529 -2.1091 1.6955 -0.554 6.60112e-06 -2.4625
5250.0 8.5 1.6012 -1.731 1.3065 -0.4099 8.42284e-06 -2.2091
5500.0 8.5 1.4514 -1.3495 0.9196 -0.2681 1.05391e-05 -1.9798
5750.0 8.5 1.3072 -0.9698 0.5372 -0.1288 1.29541e-05 -1.7715
6000.0 8.5 1.1087 -0.4596 0.034 0.0511 1.56535e-05 -1.5816
6250.0 8.5 0.8717 0.1112 -0.4989 0.2342 1.8636e-05 -1.4078
6500.0 8.5 0.6245 0.6891 -1.0254 0.4118 2.18895e-05 -1.2484
7000.0 8.5 0.1689 1.7158 -1.9302 0.7028 2.92055e-05 -0.9663
7500.0 8.5 -0.0286 2.0629 -2.1435 0.7383 3.75794e-05 -0.725
8000.0 8.5 -0.0588 2.0686 -2.0991 0.7043 4.69912e-05 -0.5167
8500.0 8.5 -0.0359 2.0379 -2.106 0.7112 5.74501e-05 -0.3353
9000.0 8.5 0.0139 2.0173 -2.1908 0.7638 6.90303e-05 -0.1763
9500.0 8.5 0.1323 1.8609 -2.1781 0.7935 8.18113e-05 -0.0359
10000.0 8.5 0.3274 1.4827 -1.9291 0.7372 9.57169e-05 0.0887
10500.0 8.5 0.5664 0.8958 -1.4026 0.5661 0.000110517 0.2
11000.0 8.5 0.7649 0.3241 -0.8236 0.36 0.000125513 0.2999
11500.0 8.5 0.9107 -0.1329 -0.334 0.1796 0.000140046 0.39
12000.0 8.5 1.0126 -0.4729 0.0467 0.0363 0.000154094 0.4716
12500.0 8.5 1.065 -0.693 0.3191 -0.0705 0.000167732 0.5458
13000.0 8.5 1.0695 -0.7965 0.4796 -0.1364 0.000180295 0.6135
13500.0 8.5 1.0438 -0.8228 0.5572 -0.17 0.000190466 0.6755
14000.0 8.5 1.0157 -0.8378 0.6178 -0.1954 0.000200253 0.7325
14500.0 8.5 0.9897 -0.8558 0.6876 -0.2277 0.000211304 0.785
15000.0 8.5 0.9596 -0.8481 0.7299 -0.2541 0.00022356 0.8336
15500.0 8.5 0.9223 -0.7933 0.7044 -0.2535 0.000236312 0.8785
16000.0 8.5 0.8855 -0.7205 0.6435 -0.236 0.000249307 0.9203
16500.0 8.5 0.8568 -0.659 0.583 -0.2155 0.00026234 0.9592
17000.0 8.5 0.8402 -0.6269 0.5485 -0.2029 0.000275674 0.9955
20000.0 8.5 0.8426 -0.7084 0.6285 -0.2308 0.000360904 1.1706
25000.0 8.5 0.9379 -1.0374 0.9551 -0.3463 0.000529768 1.3594
30000.0 8.5 0.8786 -0.9705 0.8438 -0.2938 0.000758542 1.4792
35000.0 8.5 0.6282 -0.5411 0.4184 -0.1392 0.000998353 1.5617
40000.0 8.5 0.4823 -0.3318 0.2401 -0.0803 0.0011859 1.6219
45000.0 8.5 0.4015 -0.2399 0.175 -0.0614 0.0013418 1.6676
50000.0 8.5 0.3577 -0.2102 0.1655 -0.0613 0.00147762 1.7035
55000.0 8.5 0.3314 -0.2067 0.1774 -0.068 0.00160336 1.7325
60000.0 8.5 0.3138 -0.2144 0.1978 -0.0773 0.00172426 1.7563
65000.0 8.5 0.2633 0.1588 -0.2397 0.0905 0.00211391 1.7763
70000.0 8.5 0.2247 0.2098 -0.2795 0.1032 0.00223224 1.7932
75000.0 8.5 0.1915 0.2519 -0.3115 0.1132 0.00234761 1.8078
80000.0 8.5 0.163 0.2862 -0.3368 0.121 0.0024607 1.8204
85000.0 8.5 0.1381 0.3154 -0.3583 0.1277 0.00257219 1.8315
90000.0 8.5 0.1165 0.3393 -0.3752 0.1329 0.00268233 1.8413
100000.0 8.5 0.0764 0.384 -0.4074 0.1428 0.00289997 1.8579
3750.0 8.75 1.6763 -1.8214 1.4239 -0.4618 2.23627e-06 -4.2568
4000.0 8.75 1.7477 -2.0507 1.6715 -0.5556 2.70736e-06 -3.806
4250.0 8.75 1.7977 -2.2127 1.8432 -0.6197 3.28758e-06 -3.4092
4500.0 8.75 1.8292 -2.3292 1.9687 -0.667 4.06969e-06 -3.0574
4750.0 8.75 1.8346 -2.3759 2.0224 -0.6878 5.10298e-06 -2.7438
5000.0 8.75 1.8181 -2.2712 1.8683 -0.6195 6.64947e-06 -2.4625
5250.0 8.75 1.6403 -1.8209 1.397 -0.4431 8.47779e-06 -2.2091
5500.0 8.75 1.4806 -1.4187 0.9866 -0.292 1.06126e-05 -1.9798
5750.0 8.75 1.3272 -1.0285 0.5975 -0.1515 1.30395e-05 -1.7715
6000.0 8.75 1.1549 -0.5885 0.1641 0.0035 1.57515e-05 -1.5816
6250.0 8.75 0.9592 -0.1082 -0.2916 0.162 1.87406e-05 -1.4078
6500.0 8.75 0.7424 0.4027 -0.7606 0.3215 2.20027e-05 -1.2484
7000.0 8.75 0.2791 1.472 -1.7288 0.6427 2.93286e-05 -0.9663
7500.0 8.75 0.0279 1.9489 -2.0626 0.7193 3.77135e-05 -0.725
8000.0 8.75 -0.0323 2.007 -2.048 0.6901 4.70844e-05 -0.5167
8500.0 8.75 -0.0186 1.9767 -2.0356 0.6851 5.74673e-05 -0.3353
9000.0 8.75 0.0251 1.9563 -2.1076 0.7299 6.89069e-05 -0.1763
9500.0 8.75 0.1289 1.8343 -2.1263 0.7698 8.14445e-05 -0.0359
10000.0 8.75 0.3111 1.5078 -1.9437 0.7409 9.50974e-05 0.0887
10500.0 8.75 0.5639 0.913 -1.4303 0.5799 0.000109704 0.2
11000.0 8.75 0.7934 0.2702 -0.7894 0.3538 0.000124739 0.2999
11500.0 8.75 0.9625 -0.2506 -0.2385 0.1521 0.000139459 0.39
12000.0 8.75 1.0887 -0.6627 0.2171 -0.0192 0.00015371 0.4716
12500.0 8.75 1.1648 -0.9419 0.5443 -0.1454 0.000167631 0.5458
13000.0 8.75 1.1902 -1.0904 0.744 -0.226 0.000181118 0.6135
13500.0 8.75 1.1721 -1.1267 0.8303 -0.2641 0.000193359 0.6755
14000.0 8.75 1.1359 -1.1085 0.8522 -0.2759 0.00020334 0.7325
14500.0 8.75 1.0961 -1.0776 0.858 -0.2807 0.000213149 0.785
15000.0 8.75 1.058 -1.0512 0.8744 -0.2923 0.000224268 0.8336
15500.0 8.75 1.0168 -1.0068 0.8744 -0.3018 0.000236498 0.8785
16000.0 8.75 0.9708 -0.9324 0.8335 -0.2964 0.000249353 0.9203
16500.0 8.75 0.9259 -0.84 0.7564 -0.2743 0.000262401 0.9592
17000.0 8.75 0.8828 -0.7408 0.6604 -0.2421 0.000275657 0.9955
20000.0 8.75 0.8638 -0.7635 0.6821 -0.2496 0.000361475 1.1706
25000.0 8.75 0.9498 -1.0674 0.9829 -0.3557 0.000531261 1.3594
30000.0 8.75 0.8803 -0.9784 0.8507 -0.2961 0.000761256 1.4792
35000.0 8.75 0.6268 -0.542 0.42 -0.1399 0.000999213 1.5617
40000.0 8.75 0.482 -0.3337 0.2425 -0.0812 0.0011852 1.6219
45000.0 8.75 0.4011 -0.2395 0.1741 -0.0608 0.00134012 1.6676
50000.0 8.75 0.3576 -0.2098 0.1646 -0.0608 0.00147421 1.7035
55000.0 8.75 0.3296 -0.2009 0.1704 -0.0651 0.00159854 1.7325
60000.0 8.75 0.3118 -0.2056 0.1866 -0.0726 0.00171608 1.7563
3750.0 9.0 1.711 -1.8973 1.5055 -0.493 2.32651e-06 -4.2568
4000.0 9.0 1.7627 -2.0764 1.701 -0.5674 2.80969e-06 -3.806
4250.0 9.0 1.8044 -2.2169 1.8498 -0.6228 3.38854e-06 -3.4092
4500.0 9.0 1.8327 -2.3246 1.9656 -0.6663 4.16335e-06 -3.0574
4750.0 9.0 1.8358 -2.3655 2.0121 -0.6843 5.18653e-06 -2.7438
5000.0 9.0 1.8418 -2.3169 1.9134 -0.6359 6.70265e-06 -2.4625
5250.0 9.0 1.6886 -1.9333 1.5113 -0.4853 8.53342e-06 -2.2091
5500.0 9.0 1.5064 -1.4754 1.04 -0.3108 1.06847e-05 -1.9798
5750.0 9.0 1.3624 -1.1149 0.6812 -0.1812 1.31351e-05 -1.7715
6000.0 9.0 1.1999 -0.7032 0.2759 -0.0365 1.58685e-05 -1.5816
6250.0 9.0 1.035 -0.2919 -0.1207 0.1032 1.88754e-05 -1.4078
6500.0 9.0 0.8411 0.1589 -0.531 0.2417 2.21434e-05 -1.2484
7000.0 9.0 0.4034 1.1838 -1.4753 0.5616 2.94831e-05 -0.9663
7500.0 9.0 0.0934 1.8198 -1.9738 0.6993 3.78813e-05 -0.725
8000.0 9.0 -0.0001 1.9373 -1.9945 0.6765 4.72386e-05 -0.5167
8500.0 9.0 0.0027 1.9074 -1.9584 0.6571 5.75524e-05 -0.3353
9000.0 9.0 0.0412 1.8769 -2.0003 0.686 6.88535e-05 -0.1763
9500.0 9.0 0.119 1.8146 -2.0718 0.7425 8.1183e-05 -0.0359
10000.0 9.0 0.2813 1.552 -1.9625 0.7419 9.46212e-05 0.0887
10500.0 9.0 0.5335 0.9898 -1.5052 0.6068 0.000109011 0.2
11000.0 9.0 0.7894 0.3013 -0.8371 0.3759 0.000124015 0.2999
11500.0 9.0 0.9849 -0.2926 -0.214 0.1485 0.000138908 0.39
12000.0 9.0 1.1347 -0.7709 0.3068 -0.046 0.000153337 0.4716
12500.0 9.0 1.2352 -1.1164 0.6991 -0.1957 0.00016745 0.5458
13000.0 9.0 1.2827 -1.3221 0.9538 -0.2965 0.000181343 0.6135
13500.0 9.0 1.2833 -1.4012 1.0799 -0.3499 0.000194756 0.6755
14000.0 9.0 1.2527 -1.3913 1.1106 -0.3663 0.000206829 0.7325
14500.0 9.0 1.2115 -1.3447 1.0949 -0.3633 0.000216746 0.785
15000.0 9.0 1.1642 -1.2805 1.0597 -0.3525 0.000226605 0.8336
15500.0 9.0 1.1175 -1.2191 1.0327 -0.3468 0.000237669 0.8785
16000.0 9.0 1.0691 -1.1493 1.0014 -0.3432 0.000249813 0.9203
16500.0 9.0 1.0174 -1.0594 0.9452 -0.3319 0.00026281 0.9592
17000.0 9.0 0.9665 -0.9567 0.8624 -0.3087 0.000275875 0.9955
20000.0 9.0 0.8861 -0.8216 0.7389 -0.2696 0.000362123 1.1706
25000.0 9.0 0.9568 -1.0884 1.0022 -0.362 0.000532461 1.3594
30000.0 9.0 0.8797 -0.9814 0.8518 -0.2959 0.000763664 1.4792
35000.0 9.0 0.6298 -0.5528 0.4311 -0.1439 0.00100018 1.5617
40000.0 9.0 0.4813 -0.3352 0.2443 -0.0818 0.0011843 1.6219
45000.0 9.0 0.4039 -0.248 0.1825 -0.0637 0.00133836 1.6676
50000.0 9.0 0.3588 -0.2127 0.1667 -0.0612 0.00147074 1.7035
55000.0 9.0 0.3295 -0.1996 0.1678 -0.0638 0.00159416 1.7325
60000.0 9.0 0.3111 -0.2027 0.1827 -0.071 0.00170975 1.7563
65000.0 9.0 0.2944 0.0901 -0.1714 0.0658 0.00210129 1.7763
70000.0 9.0 0.2575 0.1392 -0.2102 0.0783 0.00221734 1.7932
75000.0 9.0 0.226 0.1788 -0.2401 0.0876 0.00233021 1.8078
80000.0 9.0 0.1985 0.2129 -0.2661 0.0958 0.0024406 1.8204
85000.0 9.0 0.1747 0.2409 -0.2868 0.1023 0.0025491 1.8315
90000.0 9.0 0.1532 0.2663 -0.306 0.1084 0.0026561 1.8413
100000.0 9.0 0.1139 0.3127 -0.3412 0.1197 0.00286649 1.8579
3750.0 9.25 1.7464 -1.9722 1.5838 -0.5227 2.41838e-06 -4.2568
4000.0 9.25 1.778 -2.1019 1.7298 -0.5788 2.91848e-06 -3.806
4250.0 9.25 1.8107 -2.2207 1.857 -0.6264 3.49869e-06 -3.4092
4500.0 9.25 1.8352 -2.317 1.9594 -0.6646 4.26662e-06 -3.0574
4750.0 9.25 1.8403 -2.3622 2.0094 -0.6836 5.27363e-06 -2.7438
5000.0 9.25 1.8885 -2.4299 2.0354 -0.6826 6.76323e-06 -2.4625
5250.0 9.25 1.7488 -2.0783 1.6623 -0.5417 8.59174e-06 -2.2091
5500.0 9.25 1.5446 -1.5608 1.1228 -0.3405 1.07566e-05 -1.9798
5750.0 9.25 1.3955 -1.1921 0.7545 -0.207 1.32326e-05 -1.7715
6000.0 9.25 1.2479 -0.8207 0.3878 -0.0756 1.59959e-05 -1.5816
6250.0 9.25 1.0824 -0.4143 -0.0024 0.0611 1.90299e-05 -1.4078
6500.0 9.25 0.9172 -0.0255 -0.3596 0.1824 2.23204e-05 -1.2484
7000.0 9.25 0.5241 0.9003 -1.2206 0.4779 2.96727e-05 -0.9663
7500.0 9.25 0.1785 1.6433 -1.8405 0.6641 3.80757e-05 -0.725
8000.0 9.25 0.0415 1.8533 -1.935 0.6628 4.74405e-05 -0.5167
8500.0 9.25 0.0244 1.8445 -1.8928 0.6343 5.77072e-05 -0.3353
9000.0 9.25 0.0558 1.8053 -1.9031 0.6461 6.88896e-05 -0.1763
9500.0 9.25 0.1163 1.7698 -1.9853 0.702 8.10334e-05 -0.0359
10000.0 9.25 0.2527 1.5758 -1.9446 0.7253 9.42212e-05 0.0887
10500.0 9.25 0.4827 1.1027 -1.5999 0.6362 0.00010838 0.2
11000.0 9.25 0.7537 0.4105 -0.9547 0.4201 0.000123286 0.2999
11500.0 9.25 0.9739 -0.2388 -0.287 0.1798 0.000138322 0.39
12000.0 9.25 1.1477 -0.7844 0.2995 -0.0376 0.000152967 0.4716
12500.0 9.25 1.2744 -1.2044 0.7671 -0.2147 0.000167253 0.5458
13000.0 9.25 1.3468 -1.4786 1.0903 -0.3405 0.00018136 0.6135
13500.0 9.25 1.3673 -1.6095 1.2666 -0.4126 0.000195293 0.6755
14000.0 9.25 1.3503 -1.6325 1.3292 -0.4417 0.000208694 0.7325
14500.0 9.25 1.3133 -1.5934 1.3229 -0.4436 0.000220764 0.785
15000.0 9.25 1.2673 -1.5227 1.2767 -0.4288 0.000230872 0.8336
15500.0 9.25 1.2191 -1.4434 1.2195 -0.4093 0.000240685 0.8785
16000.0 9.25 1.169 -1.3605 1.1624 -0.3912 0.000251501 0.9203
16500.0 9.25 1.1141 -1.2682 1.1028 -0.3754 0.000263654 0.9592
17000.0 9.25 1.04 -1.124 0.9991 -0.3485 0.000276496 0.9955
20000.0 9.25 0.9134 -0.8902 0.8049 -0.2925 0.000362728 1.1706
25000.0 9.25 0.9744 -1.1282 1.0379 -0.3738 0.000534537 1.3594
30000.0 9.25 0.8765 -0.9786 0.8477 -0.2939 0.000766562 1.4792
35000.0 9.25 0.6261 -0.5502 0.4297 -0.1435 0.00100068 1.5617
40000.0 9.25 0.4847 -0.3456 0.2552 -0.0857 0.00118376 1.6219
45000.0 9.25 0.4053 -0.2535 0.1888 -0.066 0.00133706 1.6676
50000.0 9.25 0.362 -0.2199 0.1733 -0.0633 0.0014679 1.7035
55000.0 9.25 0.3312 -0.2032 0.1716 -0.0651 0.00159174 1.7325
60000.0 9.25 0.3112 -0.2013 0.18 -0.0695 0.00170501 1.7563
3750.0 9.5 1.7861 -2.0536 1.6633 -0.5519 2.51187e-06 -4.2568
4000.0 9.5 1.7955 -2.1312 1.7605 -0.5907 3.03274e-06 -3.806
4250.0 9.5 1.8171 -2.2227 1.861 -0.6284 3.61806e-06 -3.4092
4500.0 9.5 1.8359 -2.3053 1.9508 -0.6624 4.37992e-06 -3.0574
4750.0 9.5 1.8434 -2.3551 2.0034 -0.6819 5.37827e-06 -2.7438
5000.0 9.5 1.9106 -2.4734 2.0812 -0.7 6.88908e-06 -2.4625
5250.0 9.5 1.7061 -1.9416 1.5073 -0.4813 8.64647e-06 -2.2091
5500.0 9.5 1.5771 -1.6312 1.1917 -0.3653 1.08259e-05 -1.9798
5750.0 9.5 1.4361 -1.2846 0.8429 -0.2382 1.33287e-05 -1.7715
6000.0 9.5 1.2965 -0.9346 0.4954 -0.1131 1.61306e-05 -1.5816
6250.0 9.5 1.1318 -0.5308 0.105 0.0245 1.91999e-05 -1.4078
6500.0 9.5 0.9756 -0.1655 -0.2302 0.1378 2.25258e-05 -1.2484
7000.0 9.5 0.6426 0.6094 -0.9453 0.3828 2.9908e-05 -0.9663
7500.0 9.5 0.2772 1.4323 -1.6731 0.6166 3.83128e-05 -0.725
8000.0 9.5 0.0893 1.7637 -1.8785 0.6525 4.76857e-05 -0.5167
8500.0 9.5 0.0506 1.7784 -1.8316 0.615 5.79334e-05 -0.3353
9000.0 9.5 0.0749 1.726 -1.8014 0.6055 6.90228e-05 -0.1763
9500.0 9.5 0.1242 1.6959 -1.8683 0.6504 8.10233e-05 -0.0359
10000.0 9.5 0.2293 1.5747 -1.8922 0.6942 9.39572e-05 0.0887
10500.0 9.5 0.4224 1.2201 -1.6825 0.6568 0.000107859 0.2
11000.0 9.5 0.6911 0.5769 -1.1172 0.477 0.000122607 0.2999
11500.0 9.5 0.9322 -0.1061 -0.4332 0.2353 0.000137725 0.39
12000.0 9.5 1.1254 -0.7021 0.1977 0.0038 0.000152597 0.4716
12500.0 9.5 1.2777 -1.1915 0.7325 -0.1966 0.000167082 0.5458
13000.0 9.5 1.3783 -1.5432 1.1334 -0.3505 0.000181358 0.6135
13500.0 9.5 1.4238 -1.7433 1.3796 -0.4483 0.000195553 0.6755
14000.0 9.5 1.4248 -1.8156 1.4915 -0.496 0.000209583 0.7325
14500.0 9.5 1.3973 -1.8005 1.5089 -0.5076 0.000223061 0.785
15000.0 9.5 1.3567 -1.7411 1.4756 -0.4988 0.000235283 0.8336
15500.0 9.5 1.3083 -1.6564 1.4105 -0.4765 0.000245476 0.8785
16000.0 9.5 1.2607 -1.5675 1.3388 -0.4514 0.000255531 0.9203
16500.0 9.5 1.2096 -1.4724 1.2637 -0.4258 0.000266161 0.9592
17000.0 9.5 1.1519 -1.3663 1.1836 -0.4008 0.000277879 0.9955
20000.0 9.5 0.7252 -0.4377 0.5943 -0.34 0.000412064 1.1706
25000.0 9.5 0.9865 -1.1599 1.0666 -0.3831 0.000535897 1.3594
30000.0 9.5 0.8746 -0.9793 0.8472 -0.2932 0.000769658 1.4792
35000.0 9.5 0.6265 -0.5562 0.4371 -0.1463 0.00100184 1.5617
40000.0 9.5 0.488 -0.3565 0.2668 -0.0899 0.0011835 1.6219
45000.0 9.5 0.4086 -0.2628 0.1983 -0.0694 0.00133621 1.6676
50000.0 9.5 0.3667 -0.2303 0.1834 -0.0669 0.00146417 1.7035
55000.0 9.5 0.3366 -0.2135 0.1801 -0.0676 0.00158532 1.7325
60000.0 9.5 0.3158 -0.2088 0.1861 -0.0713 0.00169994 1.7563
65000.0 9.5 0.3237 0.0247 -0.1058 0.042 0.00209108 1.7763
70000.0 9.5 0.2895 0.0688 -0.1398 0.0527 0.00220554 1.7932
75000.0 9.5 0.26 0.1055 -0.1676 0.0614 0.00231653 1.8078
80000.0 9.5 0.2344 0.1365 -0.191 0.0688 0.00242511 1.8204
85000.0 9.5 0.2124 0.1616 -0.209 0.0742 0.00253155 1.8315
90000.0 9.5 0.1925 0.1843 -0.2257 0.0795 0.0026362 1.8413
100000.0 9.5 0.1562 0.2258 -0.2569 0.0894 0.00284152 1.8579
