Teff log(g) a1 a2 a3 a4 I1 beaming
3750.0 5.0 -0.0135 2.351 -2.7095 1.0131 6.25972e-07 -5.5604
4000.0 5.0 0.4751 1.2225 -1.6717 0.6662 9.30293e-07 -5.0264
4250.0 5.0 0.7674 0.4937 -0.9341 0.4009 1.39122e-06 -4.5558
4500.0 5.0 0.9474 0.0793 -0.495 0.2385 2.07476e-06 -4.138
4750.0 5.0 0.8646 0.2888 -0.6389 0.2816 3.05496e-06 -3.7647
5000.0 5.0 0.4694 1.2435 -1.4679 0.5552 4.4866e-06 -3.4295
5250.0 5.0 0.0728 2.2136 -2.342 0.841 6.19945e-06 -3.1269
5500.0 5.0 -0.2426 2.9249 -2.9347 1.0162 8.2501e-06 -2.8526
5750.0 5.0 -0.4003 3.1477 -2.9827 0.984 1.06719e-05 -2.6029
6000.0 5.0 -0.4395 3.0248 -2.6582 0.8139 1.35038e-05 -2.3747
6250.0 5.0 -0.401 2.694 -2.1247 0.5706 1.67858e-05 -2.1656
6500.0 5.0 -0.3204 2.2855 -1.5424 0.3178 2.05474e-05 -1.9734
7000.0 5.0 -0.1832 1.7251 -0.7934 -0.0055 2.96706e-05 -1.6323
7500.0 5.0 -0.205 1.8586 -0.9607 0.0401 4.12212e-05 -1.3395
8000.0 5.0 -0.341 2.5578 -1.9333 0.4319 5.54917e-05 -1.0858
8500.0 5.0 -0.3527 3.0562 -2.8494 0.8565 7.26084e-05 -0.8645
9000.0 5.0 -0.0972 2.5488 -2.547 0.8205 9.27621e-05 -0.6699
9500.0 5.0 0.2748 1.2907 -1.1816 0.3681 0.000113556 -0.4977
10000.0 5.0 0.4564 0.7554 -0.604 0.1517 0.000131311 -0.3446
10500.0 5.0 0.5336 0.6399 -0.5771 0.1608 0.000147246 -0.2076
11000.0 5.0 0.6052 0.4811 -0.4688 0.1331 0.000162831 -0.0845
11500.0 5.0 0.6547 0.3367 -0.3465 0.0938 0.000178119 0.0267
12000.0 5.0 0.6713 0.299 -0.3369 0.0965 0.000193021 0.1274
12500.0 5.0 0.6833 0.2512 -0.3037 0.0878 0.000207999 0.219
13000.0 5.0 0.6903 0.2143 -0.2776 0.0809 0.000223044 0.3027
13500.0 5.0 0.6854 0.2054 -0.2777 0.0832 0.00023831 0.3794
14000.0 5.0 0.697 0.1554 -0.2331 0.0685 0.000253797 0.4499
14500.0 5.0 0.679 0.1788 -0.2637 0.0814 0.000269545 0.5149
15000.0 5.0 0.7005 0.1046 -0.1912 0.0558 0.00028555 0.5749
15500.0 5.0 0.7019 0.0808 -0.171 0.0495 0.000301851 0.6305
16000.0 5.0 0.6841 0.1049 -0.2004 0.0619 0.000318458 0.6822
16500.0 5.0 0.707 0.0281 -0.1231 0.034 0.000335351 0.7304
17000.0 5.0 0.7105 -0.0005 -0.0957 0.0247 0.000352594 0.7753
20000.0 5.0 0.7444 -0.1916 0.0946 -0.0417 0.000463359 0.9917
25000.0 5.0 0.8936 -0.6745 0.5795 -0.2143 0.000684945 1.2244
30000.0 5.0 1.0428 -1.0713 0.9193 -0.3226 0.000996112 1.3715
35000.0 5.0 1.0577 -1.234 1.0528 -0.3632 0.00134651 1.4724
40000.0 5.0 1.1109 -1.4559 1.292 -0.4536 0.00162534 1.5457
45000.0 5.0 1.185 -1.685 1.5343 -0.5439 0.0018646 1.6014
50000.0 5.0 1.2605 -1.8904 1.7447 -0.6206 0.00208981 1.6449
55000.0 5.0 1.3255 -2.05 1.9025 -0.6769 0.00230358 1.68
60000.0 5.0 1.3782 -2.1649 2.0103 -0.714 0.00251564 1.7088
3750.0 5.25 0.0683 2.1935 -2.5926 0.9824 6.49691e-07 -5.5604
4000.0 5.25 0.5946 0.9426 -1.4061 0.5748 9.49965e-07 -5.0264
4250.0 5.25 0.9187 0.1207 -0.5647 0.2687 1.40535e-06 -4.5558
4500.0 5.25 1.1123 -0.335 -0.0849 0.091 2.07734e-06 -4.138
4750.0 5.25 1.0678 -0.2013 -0.1792 0.1201 3.03308e-06 -3.7647
5000.0 5.25 0.702 0.6976 -0.974 0.3887 4.44541e-06 -3.4295
5250.0 5.25 0.302 1.6825 -1.8699 0.6874 6.15324e-06 -3.1269
5500.0 5.25 -0.0673 2.5594 -2.651 0.937 8.19598e-06 -2.8526
5750.0 5.25 -0.294 3.0023 -2.956 1.0053 1.05916e-05 -2.6029
6000.0 5.25 -0.3901 3.061 -2.8446 0.9185 1.33807e-05 -2.3747
6250.0 5.25 -0.3996 2.8758 -2.4751 0.737 1.66025e-05 -2.1656
6500.0 5.25 -0.3587 2.571 -1.9963 0.5196 2.0289e-05 -1.9734
7000.0 5.25 -0.2394 2.0068 -1.2021 0.1697 2.91995e-05 -1.6323
7500.0 5.25 -0.2267 1.9819 -1.1593 0.1311 4.04148e-05 -1.3395
8000.0 5.25 -0.3316 2.525 -1.9145 0.4318 5.42331e-05 -1.0858
8500.0 5.25 -0.3704 3.0665 -2.8446 0.8514 7.07653e-05 -0.8645
9000.0 5.25 -0.1832 2.8529 -2.9133 0.9559 8.98545e-05 -0.6699
9500.0 5.25 0.133 1.8728 -1.9187 0.6456 0.000110214 -0.4977
10000.0 5.25 0.4219 0.8624 -0.7403 0.2079 0.000128958 -0.3446
10500.0 5.25 0.5284 0.6266 -0.555 0.1512 0.000145526 -0.2076
11000.0 5.25 0.6051 0.4634 -0.4465 0.1243 0.000161366 -0.0845
11500.0 5.25 0.6557 0.3383 -0.3536 0.0978 0.000176849 0.0267
12000.0 5.25 0.6844 0.2561 -0.2924 0.0801 0.000192067 0.1274
12500.0 5.25 0.6993 0.2033 -0.2553 0.0703 0.000207185 0.219
13000.0 5.25 0.708 0.1629 -0.2264 0.0624 0.000222302 0.3027
13500.0 5.25 0.7122 0.1323 -0.2046 0.0567 0.000237601 0.3794
14000.0 5.25 0.7144 0.1058 -0.1846 0.0512 0.000253096 0.4499
14500.0 5.25 0.7155 0.0818 -0.166 0.0459 0.000268826 0.5149
15000.0 5.25 0.7161 0.0594 -0.1477 0.0405 0.000284813 0.5749
15500.0 5.25 0.7172 0.0354 -0.1267 0.0339 0.000301063 0.6305
16000.0 5.25 0.7183 0.0122 -0.1062 0.0274 0.000317627 0.6822
16500.0 5.25 0.7181 -0.0076 -0.0886 0.0219 0.000334483 0.7304
17000.0 5.25 0.7218 -0.0367 -0.0609 0.0126 0.00035164 0.7753
20000.0 5.25 0.7418 -0.1975 0.0991 -0.0428 0.000461896 0.9917
25000.0 5.25 0.8893 -0.6841 0.5898 -0.2179 0.000681459 1.2244
30000.0 5.25 1.0331 -1.0802 0.9343 -0.3287 0.000986195 1.3715
35000.0 5.25 1.003 -1.1514 0.9816 -0.3389 0.00133139 1.4724
40000.0 5.25 1.0217 -1.3104 1.1638 -0.4097 0.00160623 1.5457
45000.0 5.25 1.0806 -1.5233 1.3974 -0.4983 0.00183948 1.6014
50000.0 5.25 1.1511 -1.7362 1.6227 -0.582 0.00205697 1.6449
55000.0 5.25 1.2207 -1.9253 1.8167 -0.6527 0.00226053 1.68
60000.0 5.25 1.2846 -2.0857 1.9765 -0.7099 0.00245958 1.7088
3750.0 5.5 0.1545 2.0165 -2.4474 0.9392 6.76153e-07 -5.5604
4000.0 5.5 0.6993 0.694 -1.165 0.4903 9.71398e-07 -5.0264
4250.0 5.5 1.0485 -0.2037 -0.2381 0.1504 1.42129e-06 -4.5558
4500.0 5.5 1.2514 -0.6887 0.2707 -0.0383 2.08288e-06 -4.138
4750.0 5.5 1.2325 -0.6125 0.2183 -0.0223 3.01885e-06 -3.7647
5000.0 5.5 0.9027 0.2199 -0.5378 0.2393 4.40591e-06 -3.4295
5250.0 5.5 0.5225 1.1585 -1.3939 0.5286 6.10808e-06 -3.1269
5500.0 5.5 0.1193 2.1419 -2.2971 0.8279 8.14777e-06 -2.8526
5750.0 5.5 -0.171 2.7842 -2.8319 0.9862 1.05283e-05 -2.6029
6000.0 5.5 -0.3207 3.0145 -2.9215 0.9779 1.32848e-05 -2.3747
6250.0 5.5 -0.3693 2.955 -2.7003 0.8543 1.64549e-05 -2.1656
6500.0 5.5 -0.3686 2.7712 -2.3574 0.6882 2.00715e-05 -1.9734
7000.0 5.5 -0.2863 2.2791 -1.616 0.3515 2.87838e-05 -1.6323
7500.0 5.5 -0.2541 2.1414 -1.4123 0.2459 3.96919e-05 -1.3395
8000.0 5.5 -0.3284 2.5321 -1.9559 0.4582 5.30703e-05 -1.0858
8500.0 5.5 -0.3803 3.06 -2.8289 0.845 6.90539e-05 -0.8645
9000.0 5.5 -0.2188 2.9544 -3.0329 0.9997 8.75291e-05 -0.6699
9500.0 5.5 0.0703 2.1636 -2.2869 0.7708 0.000107769 -0.4977
10000.0 5.5 0.3902 1.0177 -0.9808 0.3113 0.000126682 -0.3446
10500.0 5.5 0.5214 0.6202 -0.5447 0.1467 0.000143555 -0.2076
11000.0 5.5 0.6004 0.4545 -0.433 0.1186 0.000159595 -0.0845
11500.0 5.5 0.6572 0.3195 -0.333 0.0904 0.000175338 0.0267
12000.0 5.5 0.6919 0.2248 -0.2597 0.0684 0.000190802 0.1274
12500.0 5.5 0.7105 0.1645 -0.2155 0.0559 0.00020611 0.219
13000.0 5.5 0.7203 0.1226 -0.1855 0.0477 0.000221407 0.3027
13500.0 5.5 0.7264 0.0889 -0.1616 0.0414 0.000236721 0.3794
14000.0 5.5 0.7281 0.0641 -0.1437 0.0366 0.000252255 0.4499
14500.0 5.5 0.7293 0.0399 -0.1248 0.0312 0.000268002 0.5149
15000.0 5.5 0.7294 0.0184 -0.1076 0.0262 0.000283978 0.5749
15500.0 5.5 0.7296 -0.0029 -0.0896 0.0208 0.000300239 0.6305
16000.0 5.5 0.7211 -0.0025 -0.0938 0.0236 0.000316776 0.6822
16500.0 5.5 0.7307 -0.0471 -0.0498 0.008 0.000333585 0.7304
17000.0 5.5 0.7317 -0.0695 -0.0289 0.0012 0.000350735 0.7753
20000.0 5.5 0.7545 -0.2391 0.1409 -0.058 0.000460637 0.9917
25000.0 5.5 0.8915 -0.7054 0.6117 -0.2258 0.000678942 1.2244
30000.0 5.5 1.0219 -1.0791 0.9374 -0.3303 0.000979279 1.3715
35000.0 5.5 0.949 -1.0579 0.8954 -0.3085 0.00131983 1.4724
40000.0 5.5 0.9325 -1.1478 1.0134 -0.357 0.00159121 1.5457
45000.0 5.5 0.9687 -1.3217 1.2133 -0.4344 0.0018199 1.6014
50000.0 5.5 1.0253 -1.5155 1.4248 -0.5142 0.00203174 1.6449
55000.0 5.5 1.0879 -1.7029 1.6226 -0.5874 0.0022278 1.68
60000.0 5.5 1.1509 -1.8756 1.8 -0.652 0.00241817 1.7088
3750.0 5.75 0.2369 1.8406 -2.2939 0.8905 7.03421e-07 -5.5604
4000.0 5.75 0.7909 0.475 -0.9489 0.4135 9.94957e-07 -5.0264
4250.0 5.75 1.1562 -0.4743 0.0378 0.0493 1.43923e-06 -4.5558
4500.0 5.75 1.3484 -0.9683 0.5684 -0.1503 2.0926e-06 -4.138
4750.0 5.75 1.3605 -0.9397 0.541 -0.139 3.01173e-06 -3.7647
5000.0 5.75 1.0691 -0.1833 -0.1653 0.1097 4.37242e-06 -3.4295
5250.0 5.75 0.7258 0.6687 -0.945 0.3767 6.06249e-06 -3.1269
5500.0 5.75 0.3126 1.6887 -1.8931 0.6967 8.10186e-06 -2.8526
5750.0 5.75 -0.0296 2.4903 -2.608 0.9253 1.0479e-05 -2.6029
6000.0 5.75 -0.2276 2.8714 -2.8712 0.9846 1.32136e-05 -2.3747
6250.0 5.75 -0.3235 2.9669 -2.8347 0.934 1.63394e-05 -2.1656
6500.0 5.75 -0.3494 2.8719 -2.5996 0.8109 1.98987e-05 -1.9734
7000.0 5.75 -0.3147 2.5085 -1.9943 0.5242 2.84254e-05 -1.6323
7500.0 5.75 -0.2805 2.3175 -1.6988 0.3772 3.9053e-05 -1.3395
8000.0 5.75 -0.3292 2.5751 -2.0553 0.5109 5.20096e-05 -1.0858
8500.0 5.75 -0.3822 3.046 -2.8181 0.8443 6.74564e-05 -0.8645
9000.0 5.75 -0.2552 3.0503 -3.1434 1.0419 8.53458e-05 -0.6699
9500.0 5.75 -0.0117 2.4947 -2.7087 0.9305 0.000104809 -0.4977
10000.0 5.75 0.2718 1.5124 -1.6214 0.5579 0.000123663 -0.3446
10500.0 5.75 0.5052 0.6714 -0.6245 0.1823 0.000141247 -0.2076
11000.0 5.75 0.5932 0.4506 -0.4264 0.1156 0.000157525 -0.0845
11500.0 5.75 0.6549 0.3083 -0.3207 0.0859 0.000173449 0.0267
12000.0 5.75 0.6954 0.202 -0.2367 0.0604 0.000189163 0.1274
12500.0 5.75 0.7174 0.1355 -0.1865 0.0456 0.000204666 0.219
13000.0 5.75 0.7298 0.0888 -0.1522 0.036 0.000220105 0.3027
13500.0 5.75 0.7363 0.0545 -0.1277 0.0294 0.000235572 0.3794
14000.0 5.75 0.7391 0.0278 -0.1082 0.024 0.000251171 0.4499
14500.0 5.75 0.7402 0.0044 -0.0904 0.0191 0.000266959 0.5149
15000.0 5.75 0.7404 -0.0167 -0.074 0.0146 0.000282971 0.5749
15500.0 5.75 0.7399 -0.0364 -0.0576 0.0097 0.000299231 0.6305
16000.0 5.75 0.7401 -0.0577 -0.0388 0.0038 0.000315764 0.6822
16500.0 5.75 0.7402 -0.0784 -0.0202 -0.0022 0.000332581 0.7304
17000.0 5.75 0.7272 -0.0664 -0.035 0.0043 0.000349708 0.7753
20000.0 5.75 0.76 -0.261 0.1611 -0.0648 0.000459413 0.9917
25000.0 5.75 0.8977 -0.7329 0.6392 -0.2357 0.00067696 1.2244
30000.0 5.75 1.0113 -1.0731 0.9334 -0.329 0.000974333 1.3715
35000.0 5.75 0.9014 -0.9712 0.8133 -0.2793 0.00131083 1.4724
40000.0 5.75 0.8499 -0.9867 0.859 -0.3018 0.00157885 1.5457
45000.0 5.75 0.8615 -1.1117 1.0133 -0.3633 0.00180382 1.6014
50000.0 5.75 0.9004 -1.2749 1.1983 -0.4343 0.00201074 1.6449
55000.0 5.75 0.9505 -1.4428 1.3808 -0.5028 0.00220166 1.68
60000.0 5.75 1.0052 -1.6074 1.5542 -0.5668 0.00238565 1.7088
3750.0 6.0 0.3215 1.6542 -2.1244 0.8348 7.33602e-07 -5.5604
4000.0 6.0 0.8725 0.2776 -0.7497 0.3415 1.02112e-06 -5.0264
4250.0 6.0 1.2445 -0.696 0.266 -0.0348 1.45968e-06 -4.5558
4500.0 6.0 1.4288 -1.1798 0.7861 -0.2306 2.10368e-06 -4.138
4750.0 6.0 1.4663 -1.218 0.8228 -0.2426 3.00991e-06 -3.7647
5000.0 6.0 1.2038 -0.5158 0.1464 -0.0001 4.33457e-06 -3.4295
5250.0 6.0 0.9079 0.2273 -0.5401 0.2385 6.02055e-06 -3.1269
5500.0 6.0 0.5053 1.2261 -1.4722 0.5568 8.05649e-06 -2.8526
5750.0 6.0 0.1262 2.1396 -2.3113 0.8344 1.04353e-05 -2.6029
6000.0 6.0 -0.1255 2.6834 -2.7571 0.9638 1.31584e-05 -2.3747
6250.0 6.0 -0.2563 2.8905 -2.8512 0.9645 1.62568e-05 -2.1656
6500.0 6.0 -0.313 2.8965 -2.7372 0.8894 1.97619e-05 -1.9734
7000.0 6.0 -0.3179 2.6616 -2.2872 0.6651 2.81297e-05 -1.6323
7500.0 6.0 -0.2984 2.4853 -1.9898 0.5139 3.84889e-05 -1.3395
8000.0 6.0 -0.3287 2.6372 -2.193 0.5824 5.10623e-05 -1.0858
8500.0 6.0 -0.3759 3.0298 -2.8228 0.8543 6.59912e-05 -0.8645
9000.0 6.0 -0.2814 3.1115 -3.2148 1.0707 8.32852e-05 -0.6699
9500.0 6.0 -0.0422 2.62 -2.885 1.0024 0.000102289 -0.4977
10000.0 6.0 0.2192 1.778 -1.9785 0.6876 0.000121595 -0.3446
10500.0 6.0 0.4524 0.9024 -0.9537 0.3195 0.000138611 -0.2076
11000.0 6.0 0.5869 0.4511 -0.4322 0.1191 0.000155216 -0.0845
11500.0 6.0 0.6495 0.3042 -0.3179 0.0854 0.000171229 0.0267
12000.0 6.0 0.6959 0.1866 -0.2235 0.0566 0.000187118 0.1274
12500.0 6.0 0.7229 0.1088 -0.1615 0.0375 0.000202856 0.219
13000.0 6.0 0.7376 0.0575 -0.122 0.0257 0.000218487 0.3027
13500.0 6.0 0.7457 0.0204 -0.0945 0.0178 0.000234097 0.3794
14000.0 6.0 0.7495 -0.0076 -0.0742 0.0123 0.000249787 0.4499
14500.0 6.0 0.7509 -0.0308 -0.0568 0.0075 0.000265636 0.5149
15000.0 6.0 0.7511 -0.0518 -0.0402 0.0027 0.000281687 0.5749
15500.0 6.0 0.7504 -0.0706 -0.0251 -0.0016 0.000297975 0.6305
16000.0 6.0 0.7498 -0.0895 -0.009 -0.0065 0.000314523 0.6822
16500.0 6.0 0.7491 -0.1082 0.0075 -0.0116 0.000331351 0.7304
17000.0 6.0 0.7497 -0.1298 0.0275 -0.0181 0.000348473 0.7753
20000.0 6.0 0.766 -0.2833 0.181 -0.0714 0.000458096 0.9917
25000.0 6.0 0.8998 -0.7473 0.6515 -0.2395 0.000675224 1.2244
30000.0 6.0 0.9919 -1.0417 0.9014 -0.3169 0.000970722 1.3715
35000.0 6.0 0.8602 -0.8927 0.7368 -0.2515 0.00130355 1.4724
40000.0 6.0 0.7799 -0.8459 0.722 -0.2524 0.00156849 1.5457
45000.0 6.0 0.7679 -0.9212 0.8284 -0.2969 0.00179006 1.6014
50000.0 6.0 0.7882 -1.0478 0.9796 -0.3562 0.00199254 1.6449
55000.0 6.0 0.8233 -1.1871 1.1357 -0.4156 0.00217887 1.68
60000.0 6.0 0.8695 -1.3422 1.3033 -0.4782 0.00236925 1.7088
65000.0 6.0 0.7137 -0.7701 0.6929 -0.2536 0.00296501 1.7329
70000.0 6.0 0.7509 -0.8995 0.8355 -0.3074 0.00316138 1.7533
75000.0 6.0 0.7936 -1.0325 0.9776 -0.36 0.0033581 1.7708
80000.0 6.0 0.8386 -1.1623 1.1127 -0.4093 0.00355583 1.786
85000.0 6.0 0.8844 -1.2865 1.2396 -0.4553 0.00375532 1.7994
90000.0 6.0 0.9296 -1.4024 1.3553 -0.4966 0.00395683 1.8111
100000.0 6.0 1.0125 -1.6041 1.555 -0.5681 0.00437111 1.831
3750.0 6.25 0.4075 1.4596 -1.9406 0.7721 7.66106e-07 -5.5604
4000.0 6.25 0.9444 0.1049 -0.5747 0.2782 1.05018e-06 -5.0264
4250.0 6.25 1.316 -0.8738 0.4496 -0.1025 1.48276e-06 -4.5558
4500.0 6.25 1.4958 -1.354 0.9658 -0.2971 2.11771e-06 -4.138
4750.0 6.25 1.5528 -1.4473 1.0574 -0.3292 3.01182e-06 -3.7647
5000.0 6.25 1.2829 -0.7065 0.3169 -0.0587 4.30562e-06 -3.4295
5250.0 6.25 1.0571 -0.1386 -0.2031 0.122 5.97369e-06 -3.1269
5500.0 6.25 0.6893 0.7777 -1.0594 0.4174 8.00943e-06 -2.8526
5750.0 6.25 0.2928 1.7484 -1.9645 0.7227 1.03931e-05 -2.6029
6000.0 6.25 -0.0103 2.4462 -2.5807 0.9176 1.3115e-05 -2.3747
6250.0 6.25 -0.1827 2.7769 -2.8123 0.9707 1.61957e-05 -2.1656
6500.0 6.25 -0.2708 2.887 -2.8237 0.9457 1.96614e-05 -1.9734
7000.0 6.25 -0.3062 2.756 -2.503 0.7741 2.78835e-05 -1.6323
7500.0 6.25 -0.3014 2.6154 -2.2439 0.6384 3.80049e-05 -1.3395
8000.0 6.25 -0.3235 2.7049 -2.3521 0.6657 5.02137e-05 -1.0858
8500.0 6.25 -0.3601 3.0104 -2.8428 0.875 6.46625e-05 -0.8645
9000.0 6.25 -0.2932 3.1373 -3.2536 1.0897 8.13685e-05 -0.6699
9500.0 6.25 -0.0658 2.7131 -3.0189 1.0593 9.99087e-05 -0.4977
10000.0 6.25 0.1577 2.0847 -2.4008 0.8543 0.000118959 -0.3446
10500.0 6.25 0.3752 1.2635 -1.4471 0.513 0.000136156 -0.2076
11000.0 6.25 0.568 0.528 -0.5558 0.1742 0.000152654 -0.0845
11500.0 6.25 0.6468 0.2934 -0.3106 0.0838 0.000168775 0.0267
12000.0 6.25 0.6951 0.1731 -0.214 0.0545 0.000184705 0.1274
12500.0 6.25 0.7276 0.0834 -0.1398 0.0312 0.000200627 0.219
13000.0 6.25 0.7455 0.0253 -0.0928 0.0165 0.000216444 0.3027
13500.0 6.25 0.7551 -0.0149 -0.0613 0.0068 0.000232217 0.3794
14000.0 6.25 0.7595 -0.043 -0.0414 0.0014 0.000248026 0.4499
14500.0 6.25 0.761 -0.0657 -0.0246 -0.0032 0.000263957 0.5149
15000.0 6.25 0.7612 -0.0858 -0.0093 -0.0074 0.000280066 0.5749
15500.0 6.25 0.7603 -0.1037 0.005 -0.0116 0.000296391 0.6305
16000.0 6.25 0.7598 -0.1224 0.0207 -0.0162 0.000312966 0.6822
16500.0 6.25 0.7594 -0.1417 0.0381 -0.0218 0.000329811 0.7304
17000.0 6.25 0.759 -0.1601 0.0545 -0.0269 0.000346946 0.7753
20000.0 6.25 0.7743 -0.311 0.2055 -0.0793 0.000456557 0.9917
25000.0 6.25 0.9041 -0.7658 0.6671 -0.2444 0.000673468 1.2244
30000.0 6.25 0.9956 -1.0638 0.9234 -0.3247 0.000967757 1.3715
35000.0 6.25 0.8274 -0.8299 0.6746 -0.2289 0.00129741 1.4724
40000.0 6.25 0.7219 -0.7273 0.6052 -0.2101 0.00155946 1.5457
45000.0 6.25 0.6887 -0.7561 0.6655 -0.2378 0.00177793 1.6014
50000.0 6.25 0.6931 -0.8512 0.7875 -0.287 0.0019815 1.6449
55000.0 6.25 0.7137 -0.9614 0.9156 -0.3364 0.00216739 1.68
60000.0 6.25 0.7452 -1.084 1.0522 -0.388 0.00234407 1.7088
3750.0 6.5 0.4948 1.2575 -1.7445 0.7037 8.00923e-07 -5.5604
4000.0 6.5 1.0111 -0.0564 -0.4083 0.2171 1.08252e-06 -5.0264
4250.0 6.5 1.3745 -1.0178 0.5998 -0.1583 1.50928e-06 -4.5558
4500.0 6.5 1.5508 -1.4951 1.1124 -0.3517 2.1354e-06 -4.138
4750.0 6.5 1.6209 -1.6259 1.2394 -0.3962 3.01705e-06 -3.7647
5000.0 6.5 1.3692 -0.9404 0.5526 -0.1453 4.27515e-06 -3.4295
5250.0 6.5 1.1785 -0.4411 0.0777 0.0237 5.9401e-06 -3.1269
5500.0 6.5 0.8567 0.3667 -0.6804 0.2881 7.96314e-06 -2.8526
5750.0 6.5 0.4658 1.3312 -1.5846 0.5967 1.03517e-05 -2.6029
6000.0 6.5 0.1226 2.1505 -2.3356 0.8442 1.30792e-05 -2.3747
6250.0 6.5 -0.1001 2.6274 -2.7265 0.9575 1.61578e-05 -2.1656
6500.0 6.5 -0.2098 2.799 -2.8043 0.9574 1.95994e-05 -1.9734
7000.0 6.5 -0.2786 2.7841 -2.6297 0.8459 2.77027e-05 -1.6323
7500.0 6.5 -0.2843 2.6817 -2.4235 0.7338 3.76102e-05 -1.3395
8000.0 6.5 -0.3062 2.7492 -2.494 0.7449 4.94869e-05 -1.0858
8500.0 6.5 -0.3317 2.9771 -2.8655 0.9014 6.34852e-05 -0.8645
9000.0 6.5 -0.2848 3.1188 -3.2567 1.099 7.96238e-05 -0.6699
9500.0 6.5 -0.079 2.7685 -3.1075 1.1 9.76664e-05 -0.4977
10000.0 6.5 0.1492 2.1768 -2.5669 0.9289 0.000116436 -0.3446
10500.0 6.5 0.3313 1.5283 -1.825 0.6588 0.000134358 -0.2076
11000.0 6.5 0.5193 0.7673 -0.9074 0.3215 0.00015009 -0.0845
11500.0 6.5 0.6427 0.3041 -0.3438 0.1015 0.000166154 0.0267
12000.0 6.5 0.6972 0.1511 -0.1967 0.0498 0.000182099 0.1274
12500.0 6.5 0.7321 0.0575 -0.1197 0.026 0.000198039 0.219
13000.0 6.5 0.7515 -0.0035 -0.0693 0.01 0.000214022 0.3027
13500.0 6.5 0.766 -0.0547 -0.0257 -0.0043 0.000229948 0.3794
14000.0 6.5 0.7715 -0.0853 -0.002 -0.0115 0.000245891 0.4499
14500.0 6.5 0.7733 -0.1071 0.0134 -0.0156 0.000261921 0.5149
15000.0 6.5 0.7738 -0.1274 0.029 -0.0201 0.000278099 0.5749
15500.0 6.5 0.7728 -0.1444 0.0424 -0.0239 0.000294474 0.6305
16000.0 6.5 0.772 -0.162 0.0572 -0.0284 0.000311083 0.6822
16500.0 6.5 0.7713 -0.1797 0.0726 -0.0331 0.000327956 0.7304
17000.0 6.5 0.7705 -0.1972 0.0884 -0.0381 0.000345112 0.7753
20000.0 6.5 0.7848 -0.344 0.2348 -0.0887 0.000454768 0.9917
25000.0 6.5 0.9119 -0.7919 0.6897 -0.2515 0.000671601 1.2244
30000.0 6.5 0.9916 -1.0657 0.9234 -0.3241 0.000965188 1.3715
35000.0 6.5 0.8017 -0.782 0.6267 -0.2112 0.00129193 1.4724
40000.0 6.5 0.6756 -0.6314 0.5089 -0.1747 0.00155122 1.5457
45000.0 6.5 0.6264 -0.6246 0.5345 -0.19 0.00176697 1.6014
50000.0 6.5 0.6143 -0.6826 0.6194 -0.2256 0.00196641 1.6449
55000.0 6.5 0.6225 -0.7668 0.7232 -0.2666 0.00214798 1.68
60000.0 6.5 0.6421 -0.8652 0.8367 -0.3102 0.00232059 1.7088
65000.0 6.5 0.5121 -0.326 0.2417 -0.0872 0.00289105 1.7329
70000.0 6.5 0.5145 -0.3815 0.3141 -0.1164 0.00307263 1.7533
75000.0 6.5 0.525 -0.4492 0.3957 -0.1482 0.00325294 1.7708
80000.0 6.5 0.5418 -0.5264 0.4849 -0.1824 0.00343275 1.786
85000.0 6.5 0.5634 -0.609 0.5771 -0.2173 0.00361264 1.7994
90000.0 6.5 0.5886 -0.6953 0.6709 -0.2523 0.00379306 1.8111
100000.0 6.5 0.6426 -0.8672 0.8548 -0.3205 0.00415697 1.831
3750.0 6.75 0.584 1.0469 -1.5345 0.6288 8.38092e-07 -5.5604
4000.0 6.75 1.073 -0.2061 -0.2522 0.1593 1.11836e-06 -5.0264
4250.0 6.75 1.4226 -1.1346 0.7228 -0.2044 1.53929e-06 -4.5558
4500.0 6.75 1.5959 -1.6081 1.2298 -0.3955 2.15707e-06 -4.138
4750.0 6.75 1.7087 -1.8742 1.5084 -0.4989 3.02705e-06 -3.7647
5000.0 6.75 1.4159 -1.0645 0.6723 -0.1883 4.2484e-06 -3.4295
5250.0 6.75 1.2749 -0.6844 0.3057 -0.0566 5.89787e-06 -3.1269
5500.0 6.75 1.0003 0.0131 -0.3553 0.1765 7.91839e-06 -2.8526
5750.0 6.75 0.6365 0.9143 -1.2013 0.4678 1.03093e-05 -2.6029
6000.0 6.75 0.2726 1.7969 -2.0219 0.7434 1.30492e-05 -2.3747
6250.0 6.75 0.0055 2.3999 -2.5467 0.9068 1.6128e-05 -2.1656
6500.0 6.75 -0.1509 2.7079 -2.7743 0.9633 1.9559e-05 -1.9734
7000.0 6.75 -0.2508 2.7891 -2.7113 0.8958 2.75755e-05 -1.6323
7500.0 6.75 -0.2641 2.722 -2.5596 0.8093 3.72875e-05 -1.3395
8000.0 6.75 -0.2744 2.7514 -2.5894 0.8066 4.88753e-05 -1.0858
8500.0 6.75 -0.2941 2.9317 -2.8861 0.93 6.24455e-05 -0.8645
9000.0 6.75 -0.2547 3.0531 -3.2208 1.0973 7.80539e-05 -0.6699
9500.0 6.75 -0.0757 2.777 -3.1462 1.1234 9.55609e-05 -0.4977
10000.0 6.75 0.1583 2.1938 -2.6352 0.9658 0.000114046 -0.3446
10500.0 6.75 0.3302 1.6447 -2.043 0.7542 0.000132306 -0.2076
11000.0 6.75 0.4761 1.0304 -1.2938 0.4755 0.000148183 -0.0845
11500.0 6.75 0.6249 0.4121 -0.5279 0.1846 0.000163468 0.0267
12000.0 6.75 0.7028 0.127 -0.186 0.0497 0.000179322 0.1274
12500.0 6.75 0.7402 0.0197 -0.0865 0.0156 0.000195242 0.219
13000.0 6.75 0.7641 -0.0512 -0.0264 -0.0036 0.000211215 0.3027
13500.0 6.75 0.7789 -0.1023 0.0174 -0.018 0.000227296 0.3794
14000.0 6.75 0.7858 -0.1354 0.0443 -0.0264 0.000243366 0.4499
14500.0 6.75 0.788 -0.1575 0.0608 -0.0312 0.000259498 0.5149
15000.0 6.75 0.7886 -0.177 0.0759 -0.0357 0.000275757 0.5749
15500.0 6.75 0.7878 -0.1934 0.0884 -0.0392 0.000292188 0.6305
16000.0 6.75 0.7863 -0.2084 0.1003 -0.0426 0.000308841 0.6822
16500.0 6.75 0.7851 -0.2241 0.1133 -0.0464 0.000325744 0.7304
17000.0 6.75 0.7842 -0.2415 0.1294 -0.0516 0.000342919 0.7753
20000.0 6.75 0.7975 -0.384 0.2716 -0.1009 0.000452647 0.9917
25000.0 6.75 0.9209 -0.8221 0.7165 -0.2601 0.000669505 1.2244
30000.0 6.75 0.9793 -1.0465 0.9007 -0.3146 0.00096275 1.3715
35000.0 6.75 0.7825 -0.7484 0.5925 -0.1984 0.00128678 1.4724
40000.0 6.75 0.6414 -0.5627 0.4399 -0.1492 0.00154343 1.5457
45000.0 6.75 0.5776 -0.5222 0.4316 -0.1523 0.00175663 1.6014
50000.0 6.75 0.5528 -0.5508 0.487 -0.1771 0.00195325 1.6449
55000.0 6.75 0.5482 -0.6084 0.5656 -0.2091 0.00213368 1.68
60000.0 6.75 0.5593 -0.6861 0.6579 -0.2449 0.00229943 1.7088
3750.0 7.0 0.6727 0.8355 -1.3212 0.552 8.77707e-07 -5.5604
4000.0 7.0 1.1316 -0.3478 -0.1032 0.1038 1.15779e-06 -5.0264
4250.0 7.0 1.4615 -1.2263 0.8197 -0.2407 1.57334e-06 -4.5558
4500.0 7.0 1.6296 -1.6905 1.3162 -0.4279 2.18278e-06 -4.138
4750.0 7.0 1.721 -1.9319 1.5786 -0.5274 3.04122e-06 -3.7647
5000.0 7.0 1.4534 -1.166 0.7717 -0.2241 4.22323e-06 -3.4295
5250.0 7.0 1.3274 -0.8253 0.4389 -0.1043 5.86486e-06 -3.1269
5500.0 7.0 1.125 -0.2976 -0.0668 0.0761 7.87765e-06 -2.8526
5750.0 7.0 0.7961 0.5226 -0.8406 0.3454 1.02659e-05 -2.6029
6000.0 7.0 0.4314 1.4136 -1.6735 0.6283 1.30146e-05 -2.3747
6250.0 7.0 0.1255 2.1297 -2.3201 0.8383 1.61062e-05 -2.1656
6500.0 7.0 -0.0697 2.5421 -2.6546 0.9336 1.95375e-05 -1.9734
7000.0 7.0 -0.2138 2.7486 -2.7277 0.9175 2.74999e-05 -1.6323
7500.0 7.0 -0.2336 2.71 -2.6191 0.851 3.70562e-05 -1.3395
8000.0 7.0 -0.2407 2.7366 -2.6558 0.8547 4.83713e-05 -1.0858
8500.0 7.0 -0.2433 2.8522 -2.8723 0.9464 6.15599e-05 -0.8645
9000.0 7.0 -0.202 2.9353 -3.139 1.0816 7.66805e-05 -0.6699
9500.0 7.0 -0.0491 2.7202 -3.116 1.1221 9.36234e-05 -0.4977
10000.0 7.0 0.1831 2.1588 -2.6414 0.9797 0.000111796 -0.3446
10500.0 7.0 0.3632 1.6212 -2.0896 0.7865 0.000129907 -0.2076
11000.0 7.0 0.4835 1.1412 -1.5106 0.5678 0.000146971 -0.0845
11500.0 7.0 0.5975 0.6122 -0.8473 0.3195 0.000161298 0.0267
12000.0 7.0 0.7049 0.1524 -0.2636 0.0907 0.000176508 0.1274
12500.0 7.0 0.7538 -0.0295 -0.0472 0.0047 0.000192312 0.219
13000.0 7.0 0.7785 -0.1066 0.0247 -0.0202 0.000208267 0.3027
13500.0 7.0 0.7929 -0.1552 0.0653 -0.0331 0.000224273 0.3794
14000.0 7.0 0.8024 -0.1942 0.0997 -0.0447 0.000240491 0.4499
14500.0 7.0 0.8047 -0.216 0.1163 -0.0496 0.000256744 0.5149
15000.0 7.0 0.8044 -0.2319 0.1276 -0.0527 0.000273086 0.5749
15500.0 7.0 0.8047 -0.2503 0.1428 -0.0575 0.000289579 0.6305
16000.0 7.0 0.8028 -0.2632 0.1524 -0.06 0.000306278 0.6822
16500.0 7.0 0.8016 -0.2787 0.1658 -0.0642 0.00032321 0.7304
17000.0 7.0 0.7995 -0.2923 0.1779 -0.068 0.000340409 0.7753
20000.0 7.0 0.8134 -0.4341 0.3194 -0.1171 0.000450225 0.9917
25000.0 7.0 0.9328 -0.8607 0.7524 -0.2721 0.000667202 1.2244
30000.0 7.0 0.9886 -1.081 0.934 -0.326 0.0009603 1.3715
35000.0 7.0 0.7657 -0.7196 0.5626 -0.1869 0.00128188 1.4724
40000.0 7.0 0.6137 -0.5083 0.3849 -0.1288 0.00153599 1.5457
45000.0 7.0 0.5405 -0.4454 0.3539 -0.1234 0.00174695 1.6014
50000.0 7.0 0.5057 -0.4509 0.3862 -0.1399 0.00194029 1.6449
55000.0 7.0 0.4938 -0.4893 0.4446 -0.1645 0.00211315 1.68
60000.0 7.0 0.4943 -0.5446 0.5156 -0.1927 0.00227824 1.7088
65000.0 7.0 0.3992 -0.0658 -0.0301 0.0149 0.00283572 1.7329
70000.0 7.0 0.3756 -0.0601 -0.019 0.0079 0.00300674 1.7533
75000.0 7.0 0.3604 -0.069 0.0044 -0.0031 0.0031755 1.7708
80000.0 7.0 0.3519 -0.0894 0.0379 -0.0174 0.00334286 1.786
85000.0 7.0 0.3491 -0.1193 0.0794 -0.0344 0.00350964 1.7994
90000.0 7.0 0.3508 -0.1558 0.126 -0.0528 0.00367598 1.8111
100000.0 7.0 0.3595 -0.2346 0.2221 -0.0903 0.00400909 1.831
3750.0 7.25 0.7613 0.6213 -1.1009 0.4713 9.19276e-07 -5.5604
4000.0 7.25 1.1883 -0.4857 0.0435 0.0487 1.20082e-06 -5.0264
4250.0 7.25 1.495 -1.3041 0.903 -0.2722 1.61159e-06 -4.5558
4500.0 7.25 1.6561 -1.7524 1.3813 -0.4523 2.21319e-06 -4.138
4750.0 7.25 1.7253 -1.948 1.596 -0.5342 3.05907e-06 -3.7647
5000.0 7.25 1.491 -1.2625 0.8652 -0.2576 4.20097e-06 -3.4295
5250.0 7.25 1.3858 -0.9786 0.5867 -0.1571 5.83355e-06 -3.1269
5500.0 7.25 1.2086 -0.5118 0.1324 0.0061 7.83907e-06 -2.8526
5750.0 7.25 0.9375 0.1733 -0.5185 0.2351 1.02235e-05 -2.6029
6000.0 7.25 0.5919 1.0241 -1.318 0.5097 1.29819e-05 -2.3747
6250.0 7.25 0.2612 1.8143 -2.0454 0.7516 1.60864e-05 -2.1656
6500.0 7.25 0.022 2.3483 -2.5064 0.8938 1.95287e-05 -1.9734
7000.0 7.25 -0.178 2.7019 -2.7279 0.9306 2.74633e-05 -1.6323
7500.0 7.25 -0.2087 2.6956 -2.6586 0.8807 3.68996e-05 -1.3395
8000.0 7.25 -0.2065 2.6997 -2.6789 0.8813 4.7962e-05 -1.0858
8500.0 7.25 -0.1962 2.7757 -2.8541 0.959 6.07904e-05 -0.8645
9000.0 7.25 -0.1428 2.8044 -3.0467 1.0628 7.54485e-05 -0.6699
9500.0 7.25 0.0024 2.5944 -3.0136 1.0948 9.18821e-05 -0.4977
10000.0 7.25 0.2254 2.0713 -2.5876 0.9711 0.000109637 -0.3446
10500.0 7.25 0.4147 1.5236 -2.0418 0.7827 0.000127594 -0.2076
11000.0 7.25 0.5364 1.0923 -1.5499 0.5998 0.000145054 -0.0845
11500.0 7.25 0.6157 0.6928 -1.0325 0.3997 0.000160257 0.0267
12000.0 7.25 0.7025 0.2595 -0.4757 0.1883 0.00017406 0.1274
12500.0 7.25 0.7721 -0.061 -0.0558 0.0189 0.000189299 0.219
13000.0 7.25 0.8004 -0.1801 0.0902 -0.0407 0.000205132 0.3027
13500.0 7.25 0.8129 -0.2276 0.1355 -0.057 0.000221144 0.3794
14000.0 7.25 0.8199 -0.2588 0.1612 -0.0652 0.000237287 0.4499
14500.0 7.25 0.8247 -0.2855 0.1836 -0.0724 0.000253639 0.5149
15000.0 7.25 0.826 -0.3049 0.1995 -0.0775 0.000270039 0.5749
15500.0 7.25 0.824 -0.3164 0.2078 -0.0799 0.000286588 0.6305
16000.0 7.25 0.8215 -0.3273 0.2154 -0.0818 0.000303328 0.6822
16500.0 7.25 0.8192 -0.3389 0.2246 -0.0843 0.00032029 0.7304
17000.0 7.25 0.8182 -0.3543 0.2385 -0.0888 0.000337508 0.7753
20000.0 7.25 0.8298 -0.4878 0.3717 -0.1351 0.000447378 0.9917
25000.0 7.25 0.945 -0.9019 0.7919 -0.2854 0.00066453 1.2244
30000.0 7.25 0.9879 -1.0918 0.943 -0.3283 0.000957685 1.3715
35000.0 7.25 0.7567 -0.7115 0.5553 -0.184 0.00127685 1.4724
40000.0 7.25 0.5954 -0.4764 0.3531 -0.1168 0.00152853 1.5457
45000.0 7.25 0.5136 -0.393 0.3018 -0.1042 0.00173733 1.6014
50000.0 7.25 0.471 -0.3785 0.3131 -0.1128 0.00192659 1.6449
55000.0 7.25 0.4522 -0.4011 0.3559 -0.1318 0.00209741 1.68
60000.0 7.25 0.4456 -0.4405 0.4108 -0.1541 0.0022623 1.7088
3750.0 7.5 0.8428 0.4227 -0.894 0.395 9.62954e-07 -5.5604
4000.0 7.5 1.2411 -0.6134 0.1804 -0.0029 1.24766e-06 -5.0264
4250.0 7.5 1.5237 -1.3696 0.9744 -0.2995 1.65468e-06 -4.5558
4500.0 7.5 1.6762 -1.7958 1.4273 -0.4696 2.24869e-06 -4.138
4750.0 7.5 1.7419 -1.9871 1.6358 -0.549 3.08231e-06 -3.7647
5000.0 7.5 1.5253 -1.3475 0.9476 -0.2872 4.18185e-06 -3.4295
5250.0 7.5 1.4146 -1.0586 0.6629 -0.1842 5.80406e-06 -3.1269
5500.0 7.5 1.2813 -0.6999 0.3105 -0.057 7.80537e-06 -2.8526
5750.0 7.5 1.0557 -0.1223 -0.2441 0.1398 1.0185e-05 -2.6029
6000.0 7.5 0.7454 0.6476 -0.9715 0.3925 1.29477e-05 -2.3747
6250.0 7.5 0.4103 1.4603 -1.7295 0.6492 1.6068e-05 -2.1656
6500.0 7.5 0.133 2.1005 -2.3014 0.8328 1.95297e-05 -1.9734
7000.0 7.5 -0.1334 2.6234 -2.6886 0.9278 2.74527e-05 -1.6323
7500.0 7.5 -0.1889 2.6795 -2.6815 0.9002 3.68077e-05 -1.3395
8000.0 7.5 -0.1774 2.6585 -2.6805 0.8954 4.76725e-05 -1.0858
8500.0 7.5 -0.1497 2.6847 -2.8051 0.9559 6.01741e-05 -0.8645
9000.0 7.5 -0.0812 2.6623 -2.9375 1.0365 7.44088e-05 -0.6699
9500.0 7.5 0.0623 2.4456 -2.887 1.0591 9.03145e-05 -0.4977
10000.0 7.5 0.2863 1.9247 -2.4649 0.9362 0.000107662 -0.3446
10500.0 7.5 0.4867 1.3522 -1.9009 0.7417 0.000125445 -0.2076
11000.0 7.5 0.6169 0.9224 -1.4334 0.5711 0.000142808 -0.0845
11500.0 7.5 0.6926 0.5858 -1.0116 0.4079 0.000159379 0.0267
12000.0 7.5 0.7377 0.2833 -0.5996 0.2475 0.000172919 0.1274
12500.0 7.5 0.7947 -0.0434 -0.1626 0.0775 0.000186673 0.219
13000.0 7.5 0.8336 -0.2586 0.1352 -0.0469 0.000201983 0.3027
13500.0 7.5 0.8432 -0.3247 0.2247 -0.0856 0.000217882 0.3794
14000.0 7.5 0.8454 -0.3478 0.2488 -0.0952 0.000234008 0.4499
14500.0 7.5 0.8453 -0.3614 0.2589 -0.0985 0.000250237 0.5149
15000.0 7.5 0.8443 -0.3715 0.2629 -0.0985 0.000266525 0.5749
15500.0 7.5 0.8397 -0.3765 0.2663 -0.0996 0.000283374 0.6305
16000.0 7.5 0.8362 -0.3841 0.2713 -0.1007 0.000300152 0.6822
16500.0 7.5 0.835 -0.3979 0.2832 -0.1046 0.000317136 0.7304
17000.0 7.5 0.8337 -0.4114 0.295 -0.1082 0.000334371 0.7753
20000.0 7.5 0.8466 -0.5443 0.4274 -0.1544 0.000444289 0.9917
25000.0 7.5 0.9606 -0.9528 0.8419 -0.3028 0.000661717 1.2244
30000.0 7.5 0.9874 -1.1054 0.9567 -0.3329 0.000955122 1.3715
35000.0 7.5 0.7457 -0.6996 0.5454 -0.1806 0.00127199 1.4724
40000.0 7.5 0.5797 -0.4518 0.3299 -0.1082 0.00152139 1.5457
45000.0 7.5 0.4903 -0.349 0.2582 -0.0879 0.0017283 1.6014
50000.0 7.5 0.4448 -0.327 0.2619 -0.0938 0.00191551 1.6449
55000.0 7.5 0.4205 -0.3361 0.2907 -0.1076 0.00208513 1.68
60000.0 7.5 0.4088 -0.3621 0.3319 -0.125 0.00224367 1.7088
65000.0 7.5 0.2375 0.1592 -0.2222 0.0812 0.00259608 1.7329
70000.0 7.5 0.2057 0.1873 -0.2365 0.0842 0.00275156 1.7533
75000.0 7.5 0.1804 0.205 -0.2429 0.085 0.00290272 1.7708
80000.0 7.5 0.1609 0.2136 -0.2412 0.0828 0.00305186 1.786
85000.0 7.5 0.1459 0.2154 -0.2341 0.079 0.00320068 1.7994
90000.0 7.5 0.1351 0.2101 -0.2205 0.0728 0.0033482 1.8111
100000.0 7.5 0.1169 0.1978 -0.1941 0.0612 0.00364211 1.831
3750.0 7.75 0.9271 0.2162 -0.6769 0.3143 1.00926e-06 -5.5604
4000.0 7.75 1.293 -0.74 0.3175 -0.055 1.29842e-06 -5.0264
4250.0 7.75 1.5489 -1.426 1.0369 -0.3237 1.7027e-06 -4.5558
4500.0 7.75 1.6922 -1.8286 1.4633 -0.4835 2.28979e-06 -4.138
4750.0 7.75 1.7558 -2.0177 1.6679 -0.5611 3.11142e-06 -3.7647
5000.0 7.75 1.5618 -1.4343 1.0321 -0.3176 4.1661e-06 -3.4295
5250.0 7.75 1.4314 -1.1061 0.7068 -0.1997 5.7753e-06 -3.1269
5500.0 7.75 1.3201 -0.8079 0.4136 -0.0939 7.77278e-06 -2.8526
5750.0 7.75 1.1459 -0.3531 -0.0274 0.0636 1.01521e-05 -2.6029
6000.0 7.75 0.8827 0.3089 -0.6588 0.2855 1.29146e-05 -2.3747
6250.0 7.75 0.5633 1.0901 -1.392 0.5366 1.60502e-05 -2.1656
6500.0 7.75 0.2646 1.7921 -2.0302 0.7464 1.95287e-05 -1.9734
7000.0 7.75 -0.0761 2.5089 -2.6105 0.9106 2.74721e-05 -1.6323
7500.0 7.75 -0.1598 2.6262 -2.6552 0.8992 3.67564e-05 -1.3395
8000.0 7.75 -0.1552 2.6193 -2.6676 0.8996 4.74729e-05 -1.0858
8500.0 7.75 -0.1179 2.6176 -2.7655 0.9519 5.96975e-05 -0.8645
9000.0 7.75 -0.0386 2.562 -2.8624 1.0198 7.35115e-05 -0.6699
9500.0 7.75 0.1261 2.2788 -2.7349 1.0123 8.89626e-05 -0.4977
10000.0 7.75 0.3506 1.7651 -2.3244 0.8938 0.000105823 -0.3446
10500.0 7.75 0.5652 1.1575 -1.7295 0.6887 0.000123397 -0.2076
11000.0 7.75 0.7108 0.6882 -1.2282 0.5064 0.000140687 -0.0845
11500.0 7.75 0.7996 0.3496 -0.8299 0.3549 0.000157504 0.0267
12000.0 7.75 0.836 0.1087 -0.498 0.2225 0.000172795 0.1274
12500.0 7.75 0.8527 -0.0977 -0.1986 0.1052 0.0001854 0.219
13000.0 7.75 0.8809 -0.3233 0.1233 -0.0238 0.000199222 0.3027
13500.0 7.75 0.8932 -0.4526 0.3232 -0.1116 0.0002146 0.3794
14000.0 7.75 0.8867 -0.4766 0.3719 -0.1363 0.000230578 0.4499
14500.0 7.75 0.8763 -0.4671 0.3642 -0.1348 0.000246842 0.5149
15000.0 7.75 0.8698 -0.4622 0.3547 -0.1308 0.000263169 0.5749
15500.0 7.75 0.8642 -0.4615 0.3512 -0.129 0.000279776 0.6305
16000.0 7.75 0.8622 -0.4718 0.3599 -0.1319 0.00029675 0.6822
16500.0 7.75 0.8583 -0.4772 0.3629 -0.1324 0.000313758 0.7304
17000.0 7.75 0.8577 -0.4914 0.3754 -0.1365 0.000331006 0.7753
20000.0 7.75 0.8661 -0.61 0.4936 -0.1777 0.000440946 0.9917
25000.0 7.75 0.9724 -0.9961 0.885 -0.3177 0.000658746 1.2244
30000.0 7.75 0.9866 -1.1184 0.9699 -0.3371 0.000952617 1.3715
35000.0 7.75 0.7363 -0.6923 0.5406 -0.1789 0.00126724 1.4724
40000.0 7.75 0.5674 -0.4362 0.3165 -0.1034 0.00151445 1.5457
45000.0 7.75 0.4767 -0.3286 0.2396 -0.0812 0.00171966 1.6014
50000.0 7.75 0.4259 -0.2927 0.2292 -0.082 0.00190322 1.6449
55000.0 7.75 0.3968 -0.2884 0.2433 -0.0901 0.00206914 1.68
60000.0 7.75 0.3809 -0.3053 0.2753 -0.1041 0.0022303 1.7088
65000.0 7.75 0.3579 0.0256 -0.1312 0.0549 0.0027698 1.7329
70000.0 7.75 0.3174 0.0762 -0.1674 0.0655 0.00293037 1.7533
75000.0 7.75 0.2835 0.1142 -0.1926 0.0725 0.00308592 1.7708
80000.0 7.75 0.2554 0.1429 -0.2096 0.0767 0.00323974 1.786
85000.0 7.75 0.2319 0.1648 -0.2215 0.0795 0.00339285 1.7994
90000.0 7.75 0.2125 0.1796 -0.2274 0.0803 0.00354445 1.8111
100000.0 7.75 0.1782 0.203 -0.2343 0.0803 0.00384586 1.831
3750.0 8.0 1.0145 -0.0001 -0.4473 0.2283 1.06113e-06 -5.5604
4000.0 8.0 1.3406 -0.8557 0.4436 -0.103 1.35326e-06 -5.0264
4250.0 8.0 1.5709 -1.4746 1.0918 -0.345 1.75592e-06 -4.5558
4500.0 8.0 1.7054 -1.8539 1.4925 -0.4951 2.33666e-06 -4.138
4750.0 8.0 1.7644 -2.0322 1.6834 -0.5671 3.1471e-06 -3.7647
5000.0 8.0 1.6054 -1.5376 1.1357 -0.3555 4.15398e-06 -3.4295
5250.0 8.0 1.4609 -1.1788 0.7746 -0.2234 5.7495e-06 -3.1269
5500.0 8.0 1.3634 -0.9227 0.5238 -0.1331 7.74031e-06 -2.8526
5750.0 8.0 1.2243 -0.5527 0.16 -0.002 1.01214e-05 -2.6029
6000.0 8.0 0.9994 0.0173 -0.3877 0.1916 1.28867e-05 -2.3747
6250.0 8.0 0.7102 0.7307 -1.0618 0.4252 1.60313e-05 -2.1656
6500.0 8.0 0.4063 1.4562 -1.7306 0.6491 1.95297e-05 -1.9734
7000.0 8.0 -0.0074 2.3679 -2.5085 0.8855 2.75036e-05 -1.6323
7500.0 8.0 -0.1287 2.5648 -2.6174 0.8932 3.6763e-05 -1.3395
8000.0 8.0 -0.1493 2.6165 -2.6842 0.9122 4.73456e-05 -1.0858
8500.0 8.0 -0.0961 2.5614 -2.7209 0.9414 5.93442e-05 -0.8645
9000.0 8.0 -0.0054 2.4706 -2.7798 0.9956 7.2807e-05 -0.6699
9500.0 8.0 0.1711 2.1554 -2.6198 0.9765 8.78085e-05 -0.4977
10000.0 8.0 0.4108 1.6066 -2.1765 0.8466 0.000104204 -0.3446
10500.0 8.0 0.6436 0.9582 -1.5462 0.6297 0.000121524 -0.2076
11000.0 8.0 0.8044 0.4432 -1.0002 0.431 0.000138697 -0.0845
11500.0 8.0 0.9106 0.0675 -0.5757 0.2716 0.000155498 0.0267
12000.0 8.0 0.9648 -0.1885 -0.2496 0.1433 0.000171747 0.1274
12500.0 8.0 0.967 -0.3316 -0.0239 0.0507 0.000185726 0.219
13000.0 8.0 0.9609 -0.4538 0.1753 -0.0288 0.000197944 0.3027
13500.0 8.0 0.9616 -0.5844 0.3878 -0.1176 0.000211813 0.3794
14000.0 8.0 0.9524 -0.6476 0.5138 -0.1774 0.000227276 0.4499
14500.0 8.0 0.93 -0.6295 0.5208 -0.1875 0.000243339 0.5149
15000.0 8.0 0.9088 -0.5927 0.4882 -0.1778 0.000259764 0.5749
15500.0 8.0 0.8923 -0.5607 0.4524 -0.1648 0.000276075 0.6305
16000.0 8.0 0.883 -0.5497 0.4384 -0.1591 0.000293028 0.6822
16500.0 8.0 0.8657 -0.5217 0.408 -0.1476 0.000310262 0.7304
17000.0 8.0 0.8762 -0.5612 0.4468 -0.1616 0.000327503 0.7753
20000.0 8.0 0.8802 -0.6642 0.5486 -0.1969 0.000437459 0.9917
25000.0 8.0 0.9853 -1.0435 0.9333 -0.3347 0.000655693 1.2244
30000.0 8.0 0.9829 -1.1254 0.9779 -0.3397 0.000950246 1.3715
35000.0 8.0 0.7259 -0.6828 0.5345 -0.177 0.00126269 1.4724
40000.0 8.0 0.5562 -0.4232 0.3072 -0.1005 0.00150782 1.5457
45000.0 8.0 0.4642 -0.311 0.2246 -0.0759 0.00171151 1.6014
50000.0 8.0 0.4094 -0.2632 0.2006 -0.0713 0.0018935 1.6449
55000.0 8.0 0.3788 -0.255 0.2113 -0.0784 0.00205798 1.68
60000.0 8.0 0.3603 -0.2645 0.2356 -0.0896 0.00221523 1.7088
3750.0 8.25 1.0843 -0.1717 -0.2626 0.1584 1.1142e-06 -5.5604
4000.0 8.25 1.3845 -0.9624 0.5616 -0.1485 1.41263e-06 -5.0264
4250.0 8.25 1.5907 -1.5174 1.1414 -0.3646 1.81452e-06 -4.5558
4500.0 8.25 1.7151 -1.869 1.5108 -0.5025 2.38962e-06 -4.138
4750.0 8.25 1.768 -2.0338 1.6863 -0.5686 3.19046e-06 -3.7647
5000.0 8.25 1.6619 -1.6741 1.2762 -0.4076 4.14466e-06 -3.4295
5250.0 8.25 1.4786 -1.219 0.8099 -0.2353 5.72703e-06 -3.1269
5500.0 8.25 1.3842 -0.9804 0.5775 -0.1518 7.70903e-06 -2.8526
5750.0 8.25 1.258 -0.6508 0.2552 -0.0365 1.00928e-05 -2.6029
6000.0 8.25 1.0925 -0.2174 -0.1685 0.1153 1.28624e-05 -2.3747
6250.0 8.25 0.8407 0.4088 -0.7645 0.3235 1.60142e-05 -2.1656
6500.0 8.25 0.5513 1.1092 -1.418 0.546 1.95296e-05 -1.9734
7000.0 8.25 0.0824 2.1716 -2.3516 0.841 2.7551e-05 -1.6323
7500.0 8.25 -0.0934 2.4945 -2.5719 0.8847 3.68046e-05 -1.3395
8000.0 8.25 -0.1189 2.5338 -2.6061 0.8872 4.73046e-05 -1.0858
8500.0 8.25 -0.0791 2.5041 -2.6617 0.9219 5.90943e-05 -0.8645
9000.0 8.25 0.0116 2.408 -2.7121 0.9726 7.22572e-05 -0.6699
9500.0 8.25 0.191 2.0877 -2.5498 0.9536 8.6853e-05 -0.4977
10000.0 8.25 0.4463 1.5079 -2.0826 0.8169 0.000102795 -0.3446
10500.0 8.25 0.7018 0.8129 -1.4156 0.5891 0.000119762 -0.2076
11000.0 8.25 0.8864 0.226 -0.7946 0.3624 0.000136906 -0.0845
11500.0 8.25 1.01 -0.1996 -0.3226 0.186 0.000153617 0.0267
12000.0 8.25 1.0852 -0.4993 0.0363 0.0469 0.000170055 0.1274
12500.0 8.25 1.1047 -0.6641 0.2716 -0.0491 0.000185694 0.219
13000.0 8.25 1.083 -0.7268 0.4026 -0.1051 0.000198641 0.3027
13500.0 8.25 1.0577 -0.7755 0.513 -0.1509 0.00021072 0.3794
14000.0 8.25 1.0371 -0.8303 0.6356 -0.2053 0.000224615 0.4499
14500.0 8.25 1.0093 -0.8362 0.6975 -0.2406 0.000240057 0.5149
15000.0 8.25 0.9736 -0.7845 0.6735 -0.2403 0.000256221 0.5749
15500.0 8.25 0.9407 -0.7173 0.6124 -0.2212 0.000272657 0.6305
16000.0 8.25 0.9161 -0.6672 0.5594 -0.2021 0.00028863 0.6822
16500.0 8.25 0.9021 -0.6385 0.5266 -0.1895 0.000306292 0.7304
17000.0 8.25 0.8963 -0.638 0.526 -0.1895 0.000323991 0.7753
20000.0 8.25 0.899 -0.7319 0.6188 -0.222 0.000433865 0.9917
25000.0 8.25 0.9926 -1.0782 0.9695 -0.3474 0.000652605 1.2244
30000.0 8.25 0.9773 -1.1278 0.9819 -0.341 0.000948019 1.3715
35000.0 8.25 0.7155 -0.6737 0.5294 -0.1756 0.00125829 1.4724
40000.0 8.25 0.5384 -0.3946 0.2822 -0.0919 0.00150151 1.5457
45000.0 8.25 0.4533 -0.2965 0.2133 -0.0722 0.0017038 1.6014
50000.0 8.25 0.3983 -0.2468 0.1867 -0.0666 0.00188345 1.6449
55000.0 8.25 0.365 -0.231 0.1889 -0.0703 0.00204766 1.68
60000.0 8.25 0.3449 -0.2346 0.2064 -0.0789 0.00220091 1.7088
65000.0 8.25 0.3654 -0.0039 -0.0985 0.0429 0.00273238 1.7329
70000.0 8.25 0.3229 0.0558 -0.1464 0.0583 0.0028885 1.7533
75000.0 8.25 0.2868 0.1037 -0.1833 0.0698 0.00304061 1.7708
80000.0 8.25 0.2558 0.1426 -0.2121 0.0787 0.00318951 1.786
85000.0 8.25 0.2287 0.1754 -0.236 0.086 0.00333574 1.7994
90000.0 8.25 0.2048 0.2034 -0.2561 0.0921 0.00348119 1.8111
100000.0 8.25 0.1612 0.2539 -0.2929 0.1035 0.00376852 1.831
3750.0 8.5 1.1571 -0.3529 -0.0667 0.0842 1.17223e-06 -5.5604
4000.0 8.5 1.4242 -1.0578 0.6677 -0.1894 1.47719e-06 -5.0264
4250.0 8.5 1.6071 -1.5514 1.1816 -0.3805 1.87926e-06 -4.5558
4500.0 8.5 1.7223 -1.8779 1.5237 -0.5082 2.44961e-06 -4.138
4750.0 8.5 1.7719 -2.0342 1.6882 -0.5697 3.24082e-06 -3.7647
5000.0 8.5 1.6166 -1.5354 1.1212 -0.3478 4.1355e-06 -3.4295
5250.0 8.5 1.5045 -1.2755 0.8621 -0.2535 5.70855e-06 -3.1269
5500.0 8.5 1.4014 -1.024 0.6159 -0.1648 7.67953e-06 -2.8526
5750.0 8.5 1.3098 -0.7855 0.3848 -0.0825 1.00627e-05 -2.6029
6000.0 8.5 1.1671 -0.4096 0.0139 0.051 1.28437e-05 -2.3747
6250.0 8.5 0.9523 0.1316 -0.5074 0.235 1.60074e-05 -2.1656
6500.0 8.5 0.6909 0.7716 -1.1107 0.443 1.9535e-05 -1.9734
7000.0 8.5 0.1917 1.9249 -2.1444 0.7783 2.76045e-05 -1.6323
7500.0 8.5 -0.0504 2.4095 -2.5164 0.8738 3.68745e-05 -1.3395
8000.0 8.5 -0.0987 2.4821 -2.5618 0.875 4.73261e-05 -1.0858
8500.0 8.5 -0.0639 2.4438 -2.5914 0.8962 5.8963e-05 -0.8645
9000.0 8.5 0.0186 2.3589 -2.6449 0.946 7.18542e-05 -0.6699
9500.0 8.5 0.1913 2.0581 -2.5044 0.9352 8.60967e-05 -0.4977
10000.0 8.5 0.4494 1.4863 -2.0574 0.8089 0.000101614 -0.3446
10500.0 8.5 0.7321 0.7375 -1.3494 0.5696 0.000118227 -0.2076
11000.0 8.5 0.9427 0.0842 -0.667 0.3221 0.000135241 -0.0845
11500.0 8.5 1.0866 -0.4095 -0.1212 0.1176 0.000151973 0.0267
12000.0 8.5 1.1835 -0.7666 0.291 -0.0402 0.000168388 0.1274
12500.0 8.5 1.2253 -0.9789 0.5645 -0.1495 0.000184557 0.219
13000.0 8.5 1.2179 -1.0626 0.7102 -0.2116 0.000199598 0.3027
13500.0 8.5 1.1796 -1.0626 0.7644 -0.2377 0.000211905 0.3794
14000.0 8.5 1.1401 -1.0531 0.8034 -0.2563 0.000223904 0.4499
14500.0 8.5 1.1041 -1.0484 0.8529 -0.282 0.000237635 0.5149
15000.0 8.5 1.0625 -1.013 0.8691 -0.2996 0.000253099 0.5749
15500.0 8.5 1.0163 -0.9342 0.819 -0.2899 0.000269376 0.6305
16000.0 8.5 0.9733 -0.8436 0.7391 -0.2652 0.000286085 0.6822
16500.0 8.5 0.9403 -0.7693 0.6644 -0.2393 0.000302918 0.7304
17000.0 8.5 0.9219 -0.7319 0.6243 -0.2247 0.000320167 0.7753
20000.0 8.5 0.9169 -0.7987 0.6891 -0.2472 0.000430313 0.9917
25000.0 8.5 1.0059 -1.1266 1.0198 -0.3654 0.000649574 1.2244
30000.0 8.5 0.9643 -1.1128 0.9694 -0.3366 0.000946054 1.3715
35000.0 8.5 0.7045 -0.6627 0.5234 -0.1744 0.00125415 1.4724
40000.0 8.5 0.5398 -0.4102 0.3019 -0.0997 0.00149552 1.5457
45000.0 8.5 0.444 -0.2853 0.205 -0.0695 0.0016967 1.6014
50000.0 8.5 0.3894 -0.2333 0.1749 -0.0624 0.00187231 1.6449
55000.0 8.5 0.3554 -0.2147 0.1734 -0.0646 0.00203506 1.68
60000.0 8.5 0.3327 -0.2137 0.1871 -0.0718 0.00219165 1.7088
65000.0 8.5 0.3714 -0.0225 -0.078 0.0353 0.00271724 1.7329
70000.0 8.5 0.3305 0.0341 -0.1229 0.0496 0.00287125 1.7533
75000.0 8.5 0.2949 0.0823 -0.1607 0.0616 0.00302137 1.7708
80000.0 8.5 0.2639 0.1229 -0.1922 0.0716 0.00316857 1.786
85000.0 8.5 0.2366 0.1576 -0.2188 0.0801 0.0033137 1.7994
90000.0 8.5 0.2128 0.1864 -0.2401 0.0866 0.00345707 1.8111
100000.0 8.5 0.1688 0.2401 -0.2805 0.0993 0.00374019 1.831
3750.0 8.75 1.2225 -0.5152 0.111 0.0163 1.23594e-06 -5.5604
4000.0 8.75 1.4603 -1.1444 0.7653 -0.2272 1.54765e-06 -5.0264
4250.0 8.75 1.6215 -1.5798 1.2163 -0.3944 1.95044e-06 -4.5558
4500.0 8.75 1.7266 -1.8784 1.5275 -0.5103 2.51681e-06 -4.138
4750.0 8.75 1.7765 -2.0356 1.6919 -0.5717 3.29879e-06 -3.7647
5000.0 8.75 1.6818 -1.6914 1.2854 -0.4094 4.13103e-06 -3.4295
5250.0 8.75 1.5307 -1.3301 0.9131 -0.2714 5.69353e-06 -3.1269
5500.0 8.75 1.4169 -1.0593 0.6455 -0.1745 7.6525e-06 -2.8526
5750.0 8.75 1.3171 -0.8132 0.41 -0.0914 1.00318e-05 -2.6029
6000.0 8.75 1.2011 -0.5101 0.1134 0.0146 1.2823e-05 -2.3747
6250.0 8.75 1.0386 -0.0894 -0.2986 0.1618 1.59999e-05 -2.1656
6500.0 8.75 0.815 0.4681 -0.8322 0.3486 1.95476e-05 -1.9734
7000.0 8.75 0.3134 1.6484 -1.9099 0.7062 2.76659e-05 -1.6323
7500.0 8.75 0.0161 2.2649 -2.4031 0.8432 3.69782e-05 -1.3395
8000.0 8.75 -0.0681 2.4047 -2.4927 0.8542 4.73906e-05 -1.0858
8500.0 8.75 -0.047 2.3764 -2.5103 0.8656 5.89273e-05 -0.8645
9000.0 8.75 0.0257 2.2985 -2.5556 0.9085 7.16248e-05 -0.6699
9500.0 8.75 0.1796 2.0445 -2.4599 0.913 8.55158e-05 -0.4977
10000.0 8.75 0.423 1.531 -2.0871 0.8169 0.000100652 -0.3446
10500.0 8.75 0.7227 0.765 -1.3826 0.5842 0.000116899 -0.2076
11000.0 8.75 0.9667 0.0303 -0.6249 0.3113 0.000133758 -0.0845
11500.0 8.75 1.1322 -0.5267 -0.0169 0.0848 0.000150482 0.0267
12000.0 8.75 1.2494 -0.9495 0.465 -0.0994 0.000166926 0.1274
12500.0 8.75 1.3151 -1.2237 0.7963 -0.229 0.00018321 0.219
13000.0 8.75 1.3294 -1.3567 0.9857 -0.3073 0.000199172 0.3027
13500.0 8.75 1.3001 -1.3703 1.0509 -0.3385 0.000213751 0.3794
14000.0 8.75 1.2542 -1.3296 1.051 -0.343 0.000225729 0.4499
14500.0 8.75 1.2058 -1.2785 1.0374 -0.3413 0.000237622 0.5149
15000.0 8.75 1.1589 -1.2308 1.0331 -0.3457 0.000251278 0.5749
15500.0 8.75 1.109 -1.1648 1.011 -0.3471 0.000266512 0.6305
16000.0 8.75 1.0556 -1.0708 0.9499 -0.3341 0.000282728 0.6822
16500.0 8.75 1.0055 -0.9641 0.8577 -0.3063 0.000299345 0.7304
17000.0 8.75 0.9589 -0.8556 0.7517 -0.2701 0.000316315 0.7753
20000.0 8.75 0.9338 -0.8635 0.7581 -0.2723 0.000426836 0.9917
25000.0 8.75 1.015 -1.1641 1.059 -0.3794 0.000646644 1.2244
30000.0 8.75 0.9579 -1.1116 0.97 -0.337 0.000944261 1.3715
35000.0 8.75 0.6921 -0.6464 0.5104 -0.1701 0.00125029 1.4724
40000.0 8.75 0.5304 -0.3993 0.2942 -0.0973 0.00148994 1.5457
45000.0 8.75 0.4361 -0.276 0.1982 -0.0672 0.00169009 1.6014
50000.0 8.75 0.3832 -0.2267 0.1706 -0.061 0.00186366 1.6449
55000.0 8.75 0.3486 -0.205 0.1651 -0.0615 0.00202475 1.68
60000.0 8.75 0.3262 -0.2019 0.1754 -0.0673 0.00217716 1.7088
3750.0 9.0 1.2864 -0.6715 0.2801 -0.0481 1.30398e-06 -5.5604
4000.0 9.0 1.4906 -1.2152 0.846 -0.2588 1.62503e-06 -5.0264
4250.0 9.0 1.6334 -1.6019 1.2452 -0.4065 2.02881e-06 -4.5558
4500.0 9.0 1.7295 -1.8768 1.5308 -0.5127 2.59223e-06 -4.138
4750.0 9.0 1.7754 -2.0219 1.6805 -0.5682 3.3686e-06 -3.7647
5000.0 9.0 1.6914 -1.6969 1.2878 -0.4098 4.12962e-06 -3.4295
5250.0 9.0 1.5661 -1.4061 0.9875 -0.2983 5.68134e-06 -3.1269
5500.0 9.0 1.4266 -1.0756 0.6554 -0.1768 7.6294e-06 -2.8526
5750.0 9.0 1.3363 -0.8613 0.4521 -0.1053 1.00022e-05 -2.6029
6000.0 9.0 1.2311 -0.5925 0.1919 -0.0132 1.28003e-05 -2.3747
6250.0 9.0 1.1129 -0.2789 -0.119 0.0989 1.59969e-05 -2.1656
6500.0 9.0 0.9186 0.2075 -0.5873 0.2635 1.95642e-05 -1.9734
7000.0 9.0 0.446 1.3376 -1.6359 0.6181 2.77389e-05 -1.6323
7500.0 9.0 0.0927 2.1022 -2.279 0.8104 3.71091e-05 -1.3395
8000.0 9.0 -0.0302 2.3144 -2.4159 0.8322 4.75222e-05 -1.0858
8500.0 9.0 -0.0251 2.2963 -2.4167 0.8307 5.89814e-05 -0.8645
9000.0 9.0 0.0371 2.2208 -2.4424 0.8608 7.1506e-05 -0.6699
9500.0 9.0 0.1577 2.0471 -2.4208 0.8896 8.51269e-05 -0.4977
10000.0 9.0 0.3781 1.6082 -2.1348 0.8274 9.99289e-05 -0.3446
10500.0 9.0 0.6795 0.8708 -1.4829 0.6191 0.000115816 -0.2076
11000.0 9.0 0.9525 0.0812 -0.6877 0.3375 0.00013248 -0.0845
11500.0 9.0 1.1415 -0.5447 -0.0109 0.0865 0.000149208 0.0267
12000.0 9.0 1.2806 -1.0313 0.5345 -0.1203 0.00016566 0.1274
12500.0 9.0 1.3696 -1.372 0.9321 -0.2741 0.000181997 0.219
13000.0 9.0 1.4071 -1.5675 1.1825 -0.3747 0.000198261 0.3027
13500.0 9.0 1.3972 -1.6274 1.2909 -0.4223 0.000214099 0.3794
14000.0 9.0 1.3578 -1.5979 1.3019 -0.4319 0.000228411 0.4499
14500.0 9.0 1.3112 -1.5381 1.2726 -0.4243 0.00024022 0.5149
15000.0 9.0 1.2559 -1.4543 1.2175 -0.4068 0.000252059 0.5749
15500.0 9.0 1.2026 -1.376 1.1728 -0.3947 0.000265478 0.6305
16000.0 9.0 1.1474 -1.2892 1.1234 -0.384 0.000280408 0.6822
16500.0 9.0 1.0901 -1.1853 1.0522 -0.3667 0.000296607 0.7304
17000.0 9.0 1.0353 -1.0748 0.9619 -0.3405 0.000312667 0.7753
20000.0 9.0 0.9505 -0.9276 0.8262 -0.297 0.000423519 0.9917
25000.0 9.0 1.0175 -1.1886 1.0852 -0.3885 0.000642704 1.2244
30000.0 9.0 0.9471 -1.0998 0.9586 -0.3324 0.000941417 1.3715
35000.0 9.0 0.6852 -0.643 0.5108 -0.1707 0.00124677 1.4724
40000.0 9.0 0.5197 -0.3868 0.2854 -0.0945 0.00148362 1.5457
45000.0 9.0 0.4316 -0.2772 0.2032 -0.0695 0.00168294 1.6014
50000.0 9.0 0.3783 -0.2242 0.1704 -0.061 0.00185451 1.6449
55000.0 9.0 0.3438 -0.2013 0.1633 -0.0609 0.00201461 1.68
60000.0 9.0 0.3215 -0.1974 0.1725 -0.0664 0.00216465 1.7088
65000.0 9.0 0.3857 -0.067 -0.0271 0.0159 0.00269105 1.7329
70000.0 9.0 0.3468 -0.0122 -0.0718 0.0305 0.00284251 1.7533
75000.0 9.0 0.3138 0.0316 -0.1056 0.0411 0.00298982 1.7708
80000.0 9.0 0.2848 0.0695 -0.1352 0.0505 0.00313392 1.786
85000.0 9.0 0.2591 0.1025 -0.1608 0.0587 0.00327558 1.7994
90000.0 9.0 0.236 0.132 -0.1839 0.0662 0.00341527 1.8111
100000.0 9.0 0.194 0.1851 -0.2253 0.0796 0.00368976 1.831
3750.0 9.25 1.3476 -0.819 0.438 -0.1082 1.37544e-06 -5.5604
4000.0 9.25 1.5189 -1.2804 0.9208 -0.2881 1.70948e-06 -5.0264
4250.0 9.25 1.643 -1.6205 1.2725 -0.4183 2.11608e-06 -4.5558
4500.0 9.25 1.7299 -1.8683 1.5269 -0.5123 2.6766e-06 -4.138
4750.0 9.25 1.7753 -2.0105 1.6718 -0.5656 3.4431e-06 -3.7647
5000.0 9.25 1.7398 -1.8085 1.4068 -0.4549 4.13194e-06 -3.4295
5250.0 9.25 1.6176 -1.5234 1.1073 -0.3424 5.67293e-06 -3.1269
5500.0 9.25 1.4473 -1.1157 0.6901 -0.1884 7.61119e-06 -2.8526
5750.0 9.25 1.3517 -0.8972 0.4829 -0.1156 9.97387e-06 -2.6029
6000.0 9.25 1.2628 -0.677 0.2719 -0.0411 1.27736e-05 -2.3747
6250.0 9.25 1.1493 -0.3841 -0.015 0.0613 1.59915e-05 -2.1656
6500.0 9.25 0.9993 0.0022 -0.3936 0.196 1.95874e-05 -1.9734
7000.0 9.25 0.573 1.0399 -1.3727 0.5325 2.78221e-05 -1.6323
7500.0 9.25 0.19 1.8886 -2.1063 0.7607 3.7257e-05 -1.3395
8000.0 9.25 0.019 2.2041 -2.3269 0.8078 4.77092e-05 -1.0858
8500.0 9.25 -0.002 2.2212 -2.3339 0.8011 5.91283e-05 -0.8645
9000.0 9.25 0.0473 2.1489 -2.3365 0.816 7.15198e-05 -0.6699
9500.0 9.25 0.1425 2.0252 -2.35 0.8529 8.49145e-05 -0.4977
10000.0 9.25 0.3305 1.6738 -2.1523 0.8217 9.93926e-05 -0.3446
10500.0 9.25 0.6097 1.0294 -1.6211 0.6636 0.000114913 -0.2076
11000.0 9.25 0.9018 0.227 -0.8402 0.3938 0.000131336 -0.0845
11500.0 9.25 1.1156 -0.4578 -0.1128 0.1269 0.00014805 0.0267
12000.0 9.25 1.2755 -1.0062 0.4931 -0.1009 0.000164569 0.1274
12500.0 9.25 1.3892 -1.4183 0.9628 -0.2806 0.000180939 0.219
13000.0 9.25 1.4517 -1.684 1.2836 -0.4069 0.000197325 0.3027
13500.0 9.25 1.4638 -1.8039 1.4519 -0.4768 0.000213651 0.3794
14000.0 9.25 1.4387 -1.8105 1.4977 -0.4999 0.000229441 0.4499
14500.0 9.25 1.3956 -1.7576 1.4764 -0.4965 0.000243693 0.5149
15000.0 9.25 1.3447 -1.6741 1.4164 -0.477 0.000255647 0.5749
15500.0 9.25 1.2918 -1.583 1.3464 -0.4532 0.000267325 0.6305
16000.0 9.25 1.2371 -1.4883 1.2766 -0.4305 0.000280293 0.6822
16500.0 9.25 1.1793 -1.388 1.2068 -0.4103 0.000295024 0.7304
17000.0 9.25 1.0992 -1.2307 1.0887 -0.3771 0.000310689 0.7753
20000.0 9.25 0.9723 -1.0001 0.9007 -0.3234 0.000420272 0.9917
25000.0 9.25 1.0307 -1.2279 1.1231 -0.4012 0.0006414 1.2244
30000.0 9.25 0.9336 -1.0805 0.9398 -0.3251 0.000940198 1.3715
35000.0 9.25 0.6693 -0.6206 0.4923 -0.1642 0.00124215 1.4724
40000.0 9.25 0.5146 -0.386 0.2888 -0.0961 0.00147886 1.5457
45000.0 9.25 0.4257 -0.2733 0.203 -0.0698 0.00167748 1.6014
50000.0 9.25 0.3768 -0.2289 0.1786 -0.0643 0.00184728 1.6449
55000.0 9.25 0.3422 -0.2035 0.1684 -0.063 0.0020089 1.68
60000.0 9.25 0.3189 -0.1961 0.1727 -0.0662 0.00215538 1.7088
3750.0 9.5 1.4078 -0.9591 0.5819 -0.1622 1.44924e-06 -5.5604
4000.0 9.5 1.5462 -1.3411 0.9886 -0.3147 1.80073e-06 -5.0264
4250.0 9.5 1.651 -1.6323 1.2905 -0.4263 2.21286e-06 -4.5558
4500.0 9.5 1.7271 -1.8525 1.5179 -0.5107 2.77101e-06 -4.138
4750.0 9.5 1.7734 -1.9946 1.6596 -0.5621 3.53323e-06 -3.7647
5000.0 9.5 1.7547 -1.83 1.4293 -0.4635 4.1822e-06 -3.4295
5250.0 9.5 1.5343 -1.2832 0.8454 -0.2425 5.66056e-06 -3.1269
5500.0 9.5 1.4592 -1.1323 0.7023 -0.192 7.59516e-06 -2.8526
5750.0 9.5 1.3708 -0.9358 0.5146 -0.1255 9.95067e-06 -2.6029
6000.0 9.5 1.2899 -0.7429 0.3319 -0.0615 1.27503e-05 -2.3747
6250.0 9.5 1.185 -0.4808 0.0787 0.0279 1.59795e-05 -2.1656
6500.0 9.5 1.0592 -0.1585 -0.2363 0.1397 1.96106e-05 -1.9734
7000.0 9.5 0.6965 0.7388 -1.096 0.4393 2.79171e-05 -1.6323
7500.0 9.5 0.3001 1.6422 -1.9012 0.6992 3.74324e-05 -1.3395
8000.0 9.5 0.0759 2.0837 -2.2367 0.7853 4.79415e-05 -1.0858
8500.0 9.5 0.027 2.1381 -2.2498 0.7728 5.93653e-05 -0.8645
9000.0 9.5 0.0636 2.0651 -2.2215 0.7688 7.16641e-05 -0.6699
9500.0 9.5 0.14 1.9658 -2.2375 0.8005 8.48999e-05 -0.4977
10000.0 9.5 0.2875 1.716 -2.1368 0.8021 9.90736e-05 -0.3446
10500.0 9.5 0.526 1.2041 -1.7572 0.7023 0.000114255 -0.2076
11000.0 9.5 0.8205 0.4406 -1.0482 0.4666 0.000130377 -0.0845
11500.0 9.5 1.057 -0.2844 -0.2972 0.1955 0.000147032 0.0267
12000.0 9.5 1.2331 -0.8771 0.3479 -0.0447 0.000163638 0.1274
12500.0 9.5 1.3703 -1.3545 0.881 -0.2465 0.000180081 0.219
13000.0 9.5 1.4613 -1.6983 1.2795 -0.4005 0.000196528 0.3027
13500.0 9.5 1.4998 -1.8915 1.5215 -0.4973 0.00021307 0.3794
14000.0 9.5 1.495 -1.956 1.6265 -0.5427 0.000229531 0.4499
14500.0 9.5 1.4626 -1.9312 1.633 -0.5502 0.000245386 0.5149
15000.0 9.5 1.4173 -1.8607 1.5867 -0.5366 0.000259765 0.5749
15500.0 9.5 1.3659 -1.769 1.5139 -0.5119 0.000271438 0.6305
16000.0 9.5 1.3167 -1.6747 1.4353 -0.4845 0.000283626 0.6822
16500.0 9.5 1.2605 -1.5675 1.3472 -0.4543 0.000296245 0.7304
17000.0 9.5 1.2 -1.4551 1.2587 -0.4257 0.000309906 0.7753
20000.0 9.5 0.7969 -0.6004 0.7313 -0.3715 0.000479351 0.9917
25000.0 9.5 1.0379 -1.2601 1.155 -0.4116 0.000638034 1.2244
30000.0 9.5 0.9218 -1.066 0.9269 -0.3199 0.000939629 1.3715
35000.0 9.5 0.6592 -0.6106 0.4879 -0.1634 0.00123965 1.4724
40000.0 9.5 0.5094 -0.3856 0.2935 -0.0984 0.00147497 1.5457
45000.0 9.5 0.4224 -0.2756 0.21 -0.0729 0.00167316 1.6014
50000.0 9.5 0.3762 -0.2346 0.1879 -0.0682 0.00183949 1.6449
55000.0 9.5 0.3427 -0.2109 0.1786 -0.067 0.00199708 1.68
60000.0 9.5 0.3195 -0.2015 0.1805 -0.0694 0.00214628 1.7088
65000.0 9.5 0.3969 -0.1038 0.018 -0.002 0.00267078 1.7329
70000.0 9.5 0.362 -0.0569 -0.0187 0.0096 0.00282063 1.7533
75000.0 9.5 0.3316 -0.0169 -0.05 0.0195 0.00296594 1.7708
80000.0 9.5 0.305 0.0174 -0.0768 0.0281 0.00310812 1.786
85000.0 9.5 0.282 0.0457 -0.0982 0.0347 0.00324751 1.7994
90000.0 9.5 0.2608 0.0724 -0.1192 0.0416 0.00338452 1.8111
100000.0 9.5 0.2231 0.1183 -0.1546 0.0529 0.00365319 1.831
