Teff log(g) a1 a2 a3 a4 I1 beaming
3750.0 5.0 1.507 -1.5822 1.0984 -0.3215 2.48445e-06 -2.8547
4000.0 5.0 1.6462 -2.0488 1.6311 -0.5286 3.24045e-06 -2.4959
4250.0 5.0 1.6877 -2.1926 1.8085 -0.6001 4.25983e-06 -2.1809
4500.0 5.0 1.6018 -1.8912 1.4734 -0.4699 5.59424e-06 -1.9025
4750.0 5.0 1.3299 -1.1298 0.6988 -0.1848 7.2474e-06 -1.655
5000.0 5.0 0.8194 0.2109 -0.6311 0.2909 9.22964e-06 -1.4339
5250.0 5.0 0.2745 1.5292 -1.8604 0.7058 1.13507e-05 -1.2352
5500.0 5.0 -0.086 2.2589 -2.4196 0.8577 1.36657e-05 -1.056
5750.0 5.0 -0.2102 2.3178 -2.2626 0.7446 1.61883e-05 -0.8936
6000.0 5.0 -0.1913 2.0121 -1.7545 0.5135 1.88881e-05 -0.746
6250.0 5.0 -0.1093 1.5864 -1.1713 0.2705 2.17804e-05 -0.6113
6500.0 5.0 -0.0165 1.1948 -0.6772 0.0739 2.48832e-05 -0.4881
7000.0 5.0 0.1243 0.6736 -0.0562 -0.1689 3.18855e-05 -0.2707
7500.0 5.0 0.1772 0.5121 0.1239 -0.2464 4.00711e-05 -0.0854
8000.0 5.0 0.1627 0.6512 -0.0872 -0.1685 4.94487e-05 0.074
8500.0 5.0 0.1858 0.7865 -0.3901 -0.0266 5.97562e-05 0.2124
9000.0 5.0 0.3698 0.3811 -0.0952 -0.0943 7.00882e-05 0.3335
9500.0 5.0 0.5442 -0.0696 0.2415 -0.155 7.77673e-05 0.4401
10000.0 5.0 0.6112 -0.2182 0.3272 -0.1617 8.5401e-05 0.5347
10500.0 5.0 0.6138 -0.184 0.2466 -0.1244 9.29347e-05 0.6191
11000.0 5.0 0.6376 -0.2314 0.259 -0.1211 0.000100434 0.6948
11500.0 5.0 0.6748 -0.3458 0.3579 -0.1522 0.000108043 0.763
12000.0 5.0 0.6678 -0.337 0.3371 -0.1423 0.000115446 0.8248
12500.0 5.0 0.6728 -0.3722 0.3673 -0.1518 0.00012304 0.881
13000.0 5.0 0.6764 -0.4038 0.3971 -0.1621 0.000130674 0.9322
13500.0 5.0 0.638 -0.338 0.3296 -0.137 0.000138421 0.9791
14000.0 5.0 0.6796 -0.4541 0.4445 -0.1783 0.000146217 1.0223
14500.0 5.0 0.5863 -0.2574 0.2456 -0.1053 0.000154142 1.062
15000.0 5.0 0.6824 -0.4991 0.488 -0.1934 0.000162089 1.0988
15500.0 5.0 0.6816 -0.5149 0.5034 -0.1988 0.000170164 1.1329
16000.0 5.0 0.5896 -0.3147 0.299 -0.1233 0.000178372 1.1646
16500.0 5.0 0.6876 -0.5607 0.5479 -0.2142 0.000186615 1.1941
17000.0 5.0 0.6937 -0.5897 0.5765 -0.2243 0.000195012 1.2216
20000.0 5.0 0.7481 -0.7881 0.7711 -0.2928 0.000247968 1.3548
25000.0 5.0 0.9066 -1.1868 1.14 -0.4182 0.000349678 1.4991
30000.0 5.0 0.9489 -1.2495 1.1348 -0.4008 0.000492026 1.5912
35000.0 5.0 0.906 -1.2957 1.1953 -0.426 0.000662876 1.6549
40000.0 5.0 0.9916 -1.6049 1.5344 -0.5547 0.000796499 1.7015
45000.0 5.0 1.0964 -1.9047 1.8468 -0.6698 0.000909262 1.7371
50000.0 5.0 1.1984 -2.1681 2.1124 -0.7658 0.00101426 1.7652
55000.0 5.0 1.2854 -2.375 2.3143 -0.8372 0.00111272 1.7878
60000.0 5.0 1.3595 -2.5379 2.4681 -0.8906 0.00120915 1.8065
3750.0 5.25 1.5472 -1.6941 1.2211 -0.3683 2.53528e-06 -2.8547
4000.0 5.25 1.6757 -2.1336 1.7246 -0.5644 3.27719e-06 -2.4959
4250.0 5.25 1.7144 -2.2753 1.8985 -0.6345 4.28098e-06 -2.1809
4500.0 5.25 1.6648 -2.0796 1.675 -0.5462 5.59466e-06 -1.9025
4750.0 5.25 1.4378 -1.428 0.9969 -0.2933 7.23051e-06 -1.655
5000.0 5.25 1.0025 -0.2621 -0.1762 0.1322 9.21964e-06 -1.4339
5250.0 5.25 0.4664 1.0696 -1.4466 0.5709 1.13284e-05 -1.2352
5500.0 5.25 0.034 2.0296 -2.2725 0.828 1.36382e-05 -1.056
5750.0 5.25 -0.1686 2.323 -2.3763 0.8135 1.61486e-05 -0.8936
6000.0 5.25 -0.2022 2.1665 -2.0258 0.6389 1.88411e-05 -0.746
6250.0 5.25 -0.1549 1.8301 -1.5274 0.4228 2.17224e-05 -0.6113
6500.0 5.25 -0.0792 1.4658 -1.0428 0.2235 2.48052e-05 -0.4881
7000.0 5.25 0.0648 0.8909 -0.3284 -0.0629 3.17188e-05 -0.2707
7500.0 5.25 0.1366 0.6472 -0.0437 -0.1805 3.97763e-05 -0.0854
8000.0 5.25 0.1342 0.7247 -0.1729 -0.1345 4.90217e-05 0.074
8500.0 5.25 0.1359 0.9043 -0.5064 0.0133 5.92849e-05 0.2124
9000.0 5.25 0.2583 0.7061 -0.4393 0.0254 6.98327e-05 0.3335
9500.0 5.25 0.4494 0.194 0.0015 -0.091 7.84989e-05 0.4401
10000.0 5.25 0.5652 -0.1081 0.2251 -0.129 8.57047e-05 0.5347
10500.0 5.25 0.6022 -0.1758 0.2502 -0.1281 9.33993e-05 0.6191
11000.0 5.25 0.6223 -0.2059 0.2413 -0.1166 0.000100909 0.6948
11500.0 5.25 0.6403 -0.2534 0.2643 -0.1189 0.000108375 0.763
12000.0 5.25 0.6538 -0.3046 0.3045 -0.1305 0.00011587 0.8248
12500.0 5.25 0.66 -0.3427 0.3374 -0.141 0.000123431 0.881
13000.0 5.25 0.6623 -0.3709 0.3625 -0.1491 0.000131039 0.9322
13500.0 5.25 0.6635 -0.3961 0.3857 -0.1569 0.000138749 0.9791
14000.0 5.25 0.6634 -0.4175 0.4065 -0.1641 0.000146535 1.0223
14500.0 5.25 0.6635 -0.4382 0.4269 -0.1713 0.000154404 1.062
15000.0 5.25 0.6621 -0.454 0.4421 -0.1765 0.000162361 1.0988
15500.0 5.25 0.664 -0.4761 0.4635 -0.1839 0.0001704 1.1329
16000.0 5.25 0.665 -0.4954 0.4825 -0.1905 0.000178554 1.1646
16500.0 5.25 0.6591 -0.4981 0.4848 -0.1911 0.000186807 1.1941
17000.0 5.25 0.6697 -0.5369 0.5226 -0.2043 0.000195154 1.2216
20000.0 5.25 0.6884 -0.6551 0.6375 -0.2439 0.000247875 1.3548
25000.0 5.25 0.8581 -1.0882 1.0445 -0.384 0.00034865 1.4991
30000.0 5.25 0.9006 -1.16 1.0504 -0.3708 0.000487787 1.5912
35000.0 5.25 0.8075 -1.0943 1.0001 -0.3559 0.000655707 1.6549
40000.0 5.25 0.8556 -1.3304 1.2715 -0.4612 0.000787621 1.7015
45000.0 5.25 0.9401 -1.5975 1.5572 -0.5678 0.000897921 1.7371
50000.0 5.25 1.0293 -1.8458 1.813 -0.6612 0.000999929 1.7652
55000.0 5.25 1.1128 -2.0601 2.0282 -0.7387 0.00109458 1.7878
60000.0 5.25 1.1874 -2.239 2.2023 -0.8001 0.00118635 1.8065
3750.0 5.5 1.5879 -1.8033 1.3403 -0.4136 2.59312e-06 -2.8547
4000.0 5.5 1.7003 -2.2012 1.7989 -0.593 3.31907e-06 -2.4959
4250.0 5.5 1.734 -2.3352 1.9636 -0.6593 4.30747e-06 -2.1809
4500.0 5.5 1.7067 -2.2063 1.8105 -0.5975 5.60001e-06 -1.9025
4750.0 5.5 1.5204 -1.6639 1.2379 -0.3821 7.21882e-06 -1.655
5000.0 5.5 1.1538 -0.6614 0.2117 -0.005 9.21577e-06 -1.4339
5250.0 5.5 0.6601 0.5897 -0.9993 0.4199 1.13145e-05 -1.2352
5500.0 5.5 0.1794 1.7131 -2.0195 0.7555 1.36142e-05 -1.056
5750.0 5.5 -0.1045 2.2494 -2.3934 0.844 1.61191e-05 -0.8936
6000.0 5.5 -0.1937 2.2533 -2.2156 0.7328 1.88012e-05 -0.746
6250.0 5.5 -0.1762 2.0013 -1.8055 0.5477 2.16735e-05 -0.6113
6500.0 5.5 -0.1262 1.7005 -1.379 0.3662 2.47407e-05 -0.4881
7000.0 5.5 0.003 1.134 -0.6459 0.0653 3.15772e-05 -0.2707
7500.0 5.5 0.0896 0.8154 -0.2585 -0.0942 3.95131e-05 -0.0854
8000.0 5.5 0.101 0.8246 -0.2963 -0.0846 4.8618e-05 0.074
8500.0 5.5 0.0923 1.0098 -0.6158 0.0528 5.87987e-05 0.2124
9000.0 5.5 0.1929 0.8942 -0.6443 0.099 6.95431e-05 0.3335
9500.0 5.5 0.3931 0.366 -0.1686 -0.0425 7.93442e-05 0.4401
10000.0 5.5 0.5517 -0.0764 0.2025 -0.1297 8.64724e-05 0.5347
10500.0 5.5 0.5882 -0.1585 0.242 -0.127 9.39166e-05 0.6191
11000.0 5.5 0.6087 -0.1862 0.2307 -0.1149 0.000101463 0.6948
11500.0 5.5 0.6255 -0.2231 0.239 -0.1112 0.000108939 0.763
12000.0 5.5 0.6407 -0.2742 0.2753 -0.1205 0.0001164 0.8248
12500.0 5.5 0.647 -0.3107 0.3044 -0.1289 0.000123935 0.881
13000.0 5.5 0.6495 -0.3401 0.3307 -0.1374 0.000131554 0.9322
13500.0 5.5 0.6529 -0.37 0.3587 -0.147 0.000139204 0.9791
14000.0 5.5 0.6499 -0.3853 0.3732 -0.1519 0.000146976 1.0223
14500.0 5.5 0.6499 -0.4061 0.3937 -0.159 0.000154831 1.062
15000.0 5.5 0.6489 -0.4228 0.4095 -0.1643 0.000162767 1.0988
15500.0 5.5 0.6483 -0.4399 0.4262 -0.1701 0.000170806 1.1329
16000.0 5.5 0.6196 -0.3945 0.3825 -0.1544 0.000178954 1.1646
16500.0 5.5 0.6491 -0.4748 0.4604 -0.1819 0.000187157 1.1941
17000.0 5.5 0.6516 -0.4966 0.4821 -0.1896 0.000195502 1.2216
20000.0 5.5 0.6961 -0.6751 0.6575 -0.2512 0.000248017 1.3548
25000.0 5.5 0.8436 -1.0653 1.0247 -0.3774 0.000348188 1.4991
30000.0 5.5 0.8603 -1.0826 0.9767 -0.3445 0.000485144 1.5912
35000.0 5.5 0.7253 -0.9215 0.8308 -0.2947 0.000650427 1.6549
40000.0 5.5 0.7383 -1.0842 1.0315 -0.3748 0.000780804 1.7015
45000.0 5.5 0.7997 -1.3079 1.2778 -0.4679 0.0008892 1.7371
50000.0 5.5 0.8733 -1.5301 1.5119 -0.5545 0.000988855 1.7652
55000.0 5.5 0.9452 -1.7272 1.713 -0.6274 0.00108058 1.7878
60000.0 5.5 1.0148 -1.9064 1.8924 -0.6919 0.00116905 1.8065
3750.0 5.75 1.6242 -1.8981 1.444 -0.4533 2.65352e-06 -2.8547
4000.0 5.75 1.7212 -2.2547 1.8573 -0.6153 3.36643e-06 -2.4959
4250.0 5.75 1.7503 -2.3815 2.0134 -0.6782 4.33915e-06 -2.1809
4500.0 5.75 1.7916 -2.4805 2.1254 -0.7216 5.61512e-06 -1.9025
4750.0 5.75 1.579 -1.837 1.4178 -0.4492 7.21194e-06 -1.655
5000.0 5.75 1.2839 -1.0165 0.5645 -0.1321 9.22299e-06 -1.4339
5250.0 5.75 0.8369 0.1395 -0.5706 0.2719 1.1307e-05 -1.2352
5500.0 5.75 0.3413 1.3368 -1.6924 0.6527 1.36007e-05 -1.056
5750.0 5.75 -0.0097 2.0752 -2.2912 0.8274 1.60996e-05 -0.8936
6000.0 5.75 -0.1533 2.2367 -2.2847 0.78 1.87714e-05 -0.746
6250.0 5.75 -0.1804 2.1117 -2.0098 0.6438 2.16306e-05 -0.6113
6500.0 5.75 -0.1524 1.8757 -1.6536 0.488 2.46883e-05 -0.4881
7000.0 5.75 -0.0526 1.3757 -0.9775 0.2037 3.14575e-05 -0.2707
7500.0 5.75 0.0394 1.0097 -0.5153 0.0111 3.92829e-05 -0.0854
8000.0 5.75 0.0641 0.9514 -0.4606 -0.0167 4.8245e-05 0.074
8500.0 5.75 0.0539 1.1111 -0.7297 0.0967 5.8308e-05 0.2124
9000.0 5.75 0.1273 1.0835 -0.8535 0.1763 6.91143e-05 0.3335
9500.0 5.75 0.2787 0.7211 -0.5559 0.0942 7.94936e-05 0.4401
10000.0 5.75 0.4617 0.1824 -0.0447 -0.0586 8.74138e-05 0.5347
10500.0 5.75 0.5663 -0.1085 0.1956 -0.1129 9.44915e-05 0.6191
11000.0 5.75 0.5965 -0.1714 0.2258 -0.1154 0.000102046 0.6948
11500.0 5.75 0.612 -0.1981 0.2209 -0.1067 0.000109557 0.763
12000.0 5.75 0.6272 -0.2423 0.2459 -0.1109 0.00011702 0.8248
12500.0 5.75 0.6352 -0.2811 0.2757 -0.1191 0.000124506 0.881
13000.0 5.75 0.6394 -0.3136 0.3037 -0.1278 0.000132089 0.9322
13500.0 5.75 0.6399 -0.3367 0.3238 -0.134 0.000139761 0.9791
14000.0 5.75 0.6397 -0.3591 0.3458 -0.1418 0.000147517 1.0223
14500.0 5.75 0.6388 -0.3778 0.3639 -0.148 0.000155362 1.062
15000.0 5.75 0.6376 -0.3948 0.3806 -0.1537 0.000163297 1.0988
15500.0 5.75 0.6364 -0.4103 0.3956 -0.1588 0.000171323 1.1329
16000.0 5.75 0.6361 -0.4274 0.4128 -0.1649 0.000179443 1.1646
16500.0 5.75 0.6366 -0.4449 0.4296 -0.1706 0.000187665 1.1941
17000.0 5.75 0.6031 -0.3904 0.3779 -0.1521 0.000196033 1.2216
20000.0 5.75 0.6797 -0.6361 0.6171 -0.2362 0.000248396 1.3548
25000.0 5.75 0.8405 -1.0626 1.0231 -0.3771 0.00034814 1.4991
30000.0 5.75 0.8277 -1.0182 0.9145 -0.3222 0.000483657 1.5912
35000.0 5.75 0.6599 -0.7816 0.6925 -0.2445 0.000646677 1.6549
40000.0 5.75 0.6423 -0.8778 0.8282 -0.3013 0.000775434 1.7015
45000.0 5.75 0.6816 -1.0564 1.0317 -0.3794 0.000882223 1.7371
50000.0 5.75 0.7377 -1.245 1.2348 -0.4552 0.000979806 1.7652
55000.0 5.75 0.7972 -1.4207 1.4179 -0.5223 0.00106937 1.7878
60000.0 5.75 0.8567 -1.5837 1.5837 -0.5823 0.00115537 1.8065
3750.0 6.0 1.6634 -1.9961 1.55 -0.4936 2.72078e-06 -2.8547
4000.0 6.0 1.7407 -2.3017 1.9084 -0.6349 3.41982e-06 -2.4959
4250.0 6.0 1.7639 -2.417 2.0515 -0.6927 4.37638e-06 -2.1809
4500.0 6.0 1.79 -2.491 2.1396 -0.7276 5.63235e-06 -1.9025
4750.0 6.0 1.6321 -1.9944 1.5848 -0.5121 7.20999e-06 -1.655
5000.0 6.0 1.388 -1.3067 0.8574 -0.2389 9.22994e-06 -1.4339
5250.0 6.0 1.0026 -0.2918 -0.1526 0.125 1.1314e-05 -1.2352
5500.0 6.0 0.5098 0.929 -1.3214 0.5304 1.35938e-05 -1.056
5750.0 6.0 0.1065 1.8304 -2.1054 0.7777 1.60853e-05 -0.8936
6000.0 6.0 -0.098 2.1656 -2.285 0.7994 1.87506e-05 -0.746
6250.0 6.0 -0.1615 2.1451 -2.1227 0.7046 2.15996e-05 -0.6113
6500.0 6.0 -0.1586 1.9813 -1.8441 0.577 2.46394e-05 -0.4881
7000.0 6.0 -0.0921 1.578 -1.274 0.332 3.1362e-05 -0.2707
7500.0 6.0 -0.0086 1.2138 -0.7956 0.1288 3.90831e-05 -0.0854
8000.0 6.0 0.0266 1.0974 -0.6589 0.0671 4.79095e-05 0.074
8500.0 6.0 0.02 1.2156 -0.8601 0.1502 5.78342e-05 0.2124
9000.0 6.0 0.0671 1.2582 -1.0508 0.2511 6.86231e-05 0.3335
9500.0 6.0 0.2113 0.9427 -0.8159 0.192 7.94017e-05 0.4401
10000.0 6.0 0.4026 0.3755 -0.2488 0.0056 8.86231e-05 0.5347
10500.0 6.0 0.5234 0.0147 0.075 -0.0782 9.53367e-05 0.6191
11000.0 6.0 0.5831 -0.1482 0.2088 -0.111 0.000102696 0.6948
11500.0 6.0 0.6006 -0.1802 0.211 -0.1052 0.000110222 0.763
12000.0 6.0 0.6141 -0.2125 0.2195 -0.1025 0.000117699 0.8248
12500.0 6.0 0.6245 -0.2521 0.2466 -0.1089 0.000125195 0.881
13000.0 6.0 0.6301 -0.2865 0.2751 -0.1175 0.000132758 0.9322
13500.0 6.0 0.6321 -0.3139 0.2998 -0.1254 0.000140407 0.9791
14000.0 6.0 0.6318 -0.3354 0.32 -0.1322 0.000148152 1.0223
14500.0 6.0 0.6303 -0.3529 0.3368 -0.1378 0.000155989 1.062
15000.0 6.0 0.629 -0.37 0.3535 -0.1436 0.000163918 1.0988
15500.0 6.0 0.6276 -0.3855 0.3688 -0.1488 0.000171944 1.1329
16000.0 6.0 0.6273 -0.4029 0.3862 -0.1549 0.000180066 1.1646
16500.0 6.0 0.6264 -0.4172 0.3999 -0.1595 0.000188288 1.1941
17000.0 6.0 0.629 -0.4391 0.4216 -0.1671 0.000196611 1.2216
20000.0 6.0 0.6674 -0.6048 0.5844 -0.2242 0.000248966 1.3548
25000.0 6.0 0.8239 -1.026 0.9868 -0.3641 0.000348456 1.4991
30000.0 6.0 0.7721 -0.9001 0.7989 -0.2806 0.000483132 1.5912
35000.0 6.0 0.6088 -0.6708 0.5824 -0.2044 0.000644065 1.6549
40000.0 6.0 0.5657 -0.7097 0.6609 -0.2405 0.000771317 1.7015
45000.0 6.0 0.5847 -0.8444 0.8217 -0.3032 0.000876558 1.7371
50000.0 6.0 0.6259 -1.0031 0.997 -0.3694 0.000972164 1.7652
55000.0 6.0 0.6728 -1.1548 1.1581 -0.429 0.00105976 1.7878
60000.0 6.0 0.7251 -1.3083 1.3168 -0.4868 0.00114904 1.8065
65000.0 6.0 0.3842 -0.4065 0.4147 -0.1624 0.00138106 1.8222
70000.0 6.0 0.4236 -0.5311 0.5461 -0.2107 0.00147146 1.8355
75000.0 6.0 0.4665 -0.6555 0.6745 -0.2575 0.00156175 1.847
80000.0 6.0 0.5112 -0.7772 0.798 -0.3021 0.0016522 1.8569
85000.0 6.0 0.5573 -0.8964 0.9176 -0.3452 0.00174298 1.8657
90000.0 6.0 0.6025 -1.0075 1.027 -0.3842 0.00183431 1.8735
100000.0 6.0 0.6901 -1.2183 1.2359 -0.4592 0.00202071 1.8866
3750.0 6.25 1.7049 -2.096 1.6566 -0.5339 2.79302e-06 -2.8547
4000.0 6.25 1.7595 -2.3438 1.9537 -0.6522 3.47945e-06 -2.4959
4250.0 6.25 1.7775 -2.4485 2.0845 -0.7051 4.41895e-06 -2.1809
4500.0 6.25 1.7883 -2.4937 2.143 -0.7291 5.65546e-06 -1.9025
4750.0 6.25 1.6771 -2.1266 1.7257 -0.5653 7.2125e-06 -1.655
5000.0 6.25 1.4394 -1.4507 0.997 -0.2885 9.26165e-06 -1.4339
5250.0 6.25 1.1346 -0.6435 0.1918 0.0027 1.13221e-05 -1.2352
5500.0 6.25 0.6795 0.5041 -0.9212 0.3939 1.35952e-05 -1.056
5750.0 6.25 0.2428 1.5239 -1.8496 0.7008 1.60817e-05 -0.8936
6000.0 6.25 -0.0268 2.0444 -2.228 0.7967 1.87379e-05 -0.746
6250.0 6.25 -0.1291 2.129 -2.1733 0.7404 2.15763e-05 -0.6113
6500.0 6.25 -0.1562 2.053 -1.9908 0.6485 2.46015e-05 -0.4881
7000.0 6.25 -0.1175 1.734 -1.5159 0.4395 3.12775e-05 -0.2707
7500.0 6.25 -0.0488 1.4058 -1.0723 0.2482 3.8912e-05 -0.0854
8000.0 6.25 -0.0088 1.2536 -0.8809 0.163 4.76072e-05 0.074
8500.0 6.25 -0.0091 1.3247 -1.0099 0.2147 5.73868e-05 0.2124
9000.0 6.25 0.0184 1.4068 -1.2269 0.3207 6.80958e-05 0.3335
9500.0 6.25 0.1488 1.1548 -1.0724 0.2921 7.91003e-05 0.4401
10000.0 6.25 0.2925 0.7506 -0.6798 0.1638 8.91474e-05 0.5347
10500.0 6.25 0.4547 0.2339 -0.1511 -0.0084 9.66095e-05 0.6191
11000.0 6.25 0.5578 -0.0784 0.1375 -0.088 0.00010346 0.6948
11500.0 6.25 0.5908 -0.1634 0.1998 -0.1026 0.000110951 0.763
12000.0 6.25 0.6044 -0.1926 0.2042 -0.0985 0.000118454 0.8248
12500.0 6.25 0.616 -0.229 0.2246 -0.1018 0.000125958 0.881
13000.0 6.25 0.6232 -0.2645 0.2522 -0.1095 0.000133507 0.9322
13500.0 6.25 0.6259 -0.2925 0.2762 -0.1168 0.000141139 0.9791
14000.0 6.25 0.6257 -0.3135 0.2949 -0.1226 0.000148871 1.0223
14500.0 6.25 0.6249 -0.3331 0.314 -0.1292 0.000156697 1.062
15000.0 6.25 0.6236 -0.3507 0.3312 -0.135 0.000164625 1.0988
15500.0 6.25 0.6215 -0.3654 0.3461 -0.1402 0.000172652 1.1329
16000.0 6.25 0.6213 -0.3823 0.3627 -0.1458 0.000180775 1.1646
16500.0 6.25 0.6214 -0.3996 0.3799 -0.1519 0.000189001 1.1941
17000.0 6.25 0.6225 -0.4179 0.3977 -0.1579 0.000197331 1.2216
20000.0 6.25 0.661 -0.584 0.5612 -0.2154 0.000249683 1.3548
25000.0 6.25 0.8112 -0.995 0.9549 -0.3523 0.00034904 1.4991
30000.0 6.25 0.7807 -0.9224 0.8206 -0.2883 0.000483155 1.5912
35000.0 6.25 0.5706 -0.5874 0.499 -0.1739 0.000642393 1.6549
40000.0 6.25 0.5067 -0.5786 0.53 -0.1927 0.000768233 1.7015
45000.0 6.25 0.5092 -0.6774 0.6557 -0.243 0.000871988 1.7371
50000.0 6.25 0.5376 -0.8106 0.8069 -0.3006 0.000968192 1.7652
55000.0 6.25 0.5739 -0.9412 0.9481 -0.3533 0.00105566 1.7878
60000.0 6.25 0.6126 -1.0637 1.0761 -0.4 0.0011386 1.8065
3750.0 6.5 1.7498 -2.202 1.7691 -0.5764 2.86968e-06 -2.8547
4000.0 6.5 1.7784 -2.3838 1.9962 -0.6684 3.54585e-06 -2.4959
4250.0 6.5 1.7896 -2.4737 2.1105 -0.7149 4.4681e-06 -2.1809
4500.0 6.5 1.7891 -2.4982 2.1477 -0.7308 5.68516e-06 -1.9025
4750.0 6.5 1.7095 -2.22 1.8241 -0.6022 7.22008e-06 -1.655
5000.0 6.5 1.5072 -1.6572 1.2189 -0.3725 9.28844e-06 -1.4339
5250.0 6.5 1.2443 -0.9433 0.4909 -0.1055 1.13529e-05 -1.2352
5500.0 6.5 0.8425 0.0887 -0.5242 0.2563 1.36111e-05 -1.056
5750.0 6.5 0.3946 1.1648 -1.53 0.5977 1.6091e-05 -0.8936
6000.0 6.5 0.066 1.8608 -2.1026 0.7682 1.87396e-05 -0.746
6250.0 6.5 -0.0857 2.0772 -2.1818 0.7597 2.15697e-05 -0.6113
6500.0 6.5 -0.1318 2.0516 -2.0508 0.6862 2.45804e-05 -0.4881
7000.0 6.5 -0.1265 1.8342 -1.6907 0.5209 3.12178e-05 -0.2707
7500.0 6.5 -0.0722 1.5522 -1.3025 0.3517 3.87779e-05 -0.0854
8000.0 6.5 -0.037 1.4017 -1.1048 0.2628 4.73486e-05 0.074
8500.0 6.5 -0.0311 1.4319 -1.1725 0.2882 5.69854e-05 0.2124
9000.0 6.5 -0.016 1.5269 -1.3839 0.3868 6.75767e-05 0.3335
9500.0 6.5 0.0935 1.3487 -1.3138 0.3891 7.86934e-05 0.4401
10000.0 6.5 0.2353 0.9733 -0.964 0.2764 8.92462e-05 0.5347
10500.0 6.5 0.3729 0.5261 -0.4865 0.1111 9.80407e-05 0.6191
11000.0 6.5 0.508 0.085 -0.0378 -0.0314 0.000104592 0.6948
11500.0 6.5 0.576 -0.1231 0.1571 -0.0876 0.000111752 0.763
12000.0 6.5 0.5979 -0.1791 0.1939 -0.0957 0.000119277 0.8248
12500.0 6.5 0.6093 -0.2106 0.2071 -0.096 0.000126796 0.881
13000.0 6.5 0.6136 -0.2344 0.2187 -0.0968 0.000134367 0.9322
13500.0 6.5 0.6221 -0.2741 0.2541 -0.1083 0.000141971 0.9791
14000.0 6.5 0.6228 -0.2971 0.2743 -0.1145 0.000149683 1.0223
14500.0 6.5 0.6224 -0.3181 0.2949 -0.1216 0.000157503 1.062
15000.0 6.5 0.6213 -0.336 0.3125 -0.1276 0.000165424 1.0988
15500.0 6.5 0.6192 -0.3506 0.3271 -0.1326 0.000173452 1.1329
16000.0 6.5 0.6187 -0.368 0.3445 -0.1387 0.000181579 1.1646
16500.0 6.5 0.6186 -0.3845 0.3605 -0.144 0.000189814 1.1941
17000.0 6.5 0.6199 -0.4036 0.3798 -0.1508 0.000198154 1.2216
20000.0 6.5 0.6567 -0.5661 0.5396 -0.2069 0.000250551 1.3548
25000.0 6.5 0.8035 -0.9735 0.9316 -0.3436 0.000349873 1.4991
30000.0 6.5 0.7655 -0.89 0.7878 -0.2763 0.000483776 1.5912
35000.0 6.5 0.5418 -0.5235 0.4349 -0.1504 0.000641435 1.6549
40000.0 6.5 0.4617 -0.4768 0.4273 -0.1551 0.000765882 1.7015
45000.0 6.5 0.4516 -0.5472 0.5249 -0.1952 0.000868356 1.7371
50000.0 6.5 0.4676 -0.653 0.6493 -0.2433 0.000962587 1.7652
55000.0 6.5 0.4936 -0.7612 0.7687 -0.288 0.00104807 1.7878
60000.0 6.5 0.5236 -0.8665 0.8809 -0.3294 0.0011292 1.8065
65000.0 6.5 0.1584 0.1179 -0.1187 0.0335 0.00135028 1.8222
70000.0 6.5 0.1663 0.0572 -0.0462 0.0054 0.00143418 1.8355
75000.0 6.5 0.1802 -0.0107 0.0307 -0.0237 0.00151741 1.847
80000.0 6.5 0.1997 -0.0862 0.1134 -0.0546 0.00160033 1.8569
85000.0 6.5 0.2229 -0.1652 0.198 -0.0859 0.00168311 1.8657
90000.0 6.5 0.2484 -0.2445 0.2807 -0.1161 0.00176602 1.8735
100000.0 6.5 0.3013 -0.4025 0.4451 -0.1763 0.00193321 1.8866
3750.0 6.75 1.7979 -2.3122 1.8846 -0.6198 2.9505e-06 -2.8547
4000.0 6.75 1.7982 -2.4237 2.038 -0.6842 3.61902e-06 -2.4959
4250.0 6.75 1.8017 -2.4957 2.1327 -0.7232 4.5237e-06 -2.1809
4500.0 6.75 1.7964 -2.5143 2.1637 -0.7368 5.72149e-06 -1.9025
4750.0 6.75 1.8199 -2.5326 2.1679 -0.7346 7.23674e-06 -1.655
5000.0 6.75 1.5393 -1.755 1.3218 -0.411 9.33512e-06 -1.4339
5250.0 6.75 1.3329 -1.1879 0.7369 -0.1948 1.13821e-05 -1.2352
5500.0 6.75 0.9768 -0.2594 -0.1884 0.1383 1.36377e-05 -1.056
5750.0 6.75 0.5515 0.7837 -1.1814 0.4819 1.61105e-05 -0.8936
6000.0 6.75 0.1863 1.593 -1.8816 0.7025 1.87538e-05 -0.746
6250.0 6.75 -0.0161 1.9501 -2.1094 0.7493 2.15697e-05 -0.6113
6500.0 6.75 -0.105 2.0369 -2.091 0.7153 2.45698e-05 -0.4881
7000.0 6.75 -0.1292 1.9025 -1.8197 0.5825 3.1167e-05 -0.2707
7500.0 6.75 -0.0883 1.6672 -1.4898 0.4372 3.86623e-05 -0.0854
8000.0 6.75 -0.0521 1.5164 -1.2962 0.3517 4.71318e-05 0.074
8500.0 6.75 -0.0455 1.5287 -1.333 0.3634 5.66192e-05 0.2124
9000.0 6.75 -0.0343 1.6143 -1.5171 0.4476 6.70826e-05 0.3335
9500.0 6.75 0.0519 1.5081 -1.5238 0.477 7.82075e-05 0.4401
10000.0 6.75 0.1931 1.1533 -1.2075 0.3774 8.91276e-05 0.5347
10500.0 6.75 0.3096 0.7891 -0.8226 0.2426 9.88879e-05 0.6191
11000.0 6.75 0.442 0.3276 -0.3152 0.0649 0.000106217 0.6948
11500.0 6.75 0.5431 -0.008 0.0249 -0.0411 0.000112771 0.763
12000.0 6.75 0.5904 -0.1555 0.1669 -0.0855 0.000120138 0.8248
12500.0 6.75 0.607 -0.2027 0.1993 -0.0935 0.000127696 0.881
13000.0 6.75 0.6153 -0.2323 0.2156 -0.0959 0.000135259 0.9322
13500.0 6.75 0.6209 -0.2618 0.2378 -0.1018 0.000142888 0.9791
14000.0 6.75 0.623 -0.2869 0.2593 -0.1083 0.00015059 1.0223
14500.0 6.75 0.6225 -0.3065 0.2773 -0.114 0.000158395 1.062
15000.0 6.75 0.6217 -0.3258 0.2969 -0.1209 0.000166311 1.0988
15500.0 6.75 0.6205 -0.3428 0.3139 -0.1268 0.000174333 1.1329
16000.0 6.75 0.6198 -0.3596 0.3308 -0.1327 0.000182466 1.1646
16500.0 6.75 0.6203 -0.3781 0.3495 -0.1393 0.000190705 1.1941
17000.0 6.75 0.6211 -0.3965 0.3678 -0.1456 0.00019906 1.2216
20000.0 6.75 0.6555 -0.5531 0.5219 -0.1995 0.000251535 1.3548
25000.0 6.75 0.7973 -0.9538 0.9092 -0.3349 0.000350921 1.4991
30000.0 6.75 0.7395 -0.8317 0.7278 -0.2539 0.000484965 1.5912
35000.0 6.75 0.5214 -0.4776 0.3882 -0.1332 0.000641066 1.6549
40000.0 6.75 0.4298 -0.4035 0.353 -0.1278 0.000764164 1.7015
45000.0 6.75 0.4083 -0.448 0.4248 -0.1585 0.000865403 1.7371
50000.0 6.75 0.4146 -0.5311 0.5262 -0.1981 0.000958285 1.7652
55000.0 6.75 0.4316 -0.6228 0.6308 -0.2379 0.00104344 1.7878
60000.0 6.75 0.4542 -0.7094 0.7238 -0.2723 0.00112113 1.8065
3750.0 7.0 1.8488 -2.4259 2.0027 -0.6639 3.03498e-06 -2.8547
4000.0 7.0 1.8205 -2.4683 2.0844 -0.7016 3.69872e-06 -2.4959
4250.0 7.0 1.8137 -2.5157 2.1528 -0.7306 4.58637e-06 -2.1809
4500.0 7.0 1.8019 -2.5231 2.1717 -0.7396 5.76475e-06 -1.9025
4750.0 7.0 1.8344 -2.6057 2.2622 -0.774 7.26008e-06 -1.655
5000.0 7.0 1.5672 -1.8406 1.4131 -0.4454 9.38464e-06 -1.4339
5250.0 7.0 1.3828 -1.3371 0.8912 -0.2521 1.14266e-05 -1.2352
5500.0 7.0 1.1044 -0.5939 0.1384 0.0225 1.36837e-05 -1.056
5750.0 7.0 0.7039 0.4058 -0.828 0.3616 1.61429e-05 -0.8936
6000.0 7.0 0.3223 1.2803 -1.6119 0.6182 1.87826e-05 -0.746
6250.0 7.0 0.0695 1.7777 -1.987 0.7195 2.15925e-05 -0.6113
6500.0 7.0 -0.0557 1.9578 -2.0612 0.7184 2.45788e-05 -0.4881
7000.0 7.0 -0.119 1.9235 -1.8886 0.6197 3.11433e-05 -0.2707
7500.0 7.0 -0.0895 1.7273 -1.608 0.4949 3.85827e-05 -0.0854
8000.0 7.0 -0.0602 1.6027 -1.4501 0.4251 4.69556e-05 0.074
8500.0 7.0 -0.0476 1.5955 -1.4657 0.4297 5.63102e-05 0.2124
9000.0 7.0 -0.0351 1.6634 -1.6198 0.5003 6.66334e-05 0.3335
9500.0 7.0 0.0302 1.6145 -1.6824 0.5482 7.76954e-05 0.4401
10000.0 7.0 0.1664 1.293 -1.4126 0.4669 8.88623e-05 0.5347
10500.0 7.0 0.2814 0.9509 -1.0618 0.3446 9.91555e-05 0.6191
11000.0 7.0 0.3823 0.5911 -0.6532 0.1962 0.000107889 0.6948
11500.0 7.0 0.4923 0.1917 -0.2119 0.0431 0.000114326 0.763
12000.0 7.0 0.5716 -0.0794 0.0714 -0.0492 0.000121152 0.8248
12500.0 7.0 0.6064 -0.1932 0.1844 -0.0868 0.00012865 0.881
13000.0 7.0 0.6183 -0.2336 0.2147 -0.0952 0.000136257 0.9322
13500.0 7.0 0.6243 -0.2618 0.2343 -0.1 0.000143871 0.9791
14000.0 7.0 0.6277 -0.2873 0.2547 -0.1057 0.00015158 1.0223
14500.0 7.0 0.6268 -0.305 0.2701 -0.1104 0.000159403 1.062
15000.0 7.0 0.6255 -0.3226 0.2874 -0.1162 0.000167315 1.0988
15500.0 7.0 0.6261 -0.344 0.3092 -0.1239 0.000175323 1.1329
16000.0 7.0 0.6256 -0.362 0.3276 -0.1305 0.000183454 1.1646
16500.0 7.0 0.6258 -0.3795 0.345 -0.1364 0.000191703 1.1941
17000.0 7.0 0.6254 -0.3948 0.3602 -0.1417 0.000200073 1.2216
20000.0 7.0 0.6602 -0.5535 0.5176 -0.1971 0.000252628 1.3548
25000.0 7.0 0.7959 -0.9445 0.8966 -0.3297 0.000352193 1.4991
30000.0 7.0 0.746 -0.8468 0.7428 -0.2594 0.000486321 1.5912
35000.0 7.0 0.5055 -0.4416 0.3516 -0.1197 0.000641248 1.6549
40000.0 7.0 0.4056 -0.3469 0.2952 -0.1064 0.000763044 1.7015
45000.0 7.0 0.3779 -0.3767 0.3524 -0.132 0.000863154 1.7371
50000.0 7.0 0.3758 -0.4411 0.4355 -0.165 0.000954449 1.7652
55000.0 7.0 0.3857 -0.5126 0.5183 -0.1965 0.00103585 1.7878
60000.0 7.0 0.4015 -0.5872 0.6007 -0.2272 0.00111341 1.8065
65000.0 7.0 0.0406 0.4076 -0.4197 0.1453 0.00132922 1.8222
70000.0 7.0 0.0245 0.401 -0.4003 0.1363 0.00140822 1.8355
75000.0 7.0 0.0159 0.3817 -0.3699 0.1235 0.00148616 1.847
80000.0 7.0 0.0131 0.3543 -0.3335 0.1092 0.00156349 1.8569
85000.0 7.0 0.015 0.3197 -0.2911 0.0926 0.00164048 1.8657
90000.0 7.0 0.0211 0.2793 -0.2444 0.0749 0.00171723 1.8735
100000.0 7.0 0.036 0.1973 -0.1511 0.0396 0.00187131 1.8866
3750.0 7.25 1.9021 -2.5415 2.1211 -0.7078 3.12158e-06 -2.8547
4000.0 7.25 1.8451 -2.5167 2.1341 -0.7202 3.78442e-06 -2.4959
4250.0 7.25 1.8258 -2.5344 2.1711 -0.7374 4.65628e-06 -2.1809
4500.0 7.25 1.8099 -2.5355 2.1833 -0.7437 5.81508e-06 -1.9025
4750.0 7.25 1.8111 -2.5538 2.21 -0.755 7.28769e-06 -1.655
5000.0 7.25 1.5996 -1.9314 1.5088 -0.4813 9.43833e-06 -1.4339
5250.0 7.25 1.4404 -1.4969 1.0549 -0.3121 1.14935e-05 -1.2352
5500.0 7.25 1.1908 -0.8313 0.3763 -0.0638 1.37379e-05 -1.056
5750.0 7.25 0.8442 0.0502 -0.4889 0.244 1.61944e-05 -0.8936
6000.0 7.25 0.4664 0.9393 -1.3073 0.5192 1.88263e-05 -0.746
6250.0 7.25 0.1744 1.5528 -1.8108 0.6702 2.16275e-05 -0.6113
6500.0 7.25 0.0049 1.8495 -2.002 0.7109 2.46027e-05 -0.4881
7000.0 7.25 -0.1067 1.933 -1.9397 0.6491 3.11396e-05 -0.2707
7500.0 7.25 -0.0881 1.7656 -1.6897 0.5357 3.85252e-05 -0.0854
8000.0 7.25 -0.0594 1.6501 -1.55 0.4754 4.68011e-05 0.074
8500.0 7.25 -0.0453 1.6421 -1.5698 0.4836 5.60246e-05 0.2124
9000.0 7.25 -0.0261 1.6864 -1.6953 0.5433 6.62004e-05 0.3335
9500.0 7.25 0.0342 1.65 -1.7677 0.5935 7.71796e-05 0.4401
10000.0 7.25 0.1582 1.381 -1.5638 0.5379 8.84598e-05 0.5347
10500.0 7.25 0.2781 1.0397 -1.2242 0.4206 9.91509e-05 0.6191
11000.0 7.25 0.3634 0.75 -0.9018 0.3033 0.000108766 0.6948
11500.0 7.25 0.4505 0.4067 -0.4975 0.1542 0.000116323 0.763
12000.0 7.25 0.5385 0.0756 -0.1284 0.0263 0.000122579 0.8248
12500.0 7.25 0.5992 -0.1436 0.1106 -0.0558 0.000129661 0.881
13000.0 7.25 0.6256 -0.2403 0.2129 -0.0924 0.000137256 0.9322
13500.0 7.25 0.6345 -0.2788 0.2475 -0.104 0.000144924 0.9791
14000.0 7.25 0.6368 -0.3006 0.264 -0.1084 0.000152636 1.0223
14500.0 7.25 0.6388 -0.3232 0.2836 -0.1144 0.000160451 1.062
15000.0 7.25 0.6388 -0.3424 0.3011 -0.1199 0.000168345 1.0988
15500.0 7.25 0.637 -0.3582 0.3176 -0.1258 0.000176364 1.1329
16000.0 7.25 0.6356 -0.3732 0.3324 -0.1309 0.000184497 1.1646
16500.0 7.25 0.6349 -0.389 0.3485 -0.1365 0.00019275 1.1941
17000.0 7.25 0.6363 -0.4085 0.368 -0.1433 0.000201113 1.2216
20000.0 7.25 0.6671 -0.5586 0.5177 -0.1962 0.000253766 1.3548
25000.0 7.25 0.7966 -0.939 0.8876 -0.3256 0.000353592 1.4991
30000.0 7.25 0.7406 -0.8344 0.7294 -0.2543 0.000488064 1.5912
35000.0 7.25 0.4995 -0.4274 0.3367 -0.1141 0.000641683 1.6549
40000.0 7.25 0.3919 -0.3131 0.2601 -0.0934 0.000762225 1.7015
45000.0 7.25 0.3557 -0.3229 0.2969 -0.1115 0.000861271 1.7371
50000.0 7.25 0.3479 -0.373 0.3654 -0.1391 0.00095058 1.7652
55000.0 7.25 0.3526 -0.4334 0.4375 -0.1668 0.00103096 1.7878
60000.0 7.25 0.3632 -0.4967 0.5089 -0.1936 0.00110838 1.8065
3750.0 7.5 1.9549 -2.649 2.2284 -0.747 3.21135e-06 -2.8547
4000.0 7.5 1.8721 -2.5693 2.188 -0.7403 3.87606e-06 -2.4959
4250.0 7.5 1.8387 -2.5538 2.1903 -0.7445 4.73406e-06 -2.1809
4500.0 7.5 1.8183 -2.5465 2.1932 -0.7473 5.87337e-06 -1.9025
4750.0 7.5 1.8122 -2.5537 2.2089 -0.7545 7.32264e-06 -1.655
5000.0 7.5 1.6334 -2.0204 1.6028 -0.5165 9.50973e-06 -1.4339
5250.0 7.5 1.473 -1.5933 1.1568 -0.3503 1.15667e-05 -1.2352
5500.0 7.5 1.2707 -1.048 0.5946 -0.143 1.38131e-05 -1.056
5750.0 7.5 0.9652 -0.2635 -0.1841 0.1364 1.62552e-05 -0.8936
6000.0 7.5 0.6099 0.5912 -0.9874 0.4119 1.88921e-05 -0.746
6250.0 7.5 0.2966 1.2793 -1.5809 0.5999 2.16873e-05 -0.6113
6500.0 7.5 0.0843 1.6925 -1.8938 0.6859 2.4653e-05 -0.4881
7000.0 7.5 -0.084 1.9111 -1.9553 0.6649 3.11522e-05 -0.2707
7500.0 7.5 -0.085 1.7865 -1.7419 0.5628 3.85012e-05 -0.0854
8000.0 7.5 -0.0542 1.67 -1.6073 0.5066 4.66935e-05 0.074
8500.0 7.5 -0.0354 1.6548 -1.6266 0.5172 5.57981e-05 0.2124
9000.0 7.5 -0.0089 1.68 -1.7342 0.5714 6.58324e-05 0.3335
9500.0 7.5 0.0494 1.6511 -1.8149 0.6248 7.66754e-05 0.4401
10000.0 7.5 0.1736 1.3977 -1.6366 0.58 8.80126e-05 0.5347
10500.0 7.5 0.3007 1.0498 -1.3001 0.4652 9.90165e-05 0.6191
11000.0 7.5 0.3858 0.779 -1.0101 0.3609 0.000109096 0.6948
11500.0 7.5 0.4527 0.5199 -0.7028 0.2459 0.00011801 0.763
12000.0 7.5 0.5206 0.2258 -0.3485 0.1145 0.00012466 0.8248
12500.0 7.5 0.5858 -0.0385 -0.0456 0.008 0.000131049 0.881
13000.0 7.5 0.6322 -0.2227 0.1674 -0.0698 0.000138334 0.9322
13500.0 7.5 0.6503 -0.303 0.2597 -0.1051 0.000146018 0.9791
14000.0 7.5 0.6543 -0.3339 0.2918 -0.1171 0.000153778 1.0223
14500.0 7.5 0.6536 -0.35 0.3058 -0.1215 0.000161576 1.062
15000.0 7.5 0.6524 -0.365 0.319 -0.1257 0.000169416 1.0988
15500.0 7.5 0.6454 -0.3657 0.3182 -0.1246 0.000177557 1.1329
16000.0 7.5 0.6433 -0.3796 0.3326 -0.1296 0.000185696 1.1646
16500.0 7.5 0.6445 -0.3998 0.353 -0.1368 0.000193937 1.1941
17000.0 7.5 0.6455 -0.4181 0.3713 -0.1431 0.000202305 1.2216
20000.0 7.5 0.6768 -0.5697 0.5232 -0.197 0.000255021 1.3548
25000.0 7.5 0.8042 -0.9501 0.8955 -0.3278 0.000355166 1.4991
30000.0 7.5 0.7373 -0.8264 0.7203 -0.2507 0.000490168 1.5912
35000.0 7.5 0.492 -0.4093 0.3178 -0.107 0.000642597 1.6549
40000.0 7.5 0.3816 -0.287 0.2325 -0.0831 0.000761897 1.7015
45000.0 7.5 0.3377 -0.2772 0.2487 -0.0933 0.000860015 1.7371
50000.0 7.5 0.3282 -0.3235 0.3137 -0.1198 0.000948235 1.7652
55000.0 7.5 0.3282 -0.3731 0.3751 -0.1436 0.00102796 1.7878
60000.0 7.5 0.3341 -0.4249 0.4348 -0.1663 0.00110235 1.8065
65000.0 7.5 -0.1061 0.6406 -0.6348 0.2222 0.00124829 1.8222
70000.0 7.5 -0.1305 0.6575 -0.6415 0.2233 0.00132118 1.8355
75000.0 7.5 -0.1483 0.6634 -0.6386 0.221 0.0013926 1.847
80000.0 7.5 -0.1615 0.6636 -0.632 0.2178 0.00146256 1.8569
85000.0 7.5 -0.1697 0.6553 -0.6175 0.2117 0.00153241 1.8657
90000.0 7.5 -0.1742 0.6407 -0.5972 0.2036 0.00160165 1.8735
100000.0 7.5 -0.1816 0.6131 -0.5601 0.189 0.00173998 1.8866
3750.0 7.75 2.009 -2.7572 2.3357 -0.7861 3.30186e-06 -2.8547
4000.0 7.75 1.9028 -2.6291 2.2485 -0.7627 3.97329e-06 -2.4959
4250.0 7.75 1.8524 -2.5734 2.2092 -0.7514 4.8196e-06 -2.1809
4500.0 7.75 1.8268 -2.5562 2.2017 -0.7503 5.94007e-06 -1.9025
4750.0 7.75 1.8166 -2.5587 2.2126 -0.7557 7.36563e-06 -1.655
5000.0 7.75 1.6725 -2.1188 1.7054 -0.5548 9.58562e-06 -1.4339
5250.0 7.75 1.4938 -1.655 1.222 -0.3747 1.16451e-05 -1.2352
5500.0 7.75 1.3177 -1.1829 0.7336 -0.1942 1.39044e-05 -1.056
5750.0 7.75 1.0655 -0.5265 0.0743 0.0442 1.63545e-05 -0.8936
6000.0 7.75 0.745 0.2568 -0.6737 0.3046 1.89773e-05 -0.746
6250.0 7.75 0.4298 0.9697 -1.3081 0.5123 2.17707e-05 -0.6113
6500.0 7.75 0.188 1.4676 -1.7127 0.6333 2.47247e-05 -0.4881
7000.0 7.75 -0.0502 1.8622 -1.9454 0.6721 3.1193e-05 -0.2707
7500.0 7.75 -0.0715 1.7742 -1.7547 0.5744 3.84956e-05 -0.0854
8000.0 7.75 -0.048 1.6728 -1.6338 0.5232 4.6623e-05 0.074
8500.0 7.75 -0.0271 1.655 -1.6551 0.5363 5.56125e-05 0.2124
9000.0 7.75 0.0022 1.6762 -1.7628 0.5922 6.54912e-05 0.3335
9500.0 7.75 0.0768 1.6081 -1.807 0.6336 7.62168e-05 0.4401
10000.0 7.75 0.198 1.3804 -1.6666 0.6051 8.75097e-05 0.5347
10500.0 7.75 0.3388 1.0096 -1.3168 0.4872 9.87479e-05 0.6191
11000.0 7.75 0.4376 0.7105 -1.0056 0.3761 0.000109207 0.6948
11500.0 7.75 0.5048 0.476 -0.7392 0.2774 0.000118786 0.763
12000.0 7.75 0.5529 0.2556 -0.4636 0.1723 0.000126906 0.8248
12500.0 7.75 0.5977 0.0298 -0.1829 0.0675 0.000133121 0.881
13000.0 7.75 0.6426 -0.1779 0.067 -0.0232 0.000139707 0.9322
13500.0 7.75 0.673 -0.3225 0.2464 -0.0921 0.000147151 0.9791
14000.0 7.75 0.6825 -0.3871 0.3308 -0.127 0.000154926 1.0223
14500.0 7.75 0.6793 -0.403 0.3518 -0.1361 0.000162794 1.062
15000.0 7.75 0.6731 -0.4062 0.3552 -0.1376 0.000170734 1.0988
15500.0 7.75 0.6708 -0.4176 0.366 -0.1411 0.000178695 1.1329
16000.0 7.75 0.6698 -0.432 0.38 -0.1457 0.000186899 1.1646
16500.0 7.75 0.6687 -0.4468 0.3953 -0.1512 0.000195151 1.1941
17000.0 7.75 0.6705 -0.4662 0.4145 -0.1578 0.000203509 1.2216
20000.0 7.75 0.6936 -0.5988 0.548 -0.2052 0.00025633 1.3548
25000.0 7.75 0.8092 -0.955 0.8972 -0.3277 0.000356946 1.4991
30000.0 7.75 0.7375 -0.8261 0.7187 -0.2498 0.000492531 1.5912
35000.0 7.75 0.4897 -0.4032 0.3109 -0.1043 0.000643782 1.6549
40000.0 7.75 0.3763 -0.2716 0.2153 -0.0764 0.000761907 1.7015
45000.0 7.75 0.3326 -0.2617 0.2317 -0.0868 0.000859017 1.7371
50000.0 7.75 0.3148 -0.2865 0.2738 -0.1047 0.000945493 1.7652
55000.0 7.75 0.3112 -0.3275 0.3267 -0.1255 0.00102338 1.7878
60000.0 7.75 0.3132 -0.3707 0.3776 -0.1447 0.00109893 1.8065
65000.0 7.75 0.0066 0.5202 -0.5488 0.1956 0.00130859 1.8222
70000.0 7.75 -0.0257 0.5535 -0.5698 0.2013 0.00138237 1.8355
75000.0 7.75 -0.0523 0.5783 -0.5847 0.2052 0.0014546 1.847
80000.0 7.75 -0.0732 0.594 -0.5915 0.2065 0.00152529 1.8569
85000.0 7.75 -0.0894 0.6017 -0.5914 0.2053 0.00159577 1.8657
90000.0 7.75 -0.1019 0.6034 -0.586 0.2023 0.00166559 1.8735
100000.0 7.75 -0.1245 0.6065 -0.5771 0.1976 0.00180485 1.8866
3750.0 8.0 2.0606 -2.8573 2.434 -0.8219 3.39919e-06 -2.8547
4000.0 8.0 1.9362 -2.6929 2.3122 -0.7861 4.07552e-06 -2.4959
4250.0 8.0 1.8683 -2.5978 2.2331 -0.7602 4.91253e-06 -2.1809
4500.0 8.0 1.8382 -2.5716 2.2164 -0.7556 6.01483e-06 -1.9025
4750.0 8.0 1.821 -2.5612 2.214 -0.7562 7.41739e-06 -1.655
5000.0 8.0 1.7208 -2.2397 1.833 -0.6028 9.66886e-06 -1.4339
5250.0 8.0 1.5311 -1.7515 1.322 -0.4117 1.17419e-05 -1.2352
5500.0 8.0 1.371 -1.327 0.8821 -0.2489 1.40125e-05 -1.056
5750.0 8.0 1.1564 -0.7619 0.3061 -0.0384 1.64685e-05 -0.8936
6000.0 8.0 0.8638 -0.0407 -0.3908 0.2064 1.90883e-05 -0.746
6250.0 8.0 0.565 0.6465 -1.014 0.4145 2.18776e-05 -0.6113
6500.0 8.0 0.3053 1.2052 -1.491 0.5653 2.4824e-05 -0.4881
7000.0 8.0 -0.0064 1.7907 -1.9153 0.6729 3.12633e-05 -0.2707
7500.0 8.0 -0.0544 1.7521 -1.7567 0.582 3.85229e-05 -0.0854
8000.0 8.0 -0.0496 1.6869 -1.6617 0.5371 4.65822e-05 0.074
8500.0 8.0 -0.0183 1.6386 -1.6519 0.5399 5.54716e-05 0.2124
9000.0 8.0 0.0167 1.6463 -1.7489 0.5933 6.52089e-05 0.3335
9500.0 8.0 0.0977 1.569 -1.7903 0.6357 7.57958e-05 0.4401
10000.0 8.0 0.2304 1.3258 -1.6449 0.608 8.70143e-05 0.5347
10500.0 8.0 0.3857 0.9348 -1.288 0.4906 9.84047e-05 0.6191
11000.0 8.0 0.5019 0.5937 -0.9392 0.3664 0.000109171 0.6948
11500.0 8.0 0.5841 0.3314 -0.654 0.262 0.000119151 0.763
12000.0 8.0 0.6386 0.1201 -0.401 0.166 0.000128287 0.8248
12500.0 8.0 0.6648 -0.0442 -0.1821 0.0811 0.000135683 0.881
13000.0 8.0 0.6857 -0.1966 0.0189 0.0052 0.000141793 0.9322
13500.0 8.0 0.706 -0.3359 0.2011 -0.0633 0.000148603 0.9791
14000.0 8.0 0.7218 -0.4447 0.3499 -0.1237 0.000156137 1.0223
14500.0 8.0 0.7202 -0.4853 0.4161 -0.1539 0.000164011 1.062
15000.0 8.0 0.7102 -0.4866 0.4274 -0.1609 0.000172011 1.0988
15500.0 8.0 0.6999 -0.4801 0.4242 -0.1612 0.000179941 1.1329
16000.0 8.0 0.6931 -0.4794 0.4234 -0.1608 0.000188145 1.1646
16500.0 8.0 0.6739 -0.4495 0.3929 -0.1493 0.00019657 1.1941
17000.0 8.0 0.69 -0.5022 0.4456 -0.1681 0.000204862 1.2216
20000.0 8.0 0.7059 -0.6179 0.5629 -0.2098 0.000257775 1.3548
25000.0 8.0 0.8182 -0.9695 0.9087 -0.3313 0.000358853 1.4991
30000.0 8.0 0.7379 -0.8261 0.7177 -0.2493 0.00049518 1.5912
35000.0 8.0 0.4897 -0.4019 0.3089 -0.1035 0.000645226 1.6549
40000.0 8.0 0.3743 -0.2634 0.2054 -0.0724 0.000762199 1.7015
45000.0 8.0 0.3277 -0.2451 0.2126 -0.0793 0.000858448 1.7371
50000.0 8.0 0.3074 -0.264 0.2489 -0.0952 0.000944039 1.7652
55000.0 8.0 0.3004 -0.2966 0.2932 -0.1128 0.00102117 1.7878
60000.0 8.0 0.2997 -0.3339 0.3389 -0.1304 0.00109477 1.8065
3750.0 8.25 2.1062 -2.9322 2.5027 -0.8459 3.49526e-06 -2.8547
4000.0 8.25 1.9722 -2.7603 2.3791 -0.8107 4.18277e-06 -2.4959
4250.0 8.25 1.8864 -2.626 2.2608 -0.7704 5.01279e-06 -2.1809
4500.0 8.25 1.8494 -2.5853 2.2293 -0.7603 6.0981e-06 -1.9025
4750.0 8.25 1.822 -2.5533 2.2044 -0.7524 7.47899e-06 -1.655
5000.0 8.25 1.7794 -2.3879 1.9911 -0.6627 9.75632e-06 -1.4339
5250.0 8.25 1.5613 -1.8247 1.3967 -0.4393 1.18514e-05 -1.2352
5500.0 8.25 1.405 -1.4206 0.9796 -0.285 1.41382e-05 -1.056
5750.0 8.25 1.2058 -0.9033 0.4533 -0.093 1.66041e-05 -0.8936
6000.0 8.25 0.9649 -0.2966 -0.144 0.1197 1.92284e-05 -0.746
6250.0 8.25 0.6901 0.3422 -0.7313 0.3183 2.2012e-05 -0.6113
6500.0 8.25 0.431 0.9146 -1.2345 0.4824 2.49536e-05 -0.4881
7000.0 8.25 0.0573 1.671 -1.8398 0.6585 3.13678e-05 -0.2707
7500.0 8.25 -0.033 1.7201 -1.7491 0.5863 3.85832e-05 -0.0854
8000.0 8.25 -0.0284 1.6374 -1.6223 0.5269 4.6579e-05 0.074
8500.0 8.25 -0.0078 1.6062 -1.621 0.5305 5.53727e-05 0.2124
9000.0 8.25 0.0269 1.6115 -1.7146 0.5827 6.49725e-05 0.3335
9500.0 8.25 0.1087 1.5389 -1.767 0.6309 7.54102e-05 0.4401
10000.0 8.25 0.2515 1.2865 -1.6251 0.6078 8.65262e-05 0.5347
10500.0 8.25 0.4246 0.8695 -1.2574 0.4902 9.79624e-05 0.6191
11000.0 8.25 0.5684 0.458 -0.841 0.3423 0.000109031 0.6948
11500.0 8.25 0.6688 0.1515 -0.5164 0.2245 0.000119326 0.763
12000.0 8.25 0.742 -0.0956 -0.236 0.1193 0.000128959 0.8248
12500.0 8.25 0.7772 -0.2627 -0.0226 0.0363 0.000137686 0.881
13000.0 8.25 0.7815 -0.3634 0.1272 -0.0233 0.000144565 0.9322
13500.0 8.25 0.7798 -0.4449 0.2501 -0.0705 0.000150713 0.9791
14000.0 8.25 0.7815 -0.5298 0.3773 -0.1206 0.000157631 1.0223
14500.0 8.25 0.7779 -0.588 0.4771 -0.1645 0.000165289 1.062
15000.0 8.25 0.7638 -0.5984 0.5168 -0.1863 0.000173274 1.0988
15500.0 8.25 0.7451 -0.5793 0.5117 -0.1888 0.000181343 1.1329
16000.0 8.25 0.7288 -0.5576 0.4956 -0.1852 0.000189483 1.1646
16500.0 8.25 0.718 -0.5457 0.4846 -0.1817 0.000197731 1.1941
17000.0 8.25 0.7101 -0.5404 0.4786 -0.179 0.000206337 1.2216
20000.0 8.25 0.7259 -0.6553 0.5959 -0.2208 0.000259256 1.3548
25000.0 8.25 0.8237 -0.9765 0.9134 -0.3325 0.000360939 1.4991
30000.0 8.25 0.7392 -0.8276 0.7178 -0.249 0.000498045 1.5912
35000.0 8.25 0.4923 -0.4065 0.3127 -0.1047 0.000646871 1.6549
40000.0 8.25 0.3681 -0.2463 0.1875 -0.0657 0.000762862 1.7015
45000.0 8.25 0.3267 -0.2382 0.2036 -0.0756 0.00085817 1.7371
50000.0 8.25 0.3045 -0.2517 0.2347 -0.0897 0.000942509 1.7652
55000.0 8.25 0.2942 -0.276 0.2702 -0.104 0.00101938 1.7878
60000.0 8.25 0.2907 -0.3057 0.3077 -0.1185 0.001091 1.8065
65000.0 8.25 0.0376 0.4662 -0.5015 0.1797 0.00129946 1.8222
70000.0 8.25 0.0025 0.5087 -0.533 0.1894 0.00137094 1.8355
75000.0 8.25 -0.0273 0.5436 -0.5591 0.1977 0.0014406 1.847
80000.0 8.25 -0.0515 0.568 -0.5746 0.202 0.00150869 1.8569
85000.0 8.25 -0.0728 0.59 -0.5901 0.2068 0.00157569 1.8657
90000.0 8.25 -0.0902 0.6047 -0.5983 0.2089 0.00164238 1.8735
100000.0 8.25 -0.1226 0.6332 -0.6155 0.2136 0.00177445 1.8866
3750.0 8.5 2.1486 -2.9978 2.561 -0.8659 3.59354e-06 -2.8547
4000.0 8.5 2.0102 -2.8295 2.4464 -0.835 4.29509e-06 -2.4959
4250.0 8.5 1.9069 -2.6587 2.2925 -0.782 5.12045e-06 -2.1809
4500.0 8.5 1.8608 -2.5982 2.241 -0.7645 6.19076e-06 -1.9025
4750.0 8.5 1.8289 -2.5581 2.2079 -0.7536 7.54977e-06 -1.655
5000.0 8.5 1.7671 -2.333 1.9233 -0.6352 9.84319e-06 -1.4339
5250.0 8.5 1.602 -1.9203 1.4941 -0.4752 1.19628e-05 -1.2352
5500.0 8.5 1.4369 -1.5015 1.0627 -0.3158 1.42771e-05 -1.056
5750.0 8.5 1.2739 -1.0769 0.6273 -0.1558 1.67667e-05 -0.8936
6000.0 8.5 1.0521 -0.5165 0.0701 0.044 1.94024e-05 -0.746
6250.0 8.5 0.8002 0.0731 -0.4783 0.2312 2.21876e-05 -0.6113
6500.0 8.5 0.5562 0.6193 -0.9668 0.3934 2.51207e-05 -0.4881
7000.0 8.5 0.1399 1.5039 -1.7176 0.6275 3.15052e-05 -0.2707
7500.0 8.5 -0.007 1.6838 -1.7433 0.5928 3.8677e-05 -0.0854
8000.0 8.5 -0.0131 1.6027 -1.5964 0.5207 4.66141e-05 0.074
8500.0 8.5 0.006 1.5602 -1.5718 0.5132 5.53069e-05 0.2124
9000.0 8.5 0.035 1.5702 -1.6612 0.5617 6.47916e-05 0.3335
9500.0 8.5 0.1129 1.5102 -1.7289 0.6163 7.50752e-05 0.4401
10000.0 8.5 0.2551 1.2774 -1.6211 0.6091 8.60643e-05 0.5347
10500.0 8.5 0.4476 0.8338 -1.2449 0.4932 9.75018e-05 0.6191
11000.0 8.5 0.6168 0.3655 -0.7803 0.33 0.000108782 0.6948
11500.0 8.5 0.745 -0.0196 -0.3747 0.1823 0.000119394 0.763
12000.0 8.5 0.8392 -0.3163 -0.0499 0.0618 0.000129353 0.8248
12500.0 8.5 0.8959 -0.5287 0.2031 -0.0356 0.000138727 0.881
13000.0 8.5 0.9096 -0.6387 0.3578 -0.0974 0.000147104 0.9322
13500.0 8.5 0.8935 -0.6755 0.4355 -0.1298 0.000153702 0.9791
14000.0 8.5 0.8744 -0.7005 0.4964 -0.1547 0.000159922 1.0223
14500.0 8.5 0.8557 -0.7238 0.558 -0.1812 0.000166899 1.062
15000.0 8.5 0.8375 -0.7411 0.616 -0.2101 0.000174648 1.0988
15500.0 8.5 0.8125 -0.7234 0.6298 -0.2233 0.000182746 1.1329
16000.0 8.5 0.784 -0.6808 0.6048 -0.2197 0.000191 1.1646
16500.0 8.5 0.76 -0.6394 0.5713 -0.2105 0.000199261 1.1941
17000.0 8.5 0.7446 -0.615 0.5488 -0.2034 0.000207686 1.2216
20000.0 8.5 0.7473 -0.697 0.6341 -0.234 0.000260849 1.3548
25000.0 8.5 0.8378 -1.0019 0.9353 -0.3398 0.000363101 1.4991
30000.0 8.5 0.7365 -0.8214 0.711 -0.2465 0.000501215 1.5912
35000.0 8.5 0.4959 -0.4134 0.319 -0.1068 0.000648719 1.6549
40000.0 8.5 0.3822 -0.274 0.2128 -0.0744 0.000763399 1.7015
45000.0 8.5 0.328 -0.2356 0.1986 -0.0733 0.000858188 1.7371
50000.0 8.5 0.304 -0.2431 0.2228 -0.0846 0.000940481 1.7652
55000.0 8.5 0.2916 -0.2626 0.2538 -0.0974 0.00101654 1.7878
60000.0 8.5 0.2839 -0.2845 0.2842 -0.1094 0.00108965 1.8065
65000.0 8.5 0.06 0.4225 -0.4604 0.1652 0.00129619 1.8222
70000.0 8.5 0.0248 0.4667 -0.4943 0.176 0.0013665 1.8355
75000.0 8.5 -0.0048 0.5017 -0.5204 0.1842 0.00143506 1.847
80000.0 8.5 -0.0299 0.5296 -0.5402 0.1902 0.00150227 1.8569
85000.0 8.5 -0.0514 0.5527 -0.5567 0.1953 0.00156853 1.8657
90000.0 8.5 -0.07 0.5715 -0.5697 0.1994 0.00163401 1.8735
100000.0 8.5 -0.1045 0.607 -0.5949 0.2072 0.00176368 1.8866
3750.0 8.75 2.181 -3.034 2.5884 -0.8746 3.69408e-06 -2.8547
4000.0 8.75 2.0492 -2.8969 2.5102 -0.8577 4.41214e-06 -2.4959
4250.0 8.75 1.9307 -2.697 2.3294 -0.7953 5.23516e-06 -2.1809
4500.0 8.75 1.8729 -2.6118 2.2535 -0.769 6.29221e-06 -1.9025
4750.0 8.75 1.8402 -2.572 2.2208 -0.7583 7.62961e-06 -1.655
5000.0 8.75 1.8356 -2.5053 2.1081 -0.7056 9.9389e-06 -1.4339
5250.0 8.75 1.647 -2.0253 1.6011 -0.5148 1.20751e-05 -1.2352
5500.0 8.75 1.4717 -1.5842 1.1454 -0.3459 1.44287e-05 -1.056
5750.0 8.75 1.2998 -1.1495 0.7046 -0.185 1.69454e-05 -0.8936
6000.0 8.75 1.1052 -0.6614 0.219 -0.0108 1.96032e-05 -0.746
6250.0 8.75 0.89 -0.1488 -0.2669 0.1575 2.2397e-05 -0.6113
6500.0 8.75 0.6709 0.3447 -0.712 0.3066 2.53316e-05 -0.4881
7000.0 8.75 0.2373 1.2992 -1.5575 0.5828 3.16843e-05 -0.2707
7500.0 8.75 0.0377 1.6053 -1.7008 0.5879 3.88165e-05 -0.0854
8000.0 8.75 0.0084 1.5579 -1.5643 0.5135 4.66813e-05 0.074
8500.0 8.75 0.0239 1.501 -1.506 0.4892 5.52867e-05 0.2124
9000.0 8.75 0.0489 1.5071 -1.5802 0.5294 6.46538e-05 0.3335
9500.0 8.75 0.1139 1.4749 -1.67 0.5901 7.47905e-05 0.4401
10000.0 8.75 0.2428 1.293 -1.6262 0.6092 8.56347e-05 0.5347
10500.0 8.75 0.4453 0.8523 -1.2745 0.5074 9.70166e-05 0.6191
11000.0 8.75 0.6439 0.3216 -0.7593 0.3293 0.000108458 0.6948
11500.0 8.75 0.7955 -0.1237 -0.2981 0.1629 0.000119354 0.763
12000.0 8.75 0.9164 -0.4966 0.1057 0.0128 0.000129606 0.8248
12500.0 8.75 0.9959 -0.7646 0.4116 -0.1037 0.000139356 0.881
13000.0 8.75 1.0298 -0.9188 0.607 -0.1807 0.000148543 0.9322
13500.0 8.75 1.0216 -0.9672 0.6957 -0.2181 0.000156675 0.9791
14000.0 8.75 0.9935 -0.9595 0.7211 -0.2306 0.000163164 1.0223
14500.0 8.75 0.9605 -0.9361 0.7267 -0.2348 0.000169438 1.062
15000.0 8.75 0.9288 -0.9158 0.739 -0.243 0.000176483 1.0988
15500.0 8.75 0.8967 -0.8906 0.7507 -0.2544 0.000184227 1.1329
16000.0 8.75 0.861 -0.8455 0.7383 -0.2583 0.000192381 1.1646
16500.0 8.75 0.8247 -0.7837 0.6973 -0.25 0.000200663 1.1941
17000.0 8.75 0.7879 -0.7109 0.6364 -0.2325 0.000209047 1.2216
20000.0 8.75 0.7693 -0.7403 0.673 -0.2472 0.000262536 1.3548
25000.0 8.75 0.8496 -1.0225 0.9525 -0.3453 0.00036543 1.4991
30000.0 8.75 0.742 -0.8318 0.7195 -0.2492 0.000504461 1.5912
35000.0 8.75 0.5013 -0.4241 0.3292 -0.1105 0.000650716 1.6549
40000.0 8.75 0.387 -0.2812 0.2184 -0.0761 0.000764327 1.7015
45000.0 8.75 0.3321 -0.2401 0.2013 -0.0739 0.000858416 1.7371
50000.0 8.75 0.3065 -0.2427 0.2201 -0.0832 0.000939585 1.7652
55000.0 8.75 0.2922 -0.257 0.2454 -0.0939 0.00101472 1.7878
60000.0 8.75 0.284 -0.2753 0.2711 -0.1039 0.00108569 1.8065
3750.0 9.0 2.2042 -3.0453 2.5893 -0.8735 3.79076e-06 -2.8547
4000.0 9.0 2.0874 -2.9575 2.5654 -0.8771 4.53365e-06 -2.4959
4250.0 9.0 1.9582 -2.7424 2.3733 -0.8113 5.35652e-06 -2.1809
4500.0 9.0 1.8869 -2.6287 2.2694 -0.7748 6.40287e-06 -1.9025
4750.0 9.0 1.8466 -2.5728 2.2203 -0.7581 7.72578e-06 -1.655
5000.0 9.0 1.8656 -2.5673 2.1701 -0.7282 1.00421e-05 -1.4339
5250.0 9.0 1.702 -2.1557 1.7355 -0.5648 1.21879e-05 -1.2352
5500.0 9.0 1.5042 -1.6565 1.216 -0.3712 1.4576e-05 -1.056
5750.0 9.0 1.3419 -1.2517 0.8067 -0.2221 1.71385e-05 -0.8936
6000.0 9.0 1.1578 -0.7922 0.3488 -0.0576 1.9834e-05 -0.746
6250.0 9.0 0.9689 -0.3348 -0.0934 0.098 2.26519e-05 -0.6113
6500.0 9.0 0.7687 0.1077 -0.4881 0.2289 2.55871e-05 -0.4881
7000.0 9.0 0.3516 1.0422 -1.3362 0.5137 3.19143e-05 -0.2707
7500.0 9.0 0.0901 1.516 -1.6545 0.5834 3.90014e-05 -0.0854
8000.0 9.0 0.0342 1.5094 -1.5345 0.5085 4.68103e-05 0.074
8500.0 9.0 0.0442 1.4399 -1.4414 0.4663 5.53251e-05 0.2124
9000.0 9.0 0.0693 1.4222 -1.4725 0.4865 6.45585e-05 0.3335
9500.0 9.0 0.1136 1.4339 -1.5975 0.5571 7.45291e-05 0.4401
10000.0 9.0 0.2222 1.3143 -1.6222 0.6017 8.52745e-05 0.5347
10500.0 9.0 0.4208 0.9135 -1.3329 0.528 9.65622e-05 0.6191
11000.0 9.0 0.6426 0.347 -0.8016 0.3493 0.000108089 0.6948
11500.0 9.0 0.8214 -0.1699 -0.2709 0.1585 0.00011925 0.763
12000.0 9.0 0.9647 -0.603 0.1912 -0.012 0.00012977 0.8248
12500.0 9.0 1.0686 -0.9359 0.5608 -0.1514 0.000139791 0.881
13000.0 9.0 1.124 -1.1452 0.8105 -0.2486 0.000149429 0.9322
13500.0 9.0 1.1344 -1.2372 0.9422 -0.3027 0.00015851 0.9791
14000.0 9.0 1.1125 -1.2397 0.9782 -0.3201 0.000166509 1.0223
14500.0 9.0 1.0762 -1.1976 0.9611 -0.316 0.000172983 1.062
15000.0 9.0 1.0354 -1.1422 0.9294 -0.3063 0.00017931 1.0988
15500.0 9.0 0.9938 -1.0862 0.9 -0.2986 0.000186358 1.1329
16000.0 9.0 0.9516 -1.0273 0.8726 -0.2943 0.000194054 1.1646
16500.0 9.0 0.9083 -0.9603 0.8374 -0.2895 0.000202283 1.1941
17000.0 9.0 0.8654 -0.883 0.7833 -0.277 0.000210712 1.2216
20000.0 9.0 0.7935 -0.79 0.7191 -0.2632 0.000264337 1.3548
25000.0 9.0 0.8578 -1.0372 0.9646 -0.3492 0.000367915 1.4991
30000.0 9.0 0.7466 -0.8403 0.7258 -0.2511 0.000507866 1.5912
35000.0 9.0 0.5105 -0.4426 0.3463 -0.1164 0.000652826 1.6549
40000.0 9.0 0.3927 -0.2906 0.2265 -0.0788 0.000765414 1.7015
45000.0 9.0 0.3384 -0.2488 0.2073 -0.0754 0.000858851 1.7371
50000.0 9.0 0.3102 -0.2443 0.2188 -0.0821 0.00093892 1.7652
55000.0 9.0 0.2936 -0.2526 0.2377 -0.0903 0.00101343 1.7878
60000.0 9.0 0.2844 -0.2687 0.2621 -0.1003 0.00108315 1.8065
65000.0 9.0 0.1058 0.3311 -0.373 0.134 0.00129116 1.8222
70000.0 9.0 0.0726 0.3717 -0.4035 0.1436 0.00135988 1.8355
75000.0 9.0 0.0439 0.4065 -0.43 0.152 0.00142672 1.847
80000.0 9.0 0.0195 0.4348 -0.4512 0.1588 0.0014921 1.8569
85000.0 9.0 -0.0016 0.4582 -0.4684 0.1641 0.00155636 1.8657
90000.0 9.0 -0.0199 0.4776 -0.4823 0.1685 0.00161975 1.8735
100000.0 9.0 -0.0548 0.517 -0.5126 0.1785 0.00174463 1.8866
3750.0 9.25 2.2181 -3.0317 2.5642 -0.863 3.88072e-06 -2.8547
4000.0 9.25 2.1234 -3.0083 2.6082 -0.8913 4.65677e-06 -2.4959
4250.0 9.25 1.9893 -2.7946 2.4234 -0.8292 5.48478e-06 -2.1809
4500.0 9.25 1.9034 -2.6507 2.2905 -0.7825 6.52229e-06 -1.9025
4750.0 9.25 1.8585 -2.5856 2.2321 -0.7624 7.82271e-06 -1.655
5000.0 9.25 1.9146 -2.6881 2.3011 -0.7785 1.01572e-05 -1.4339
5250.0 9.25 1.7673 -2.3145 1.9015 -0.6268 1.2304e-05 -1.2352
5500.0 9.25 1.5504 -1.7621 1.3211 -0.4094 1.47197e-05 -1.056
5750.0 9.25 1.3823 -1.3452 0.8977 -0.2545 1.73331e-05 -0.8936
6000.0 9.25 1.2132 -0.9245 0.4768 -0.1027 2.00818e-05 -0.746
6250.0 9.25 1.0238 -0.4702 0.0386 0.0511 2.29381e-05 -0.6113
6500.0 9.25 0.845 -0.0708 -0.322 0.1715 2.58976e-05 -0.4881
7000.0 9.25 0.4654 0.7795 -1.1005 0.4365 3.22008e-05 -0.2707
7500.0 9.25 0.1612 1.3826 -1.5675 0.5653 3.92268e-05 -0.0854
8000.0 9.25 0.0669 1.4536 -1.5058 0.5061 4.69878e-05 0.074
8500.0 9.25 0.0645 1.3855 -1.3875 0.4482 5.54204e-05 0.2124
9000.0 9.25 0.0877 1.3469 -1.3769 0.4483 6.4525e-05 0.3335
9500.0 9.25 0.1221 1.3632 -1.4883 0.5092 7.43304e-05 0.4401
10000.0 9.25 0.2088 1.3007 -1.5698 0.5737 8.48884e-05 0.5347
10500.0 9.25 0.3821 0.9936 -1.3936 0.5446 9.60851e-05 0.6191
11000.0 9.25 0.6135 0.4372 -0.8985 0.3857 0.000107634 0.6948
11500.0 9.25 0.8155 -0.129 -0.3303 0.1846 0.000119023 0.763
12000.0 9.25 0.9823 -0.6253 0.1925 -0.0069 0.00012983 0.8248
12500.0 9.25 1.1113 -1.0272 0.6314 -0.1713 0.000140104 0.881
13000.0 9.25 1.1909 -1.3022 0.9472 -0.2928 0.00015001 0.9322
13500.0 9.25 1.2198 -1.4418 1.1261 -0.3646 0.000159599 0.9791
14000.0 9.25 1.212 -1.4795 1.1983 -0.3964 0.000168632 1.0223
14500.0 9.25 1.182 -1.4505 1.1965 -0.3991 0.000176614 1.062
15000.0 9.25 1.1411 -1.3861 1.1519 -0.3845 0.000183219 1.0988
15500.0 9.25 1.0968 -1.3112 1.095 -0.3651 0.000189562 1.1329
16000.0 9.25 1.0502 -1.2307 1.0342 -0.3448 0.000196474 1.1646
16500.0 9.25 0.9976 -1.1399 0.9701 -0.3259 0.000204213 1.1941
17000.0 9.25 0.9335 -1.0213 0.889 -0.306 0.000212326 1.2216
20000.0 9.25 0.8223 -0.849 0.7728 -0.2814 0.000266141 1.3548
25000.0 9.25 0.8761 -1.0705 0.9931 -0.3585 0.000370509 1.4991
30000.0 9.25 0.7493 -0.8453 0.7296 -0.2523 0.000511399 1.5912
35000.0 9.25 0.5153 -0.453 0.3568 -0.1203 0.00065498 1.6549
40000.0 9.25 0.4016 -0.3069 0.2412 -0.0839 0.000766494 1.7015
45000.0 9.25 0.3444 -0.2586 0.2161 -0.0786 0.000859376 1.7371
50000.0 9.25 0.3158 -0.2502 0.2217 -0.0825 0.000938408 1.7652
55000.0 9.25 0.2955 -0.2515 0.2351 -0.0892 0.00101286 1.7878
60000.0 9.25 0.2843 -0.2618 0.2525 -0.0962 0.00108137 1.8065
3750.0 9.5 2.2307 -3.0141 2.533 -0.8499 3.96681e-06 -2.8547
4000.0 9.5 2.1577 -3.0506 2.6398 -0.9011 4.77868e-06 -2.4959
4250.0 9.5 2.0237 -2.8501 2.4747 -0.8474 5.61849e-06 -2.1809
4500.0 9.5 1.9224 -2.6775 2.3169 -0.7924 6.64937e-06 -1.9025
4750.0 9.5 1.8709 -2.5986 2.2441 -0.7668 7.938e-06 -1.655
5000.0 9.5 1.9408 -2.7422 2.3576 -0.7999 1.03572e-05 -1.4339
5250.0 9.5 1.7397 -2.2152 1.7848 -0.5805 1.24175e-05 -1.2352
5500.0 9.5 1.5919 -1.8547 1.4133 -0.443 1.4859e-05 -1.056
5750.0 9.5 1.4319 -1.4593 1.0096 -0.2946 1.75221e-05 -0.8936
6000.0 9.5 1.2708 -1.0569 0.6038 -0.1472 2.03384e-05 -0.746
6250.0 9.5 1.0811 -0.5994 0.1578 0.0104 2.32519e-05 -0.6113
6500.0 9.5 0.906 -0.2074 -0.198 0.1294 2.62536e-05 -0.4881
7000.0 9.5 0.5795 0.5035 -0.8368 0.3448 3.25597e-05 -0.2707
7500.0 9.5 0.2466 1.213 -1.4446 0.5346 3.9514e-05 -0.0854
8000.0 9.5 0.1041 1.3967 -1.4845 0.5084 4.72166e-05 0.074
8500.0 9.5 0.0873 1.334 -1.3447 0.4359 5.55808e-05 0.2124
9000.0 9.5 0.1094 1.2683 -1.2818 0.4113 6.45696e-05 0.3335
9500.0 9.5 0.1388 1.2734 -1.3621 0.4561 7.42298e-05 0.4401
10000.0 9.5 0.2027 1.2563 -1.4762 0.5282 8.45778e-05 0.5347
10500.0 9.5 0.3411 1.0597 -1.4249 0.5469 9.55983e-05 0.6191
11000.0 9.5 0.5633 0.5678 -1.0224 0.4276 0.000107133 0.6948
11500.0 9.5 0.7825 -0.0217 -0.4487 0.2293 0.000118701 0.763
12000.0 9.5 0.9677 -0.5633 0.1126 0.0261 0.000129798 0.8248
12500.0 9.5 1.1196 -1.0252 0.6079 -0.1574 0.000140336 0.881
13000.0 9.5 1.226 -1.3725 0.9965 -0.3053 0.000150478 0.9322
13500.0 9.5 1.2795 -1.5795 1.244 -0.4024 0.000160352 0.9791
14000.0 9.5 1.2886 -1.6628 1.3628 -0.452 0.000169934 1.0223
14500.0 9.5 1.2679 -1.6579 1.3863 -0.4651 0.000178991 1.062
15000.0 9.5 1.233 -1.6067 1.3567 -0.457 0.000187069 1.0988
15500.0 9.5 1.1882 -1.5252 1.2908 -0.4342 0.000193864 1.1329
16000.0 9.5 1.1421 -1.4363 1.2157 -0.4078 0.000200267 1.1646
16500.0 9.5 1.0954 -1.3468 1.1419 -0.3822 0.000207073 1.1941
17000.0 9.5 1.0394 -1.2407 1.0569 -0.3546 0.000214691 1.2216
20000.0 9.5 0.7602 -0.8176 1.0369 -0.4952 0.000298826 1.3548
25000.0 9.5 0.8891 -1.0944 1.0125 -0.3646 0.00037318 1.4991
30000.0 9.5 0.7529 -0.8521 0.7344 -0.2537 0.000515049 1.5912
35000.0 9.5 0.523 -0.4686 0.3716 -0.1257 0.00065723 1.6549
40000.0 9.5 0.4104 -0.323 0.2556 -0.0888 0.000767716 1.7015
45000.0 9.5 0.3516 -0.2698 0.2247 -0.0811 0.000860128 1.7371
50000.0 9.5 0.3229 -0.2596 0.2285 -0.0845 0.000937312 1.7652
55000.0 9.5 0.3031 -0.2589 0.2377 -0.089 0.0010103 1.7878
60000.0 9.5 0.2902 -0.2658 0.2523 -0.0953 0.00107929 1.8065
65000.0 9.5 0.1513 0.2406 -0.2869 0.1034 0.00128752 1.8222
70000.0 9.5 0.1201 0.2782 -0.3151 0.1122 0.00135507 1.8355
75000.0 9.5 0.0934 0.3096 -0.3384 0.1195 0.00142058 1.847
80000.0 9.5 0.0705 0.3356 -0.3579 0.1259 0.00148467 1.8569
85000.0 9.5 0.0513 0.355 -0.3707 0.1295 0.0015475 1.8657
90000.0 9.5 0.0339 0.3733 -0.384 0.1338 0.00160929 1.8735
100000.0 9.5 0.0013 0.4097 -0.4121 0.1431 0.00173073 1.8866
