Teff log(g) a1 a2 a3 a4 I1 beaming
3750.0 5.0 1.7822 -2.5371 2.1394 -0.7151 3.72467e-06 -1.8497
4000.0 5.0 1.7418 -2.5399 2.1852 -0.7408 4.65489e-06 -1.5598
4250.0 5.0 1.7195 -2.5077 2.1703 -0.739 5.84961e-06 -1.3061
4500.0 5.0 1.5825 -2.0612 1.6697 -0.5442 7.34218e-06 -1.0827
4750.0 5.0 1.2965 -1.2469 0.8223 -0.2289 9.10097e-06 -0.8847
5000.0 5.0 0.7714 0.1296 -0.5373 0.256 1.12499e-05 -0.7082
5250.0 5.0 0.2445 1.4043 -1.7266 0.6571 1.34011e-05 -0.5502
5500.0 5.0 -0.0868 2.0675 -2.2239 0.7879 1.5702e-05 -0.408
5750.0 5.0 -0.1912 2.0973 -2.0546 0.6749 1.81417e-05 -0.2795
6000.0 5.0 -0.1698 1.8146 -1.5896 0.464 2.07198e-05 -0.1629
6250.0 5.0 -0.0905 1.4171 -1.0458 0.2369 2.34376e-05 -0.0567
6500.0 5.0 0.0055 1.0299 -0.562 0.0453 2.6299e-05 0.0404
7000.0 5.0 0.1507 0.5304 0.0068 -0.1682 3.25175e-05 0.2111
7500.0 5.0 0.2195 0.3375 0.1996 -0.2414 3.94466e-05 0.3563
8000.0 5.0 0.2394 0.3358 0.1546 -0.2229 4.69791e-05 0.481
8500.0 5.0 0.295 0.2883 0.096 -0.178 5.4743e-05 0.5891
9000.0 5.0 0.4739 -0.1467 0.4345 -0.2622 6.18303e-05 0.6836
9500.0 5.0 0.5715 -0.3513 0.4934 -0.2289 6.64531e-05 0.7668
10000.0 5.0 0.5886 -0.367 0.4446 -0.1909 7.15672e-05 0.8406
10500.0 5.0 0.57 -0.3092 0.3692 -0.1617 7.69945e-05 0.9064
11000.0 5.0 0.5761 -0.3227 0.3639 -0.1564 8.24532e-05 0.9654
11500.0 5.0 0.6096 -0.4224 0.4506 -0.1841 8.80086e-05 1.0186
12000.0 5.0 0.5937 -0.3931 0.416 -0.1709 9.33679e-05 1.0668
12500.0 5.0 0.5998 -0.4277 0.4485 -0.182 9.88633e-05 1.1107
13000.0 5.0 0.6044 -0.4585 0.4791 -0.193 0.00010437 1.1507
13500.0 5.0 0.5732 -0.4004 0.4172 -0.1694 0.000109926 1.1874
14000.0 5.0 0.6117 -0.512 0.532 -0.2116 0.000115507 1.2211
14500.0 5.0 0.5352 -0.3411 0.3536 -0.1449 0.000121141 1.2522
15000.0 5.0 0.62 -0.5647 0.5856 -0.2311 0.000126792 1.281
15500.0 5.0 0.6228 -0.5868 0.6085 -0.2395 0.000132505 1.3077
16000.0 5.0 0.5475 -0.4137 0.4266 -0.1712 0.000138282 1.3326
16500.0 5.0 0.6329 -0.6356 0.6563 -0.2563 0.000144091 1.3557
17000.0 5.0 0.6408 -0.6666 0.6877 -0.2677 0.000149979 1.3773
20000.0 5.0 0.7117 -0.8867 0.9032 -0.3439 0.000186804 1.4822
25000.0 5.0 0.9162 -1.3532 1.3236 -0.4844 0.000256632 1.5962
30000.0 5.0 0.9106 -1.2471 1.1345 -0.3987 0.000353822 1.6694
35000.0 5.0 0.8387 -1.2292 1.1504 -0.4131 0.000469756 1.7203
40000.0 5.0 0.9284 -1.5551 1.5119 -0.5508 0.000559414 1.7576
45000.0 5.0 1.039 -1.8704 1.8402 -0.6714 0.000634773 1.7862
50000.0 5.0 1.1453 -2.1433 2.114 -0.7698 0.000704814 1.8088
55000.0 5.0 1.2363 -2.3589 2.3232 -0.8436 0.000770407 1.8271
60000.0 5.0 1.3136 -2.5286 2.4826 -0.8986 0.000834566 1.8422
3750.0 5.25 1.8072 -2.5988 2.2065 -0.7408 3.78267e-06 -1.8497
4000.0 5.25 1.7495 -2.563 2.2117 -0.7512 4.69587e-06 -1.5598
4250.0 5.25 1.7224 -2.5259 2.1916 -0.7475 5.872e-06 -1.3061
4500.0 5.25 1.6292 -2.2074 1.8289 -0.605 7.34233e-06 -1.0827
4750.0 5.25 1.3863 -1.5044 1.0846 -0.3252 9.08947e-06 -0.8847
5000.0 5.25 0.9343 -0.2923 -0.1305 0.114 1.12599e-05 -0.7082
5250.0 5.25 0.4165 0.9994 -1.367 0.5414 1.34089e-05 -0.5502
5500.0 5.25 0.0171 1.8804 -2.1169 0.772 1.571e-05 -0.408
5750.0 5.25 -0.1598 2.126 -2.1855 0.7482 1.81487e-05 -0.2795
6000.0 5.25 -0.1869 1.9814 -1.867 0.5899 2.07256e-05 -0.1629
6250.0 5.25 -0.14 1.6672 -1.4023 0.3879 2.34405e-05 -0.0567
6500.0 5.25 -0.0603 1.3028 -0.9199 0.1895 2.62941e-05 0.0404
7000.0 5.25 0.0947 0.7241 -0.2231 -0.0827 3.24705e-05 0.2111
7500.0 5.25 0.1781 0.4642 0.0575 -0.1901 3.933e-05 0.3563
8000.0 5.25 0.2024 0.4336 0.0524 -0.1869 4.68127e-05 0.481
8500.0 5.25 0.2371 0.4316 -0.0378 -0.1362 5.46503e-05 0.5891
9000.0 5.25 0.3721 0.1202 0.1901 -0.1898 6.21061e-05 0.6836
9500.0 5.25 0.5095 -0.2218 0.4233 -0.2273 6.75365e-05 0.7668
10000.0 5.25 0.5492 -0.2824 0.3773 -0.1724 7.19927e-05 0.8406
10500.0 5.25 0.5592 -0.299 0.3663 -0.1617 7.74185e-05 0.9064
11000.0 5.25 0.5615 -0.3002 0.3487 -0.1523 8.28476e-05 0.9654
11500.0 5.25 0.5667 -0.3181 0.351 -0.1498 8.82574e-05 1.0186
12000.0 5.25 0.5745 -0.3519 0.3767 -0.157 9.36853e-05 1.0668
12500.0 5.25 0.5795 -0.3831 0.4044 -0.166 9.91493e-05 1.1107
13000.0 5.25 0.5834 -0.4125 0.4334 -0.1764 0.00010463 1.1507
13500.0 5.25 0.587 -0.4408 0.4621 -0.1867 0.000110164 1.1874
14000.0 5.25 0.589 -0.4637 0.4848 -0.1947 0.000115734 1.2211
14500.0 5.25 0.5915 -0.4866 0.5077 -0.2028 0.000121342 1.2522
15000.0 5.25 0.5927 -0.5053 0.5265 -0.2095 0.000126994 1.281
15500.0 5.25 0.5975 -0.532 0.5538 -0.2194 0.000132684 1.3077
16000.0 5.25 0.6012 -0.5548 0.577 -0.2279 0.000138436 1.3326
16500.0 5.25 0.5978 -0.5586 0.5796 -0.2283 0.000144245 1.3557
17000.0 5.25 0.6106 -0.6014 0.623 -0.2442 0.000150104 1.3773
20000.0 5.25 0.6483 -0.743 0.7576 -0.2903 0.000186803 1.4822
25000.0 5.25 0.866 -1.2476 1.219 -0.4463 0.000256148 1.5962
30000.0 5.25 0.8587 -1.1444 1.0351 -0.363 0.000351316 1.6694
35000.0 5.25 0.7359 -1.012 0.9378 -0.3364 0.000465254 1.7203
40000.0 5.25 0.7895 -1.2685 1.2357 -0.4523 0.000553731 1.7576
45000.0 5.25 0.8805 -1.5518 1.5374 -0.5643 0.000627463 1.7862
50000.0 5.25 0.9743 -1.8097 1.8013 -0.6602 0.000695552 1.8088
55000.0 5.25 1.0598 -2.0261 2.016 -0.7368 0.000758694 1.8271
60000.0 5.25 1.1366 -2.2084 2.1923 -0.7988 0.000819865 1.8422
3750.0 5.5 1.8419 -2.6781 2.2892 -0.7718 3.84844e-06 -1.8497
4000.0 5.5 1.7593 -2.5863 2.2369 -0.7609 4.74286e-06 -1.5598
4250.0 5.5 1.7244 -2.5371 2.2043 -0.7524 5.9006e-06 -1.3061
4500.0 5.5 1.6576 -2.2986 1.9282 -0.6429 7.34747e-06 -1.0827
4750.0 5.5 1.4551 -1.7077 1.2955 -0.4035 9.08111e-06 -0.8847
5000.0 5.5 1.0732 -0.661 0.2309 -0.0145 1.12776e-05 -0.7082
5250.0 5.5 0.5919 0.5682 -0.9667 0.4067 1.34238e-05 -0.5502
5500.0 5.5 0.147 1.6075 -1.9074 0.715 1.57248e-05 -0.408
5750.0 5.5 -0.1056 2.079 -2.2273 0.787 1.81635e-05 -0.2795
6000.0 5.5 -0.1833 2.0804 -2.0653 0.6858 2.07386e-05 -0.1629
6250.0 5.5 -0.1667 1.851 -1.6888 0.5148 2.34502e-05 -0.0567
6500.0 5.5 -0.1125 1.5483 -1.2614 0.3324 2.62987e-05 0.0404
7000.0 5.5 0.0329 0.9557 -0.513 0.0307 3.24388e-05 0.2111
7500.0 5.5 0.1303 0.6241 -0.1326 -0.1179 3.92317e-05 0.3563
8000.0 5.5 0.1628 0.5497 -0.0767 -0.1395 4.66562e-05 0.481
8500.0 5.5 0.1843 0.5683 -0.1732 -0.0909 5.45203e-05 0.5891
9000.0 5.5 0.3012 0.3187 -0.0098 -0.1237 6.22866e-05 0.6836
9500.0 5.5 0.4827 -0.1661 0.4069 -0.2395 6.86798e-05 0.7668
10000.0 5.5 0.5627 -0.3409 0.463 -0.2135 7.2929e-05 0.8406
10500.0 5.5 0.5502 -0.2901 0.3644 -0.1625 7.79231e-05 0.9064
11000.0 5.5 0.5523 -0.2906 0.3464 -0.1529 8.33242e-05 0.9654
11500.0 5.5 0.5539 -0.2957 0.3348 -0.1455 8.87193e-05 1.0186
12000.0 5.5 0.5603 -0.3223 0.3504 -0.1484 9.40982e-05 1.0668
12500.0 5.5 0.564 -0.3487 0.3717 -0.1546 9.95273e-05 1.1107
13000.0 5.5 0.5662 -0.3731 0.3939 -0.1619 0.000105011 1.1507
13500.0 5.5 0.5724 -0.4084 0.4301 -0.1751 0.000110497 1.1874
14000.0 5.5 0.571 -0.4234 0.4448 -0.1802 0.000116055 1.2211
14500.0 5.5 0.5732 -0.4458 0.4669 -0.1879 0.000121654 1.2522
15000.0 5.5 0.5756 -0.4682 0.4899 -0.1962 0.000127291 1.281
15500.0 5.5 0.5776 -0.488 0.51 -0.2035 0.000132984 1.3077
16000.0 5.5 0.5473 -0.4272 0.4455 -0.179 0.000138729 1.3326
16500.0 5.5 0.5828 -0.5267 0.5482 -0.2169 0.000144514 1.3557
17000.0 5.5 0.5869 -0.5477 0.5681 -0.2236 0.000150379 1.3773
20000.0 5.5 0.6505 -0.7543 0.771 -0.2954 0.000186979 1.4822
25000.0 5.5 0.8488 -1.2172 1.1913 -0.4368 0.000256046 1.5962
30000.0 5.5 0.8163 -1.0581 0.951 -0.3326 0.000349872 1.6694
35000.0 5.5 0.6511 -0.8286 0.7563 -0.2705 0.000462002 1.7203
40000.0 5.5 0.6713 -1.0158 0.9883 -0.3632 0.000549417 1.7576
45000.0 5.5 0.741 -1.2599 1.2548 -0.4633 0.000621857 1.7862
50000.0 5.5 0.8196 -1.4921 1.4968 -0.552 0.000688419 1.8088
55000.0 5.5 0.895 -1.6949 1.7015 -0.6257 0.000749648 1.8271
60000.0 5.5 0.9651 -1.8715 1.8755 -0.6875 0.000808706 1.8422
3750.0 5.75 1.8847 -2.7721 2.3856 -0.8077 3.9167e-06 -1.8497
4000.0 5.75 1.7722 -2.6136 2.2652 -0.7715 4.79599e-06 -1.5598
4250.0 5.75 1.7287 -2.55 2.218 -0.7576 5.93505e-06 -1.3061
4500.0 5.75 1.7511 -2.5946 2.2679 -0.7768 7.3638e-06 -1.0827
4750.0 5.75 1.5036 -1.8561 1.4526 -0.4626 9.07577e-06 -0.8847
5000.0 5.75 1.1872 -0.9716 0.5398 -0.1255 1.13079e-05 -0.7082
5250.0 5.75 0.7595 0.1438 -0.5624 0.2674 1.34453e-05 -0.5502
5500.0 5.75 0.2963 1.2675 -1.6166 0.6252 1.57465e-05 -0.408
5750.0 5.75 -0.0203 1.9324 -2.1521 0.7798 1.81865e-05 -0.2795
6000.0 5.75 -0.1496 2.0825 -2.1513 0.7386 2.07594e-05 -0.1629
6250.0 5.75 -0.1762 1.9763 -1.9058 0.6148 2.3465e-05 -0.0567
6500.0 5.75 -0.1452 1.7406 -1.5498 0.4581 2.63103e-05 0.0404
7000.0 5.75 -0.0259 1.1968 -0.8305 0.1598 3.24193e-05 0.2111
7500.0 5.75 0.078 0.8141 -0.3696 -0.0246 3.91524e-05 0.3563
8000.0 5.75 0.1196 0.6906 -0.244 -0.0751 4.65156e-05 0.481
8500.0 5.75 0.1357 0.7051 -0.3193 -0.0386 5.43693e-05 0.5891
9000.0 5.75 0.2303 0.5219 -0.2201 -0.0517 6.23128e-05 0.6836
9500.0 5.75 0.3809 0.1135 0.1446 -0.1605 6.93719e-05 0.7668
10000.0 5.75 0.5081 -0.2241 0.3983 -0.2118 7.41843e-05 0.8406
10500.0 5.75 0.5429 -0.285 0.3722 -0.17 7.85734e-05 0.9064
11000.0 5.75 0.5464 -0.2874 0.3493 -0.1551 8.38531e-05 0.9654
11500.0 5.75 0.5457 -0.2844 0.3298 -0.1451 8.92421e-05 1.0186
12000.0 5.75 0.5501 -0.3022 0.3346 -0.1439 9.46021e-05 1.0668
12500.0 5.75 0.552 -0.3214 0.3463 -0.146 9.99745e-05 1.1107
13000.0 5.75 0.5551 -0.3476 0.3695 -0.1534 0.000105417 1.1507
13500.0 5.75 0.5566 -0.3699 0.3904 -0.1604 0.000110918 1.1874
14000.0 5.75 0.5583 -0.3928 0.4134 -0.1685 0.000116461 1.2211
14500.0 5.75 0.5598 -0.4141 0.4349 -0.1763 0.00012205 1.2522
15000.0 5.75 0.5609 -0.4329 0.4535 -0.1827 0.00012769 1.281
15500.0 5.75 0.5628 -0.4531 0.4743 -0.1902 0.000133375 1.3077
16000.0 5.75 0.5647 -0.4718 0.4932 -0.197 0.000139111 1.3326
16500.0 5.75 0.5676 -0.4918 0.5129 -0.2039 0.000144903 1.3557
17000.0 5.75 0.5229 -0.3944 0.4103 -0.1652 0.000150766 1.3773
20000.0 5.75 0.6318 -0.7117 0.7279 -0.2796 0.000187317 1.4822
25000.0 5.75 0.8449 -1.213 1.1882 -0.4358 0.000256243 1.5962
30000.0 5.75 0.7823 -0.987 0.8809 -0.3072 0.000349203 1.6694
35000.0 5.75 0.5838 -0.6807 0.6093 -0.2171 0.000459756 1.7203
40000.0 5.75 0.5752 -0.8063 0.7815 -0.2884 0.000546054 1.7576
45000.0 5.75 0.6244 -1.009 1.0089 -0.3748 0.00061741 1.7862
50000.0 5.75 0.6877 -1.2127 1.2251 -0.4547 0.000682587 1.8088
55000.0 5.75 0.7509 -1.3938 1.4108 -0.522 0.000742412 1.8271
60000.0 5.75 0.812 -1.5567 1.5736 -0.5802 0.00079986 1.8422
3750.0 6.0 1.9419 -2.8947 2.5089 -0.8529 3.99216e-06 -1.8497
4000.0 6.0 1.7891 -2.6469 2.2987 -0.7839 4.8557e-06 -1.5598
4250.0 6.0 1.7342 -2.5617 2.2295 -0.7619 5.97559e-06 -1.3061
4500.0 6.0 1.7404 -2.5804 2.2563 -0.7732 7.38193e-06 -1.0827
4750.0 6.0 1.5499 -1.9962 1.603 -0.5194 9.07449e-06 -0.8847
5000.0 6.0 1.2813 -1.2313 0.8004 -0.22 1.13341e-05 -0.7082
5250.0 6.0 0.9121 -0.2496 -0.1826 0.1347 1.34782e-05 -0.5502
5500.0 6.0 0.4573 0.8828 -1.2686 0.5111 1.57748e-05 -0.408
5750.0 6.0 0.0885 1.7112 -1.991 0.7393 1.8215e-05 -0.2795
6000.0 6.0 -0.0999 2.0295 -2.17 0.7645 2.07856e-05 -0.1629
6250.0 6.0 -0.1631 2.0281 -2.0374 0.6824 2.34903e-05 -0.0567
6500.0 6.0 -0.1577 1.8645 -1.7572 0.5527 2.63251e-05 0.0404
7000.0 6.0 -0.0716 1.4106 -1.1294 0.2858 3.24132e-05 0.2111
7500.0 6.0 0.0261 1.0194 -0.6367 0.0837 3.90933e-05 0.3563
8000.0 6.0 0.0763 0.8487 -0.4428 0.0044 4.63923e-05 0.481
8500.0 6.0 0.0916 0.8446 -0.4813 0.0232 5.4213e-05 0.5891
9000.0 6.0 0.1594 0.7338 -0.4497 0.031 6.22663e-05 0.6836
9500.0 6.0 0.3108 0.3293 -0.0844 -0.0822 6.97942e-05 0.7668
10000.0 6.0 0.4791 -0.153 0.3592 -0.2145 7.56525e-05 0.8406
10500.0 6.0 0.5312 -0.2739 0.3928 -0.1903 7.96307e-05 0.9064
11000.0 6.0 0.542 -0.2858 0.3544 -0.1587 8.44937e-05 0.9654
11500.0 6.0 0.5416 -0.2831 0.3347 -0.1481 8.98256e-05 1.0186
12000.0 6.0 0.5414 -0.2846 0.321 -0.14 9.51692e-05 1.0668
12500.0 6.0 0.5443 -0.3033 0.3307 -0.1412 0.000100535 1.1107
13000.0 6.0 0.5466 -0.3254 0.3476 -0.1458 0.000105948 1.1507
13500.0 6.0 0.5484 -0.3482 0.3687 -0.1527 0.000111418 1.1874
14000.0 6.0 0.5498 -0.3705 0.3908 -0.1604 0.000116949 1.2211
14500.0 6.0 0.5511 -0.3914 0.4117 -0.1678 0.000122531 1.2522
15000.0 6.0 0.5518 -0.4092 0.4291 -0.1737 0.000128165 1.281
15500.0 6.0 0.5521 -0.4251 0.4448 -0.1791 0.00013385 1.3077
16000.0 6.0 0.5548 -0.4466 0.4667 -0.187 0.00013959 1.3326
16500.0 6.0 0.5546 -0.4585 0.4779 -0.1908 0.000145385 1.3557
17000.0 6.0 0.5601 -0.4844 0.5041 -0.2003 0.000151237 1.3773
20000.0 6.0 0.6181 -0.678 0.6931 -0.2667 0.000187798 1.4822
25000.0 6.0 0.829 -1.1763 1.151 -0.4222 0.000256689 1.5962
30000.0 6.0 0.7223 -0.8493 0.7409 -0.2557 0.000349152 1.6694
35000.0 6.0 0.5313 -0.5639 0.4926 -0.1745 0.000458258 1.7203
40000.0 6.0 0.4984 -0.6353 0.611 -0.2263 0.000543521 1.7576
45000.0 6.0 0.529 -0.7989 0.8009 -0.2995 0.000613829 1.7862
50000.0 6.0 0.5787 -0.9756 0.992 -0.3706 0.000677698 1.8088
55000.0 6.0 0.6305 -1.1351 1.158 -0.4313 0.000736227 1.8271
60000.0 6.0 0.6856 -1.2903 1.315 -0.4877 0.000795908 1.8422
65000.0 6.0 0.3068 -0.3056 0.3342 -0.1353 0.00094577 1.8548
70000.0 6.0 0.3493 -0.4335 0.4661 -0.1831 0.00100575 1.8656
75000.0 6.0 0.3948 -0.5604 0.5944 -0.2294 0.00106577 1.8749
80000.0 6.0 0.443 -0.6879 0.7228 -0.2758 0.00112587 1.883
85000.0 6.0 0.4916 -0.8102 0.8441 -0.3193 0.00118622 1.8901
90000.0 6.0 0.539 -0.9247 0.9559 -0.359 0.00124696 1.8964
100000.0 6.0 0.6294 -1.1364 1.1619 -0.4321 0.0013707 1.9071
3750.0 6.25 2.0138 -3.0473 2.6607 -0.9082 4.07213e-06 -1.8497
4000.0 6.25 1.8113 -2.69 2.3413 -0.7995 4.92202e-06 -1.5598
4250.0 6.25 1.7438 -2.5806 2.2483 -0.7687 6.02172e-06 -1.3061
4500.0 6.25 1.7313 -2.5634 2.2391 -0.7669 7.40626e-06 -1.0827
4750.0 6.25 1.5902 -2.1164 1.7323 -0.5685 9.07719e-06 -0.8847
5000.0 6.25 1.3293 -1.3691 0.9373 -0.2696 1.13743e-05 -0.7082
5250.0 6.25 1.0394 -0.5881 0.1507 0.0159 1.35094e-05 -0.5502
5500.0 6.25 0.6203 0.4791 -0.8901 0.3826 1.58101e-05 -0.408
5750.0 6.25 0.2186 1.4228 -1.7519 0.6678 1.82504e-05 -0.2795
6000.0 6.25 -0.0334 1.9247 -2.13 0.7681 2.08201e-05 -0.1629
6250.0 6.25 -0.1362 2.0306 -2.1073 0.7251 2.35191e-05 -0.0567
6500.0 6.25 -0.1625 1.9575 -1.9244 0.6309 2.63483e-05 0.0404
7000.0 6.25 -0.1035 1.581 -1.3791 0.3938 3.24133e-05 0.2111
7500.0 6.25 -0.0195 1.2187 -0.9089 0.1976 3.90482e-05 0.3563
8000.0 6.25 0.0342 1.0185 -0.6672 0.0968 4.62855e-05 0.481
8500.0 6.25 0.0512 0.9913 -0.6658 0.0976 5.40585e-05 0.5891
9000.0 6.25 0.0966 0.9331 -0.6777 0.1172 6.21566e-05 0.6836
9500.0 6.25 0.2373 0.5705 -0.3572 0.0181 7.00034e-05 0.7668
10000.0 6.25 0.3768 0.153 0.0526 -0.1155 7.66802e-05 0.8406
10500.0 6.25 0.4965 -0.1924 0.3488 -0.1924 8.11716e-05 0.9064
11000.0 6.25 0.5364 -0.2809 0.3647 -0.1688 8.53645e-05 0.9654
11500.0 6.25 0.539 -0.2817 0.3375 -0.1502 9.0508e-05 1.0186
12000.0 6.25 0.5381 -0.2804 0.3212 -0.1412 9.5834e-05 1.0668
12500.0 6.25 0.5395 -0.2907 0.32 -0.1382 0.000101182 1.1107
13000.0 6.25 0.541 -0.3081 0.3305 -0.1399 0.000106569 1.1507
13500.0 6.25 0.5428 -0.3302 0.35 -0.1461 0.000112011 1.1874
14000.0 6.25 0.5434 -0.3495 0.3679 -0.1518 0.000117524 1.2211
14500.0 6.25 0.544 -0.3682 0.3858 -0.1579 0.000123093 1.2522
15000.0 6.25 0.5455 -0.3893 0.4074 -0.1656 0.00012872 1.281
15500.0 6.25 0.5451 -0.4048 0.4239 -0.1717 0.000134404 1.3077
16000.0 6.25 0.547 -0.423 0.4411 -0.1775 0.000140146 1.3326
16500.0 6.25 0.549 -0.4412 0.4594 -0.184 0.000145945 1.3557
17000.0 6.25 0.5513 -0.458 0.4749 -0.189 0.000151808 1.3773
20000.0 6.25 0.6115 -0.6587 0.6725 -0.2591 0.000188402 1.4822
25000.0 6.25 0.8167 -1.1453 1.1186 -0.4102 0.000257328 1.5962
30000.0 6.25 0.7324 -0.8781 0.7721 -0.2676 0.000349507 1.6694
35000.0 6.25 0.4917 -0.4749 0.4033 -0.1419 0.000457379 1.7203
40000.0 6.25 0.4386 -0.5008 0.4764 -0.1773 0.000541648 1.7576
45000.0 6.25 0.4542 -0.6318 0.6346 -0.239 0.000610963 1.7862
50000.0 6.25 0.4923 -0.7855 0.8038 -0.3025 0.000675235 1.8088
55000.0 6.25 0.5348 -0.9271 0.9533 -0.3574 0.000733706 1.8271
60000.0 6.25 0.5778 -1.056 1.0852 -0.405 0.000789157 1.8422
3750.0 6.5 2.1007 -3.23 2.8408 -0.9736 4.15542e-06 -1.8497
4000.0 6.5 1.8407 -2.7474 2.3978 -0.8201 4.99524e-06 -1.5598
4250.0 6.5 1.7546 -2.5995 2.2661 -0.7751 6.07472e-06 -1.3061
4500.0 6.5 1.727 -2.5537 2.2283 -0.7628 7.43738e-06 -1.0827
4750.0 6.5 1.6189 -2.2002 1.8215 -0.6021 9.08488e-06 -0.8847
5000.0 6.5 1.3956 -1.5664 1.1475 -0.3486 1.1413e-05 -0.7082
5250.0 6.5 1.1447 -0.8744 0.4366 -0.0872 1.35613e-05 -0.5502
5500.0 6.5 0.7737 0.0897 -0.5174 0.2534 1.58534e-05 -0.408
5750.0 6.5 0.3649 1.0804 -1.4484 0.5704 1.82957e-05 -0.2795
6000.0 6.5 0.0561 1.7527 -2.0161 0.7437 2.08652e-05 -0.1629
6250.0 6.5 -0.098 1.9973 -2.1363 0.7522 2.35634e-05 -0.0567
6500.0 6.5 -0.143 1.9724 -2.0006 0.6743 2.63847e-05 0.0404
7000.0 6.5 -0.119 1.6983 -1.5674 0.4787 3.24283e-05 0.2111
7500.0 6.5 -0.0502 1.3805 -1.1465 0.301 3.90256e-05 0.3563
8000.0 6.5 -0.0021 1.1851 -0.9005 0.1965 4.62002e-05 0.481
8500.0 6.5 0.0173 1.1373 -0.8651 0.1819 5.39216e-05 0.5891
9000.0 6.5 0.0464 1.1114 -0.897 0.2045 6.2027e-05 0.6836
9500.0 6.5 0.1645 0.8216 -0.6532 0.1315 7.00995e-05 0.7668
10000.0 6.5 0.3089 0.3902 -0.2204 -0.0155 7.73148e-05 0.8406
10500.0 6.5 0.4311 0.0054 0.1615 -0.1381 8.28807e-05 0.9064
11000.0 6.5 0.5178 -0.2389 0.3507 -0.1774 8.67396e-05 0.9654
11500.0 6.5 0.5359 -0.2758 0.3374 -0.1528 9.13403e-05 1.0186
12000.0 6.5 0.537 -0.2776 0.3203 -0.1415 9.6587e-05 1.0668
12500.0 6.5 0.5364 -0.2809 0.3113 -0.1355 0.000101919 1.1107
13000.0 6.5 0.529 -0.2737 0.2954 -0.1275 0.000107288 1.1507
13500.0 6.5 0.5398 -0.3154 0.3333 -0.14 0.000112705 1.1874
14000.0 6.5 0.5387 -0.3288 0.3433 -0.1423 0.000118192 1.2211
14500.0 6.5 0.5407 -0.3529 0.3685 -0.1515 0.000123744 1.2522
15000.0 6.5 0.5412 -0.3705 0.3853 -0.1571 0.000129367 1.281
15500.0 6.5 0.5407 -0.3855 0.4006 -0.1625 0.000135048 1.3077
16000.0 6.5 0.5421 -0.4029 0.4176 -0.1682 0.000140792 1.3326
16500.0 6.5 0.5441 -0.4216 0.4365 -0.175 0.000146597 1.3557
17000.0 6.5 0.5465 -0.4401 0.455 -0.1816 0.000152466 1.3773
20000.0 6.5 0.6063 -0.6394 0.6502 -0.2504 0.000189128 1.4822
25000.0 6.5 0.8106 -1.1267 1.0986 -0.4029 0.000258157 1.5962
30000.0 6.5 0.7163 -0.8415 0.7354 -0.2543 0.00035024 1.6694
35000.0 6.5 0.4614 -0.4056 0.3335 -0.1163 0.000456974 1.7203
40000.0 6.5 0.3927 -0.3952 0.3698 -0.1383 0.000540276 1.7576
45000.0 6.5 0.3963 -0.4999 0.5022 -0.1907 0.000608728 1.7862
50000.0 6.5 0.4233 -0.6295 0.6482 -0.246 0.000671687 1.8088
55000.0 6.5 0.4566 -0.7517 0.779 -0.2942 0.000728834 1.8271
60000.0 6.5 0.4917 -0.8649 0.8962 -0.3368 0.000783091 1.8422
65000.0 6.5 0.094 0.194 -0.173 0.0505 0.000925688 1.8548
70000.0 6.5 0.1042 0.1311 -0.1013 0.0235 0.000981214 1.8656
75000.0 6.5 0.1198 0.0628 -0.0271 -0.0039 0.00103636 1.8749
80000.0 6.5 0.1408 -0.0128 0.0534 -0.0335 0.00109133 1.883
85000.0 6.5 0.1642 -0.0886 0.1322 -0.0622 0.00114625 1.8901
90000.0 6.5 0.1903 -0.167 0.2129 -0.0916 0.00120127 1.8964
100000.0 6.5 0.2417 -0.3147 0.3622 -0.1452 0.00131229 1.9071
3750.0 6.75 2.2018 -3.4385 3.044 -1.0467 4.24122e-06 -1.8497
4000.0 6.75 1.8789 -2.823 2.472 -0.8469 5.07499e-06 -1.5598
4250.0 6.75 1.7687 -2.6236 2.2887 -0.7832 6.13424e-06 -1.3061
4500.0 6.75 1.7315 -2.5617 2.2354 -0.7652 7.47507e-06 -1.0827
4750.0 6.75 1.7388 -2.5363 2.1907 -0.7442 9.1022e-06 -0.8847
5000.0 6.75 1.4284 -1.6671 1.2536 -0.3882 1.14574e-05 -0.7082
5250.0 6.75 1.2316 -1.1123 0.6753 -0.1735 1.36038e-05 -0.5502
5500.0 6.75 0.9086 -0.2595 -0.179 0.1346 1.5905e-05 -0.408
5750.0 6.75 0.5175 0.7116 -1.1105 0.4581 1.83489e-05 -0.2795
6000.0 6.75 0.1733 1.4972 -1.8086 0.6833 2.09209e-05 -0.1629
6250.0 6.75 -0.0325 1.8844 -2.0782 0.7468 2.36141e-05 -0.0567
6500.0 6.75 -0.1229 1.9797 -2.0638 0.7117 2.64299e-05 0.0404
7000.0 6.75 -0.1265 1.7785 -1.7041 0.5416 3.24488e-05 0.2111
7500.0 6.75 -0.0725 1.5087 -1.3401 0.3863 3.90076e-05 0.3563
8000.0 6.75 -0.0263 1.3227 -1.1082 0.2886 4.6134e-05 0.481
8500.0 6.75 -0.0093 1.2725 -1.0619 0.268 5.37967e-05 0.5891
9000.0 6.75 0.011 1.2617 -1.0998 0.29 6.18895e-05 0.6836
9500.0 6.75 0.1008 1.0585 -0.9473 0.2489 7.00973e-05 0.7668
10000.0 6.75 0.245 0.6325 -0.5179 0.1003 7.77349e-05 0.8406
10500.0 6.75 0.3585 0.2616 -0.1274 -0.035 8.41772e-05 0.9064
11000.0 6.75 0.4699 -0.0927 0.218 -0.1424 8.86153e-05 0.9654
11500.0 6.75 0.5237 -0.242 0.3175 -0.1539 9.25497e-05 1.0186
12000.0 6.75 0.5348 -0.2675 0.3103 -0.1386 9.74486e-05 1.0668
12500.0 6.75 0.5367 -0.2761 0.3054 -0.1332 0.000102744 1.1107
13000.0 6.75 0.5371 -0.286 0.3063 -0.1314 0.000108094 1.1507
13500.0 6.75 0.5372 -0.2981 0.312 -0.1317 0.000113498 1.1874
14000.0 6.75 0.5381 -0.3169 0.3283 -0.1367 0.000118958 1.2211
14500.0 6.75 0.5377 -0.3327 0.3426 -0.1411 0.000124491 1.2522
15000.0 6.75 0.5389 -0.3534 0.3638 -0.1487 0.0001301 1.281
15500.0 6.75 0.5398 -0.3718 0.3822 -0.155 0.000135777 1.3077
16000.0 6.75 0.5404 -0.3883 0.3988 -0.1608 0.000141521 1.3326
16500.0 6.75 0.5429 -0.4082 0.4192 -0.1682 0.000147329 1.3557
17000.0 6.75 0.5439 -0.423 0.4334 -0.173 0.000153206 1.3773
20000.0 6.75 0.6036 -0.6232 0.6301 -0.2425 0.000189954 1.4822
25000.0 6.75 0.8037 -1.103 1.0717 -0.3926 0.000259141 1.5962
30000.0 6.75 0.6807 -0.7579 0.6504 -0.2232 0.000351284 1.6694
35000.0 6.75 0.4394 -0.3545 0.2815 -0.0972 0.00045696 1.7203
40000.0 6.75 0.3593 -0.3169 0.2902 -0.109 0.000539327 1.7576
45000.0 6.75 0.3519 -0.3971 0.3985 -0.1528 0.000606938 1.7862
50000.0 6.75 0.3704 -0.508 0.5262 -0.2015 0.000669005 1.8088
55000.0 6.75 0.395 -0.6138 0.6421 -0.2446 0.000725826 1.8271
60000.0 6.75 0.4242 -0.7122 0.7442 -0.2816 0.000777923 1.8422
3750.0 7.0 2.3137 -3.6644 3.2612 -1.1241 4.32836e-06 -1.8497
4000.0 7.0 1.9281 -2.9218 2.5687 -0.882 5.16062e-06 -1.5598
4250.0 7.0 1.7864 -2.6544 2.318 -0.7937 6.2007e-06 -1.3061
4500.0 7.0 1.7363 -2.5678 2.24 -0.7667 7.51986e-06 -1.0827
4750.0 7.0 1.7615 -2.6304 2.3081 -0.7925 9.12625e-06 -0.8847
5000.0 7.0 1.4577 -1.7562 1.3479 -0.4235 1.15026e-05 -0.7082
5250.0 7.0 1.2822 -1.2642 0.8342 -0.2327 1.36592e-05 -0.5502
5500.0 7.0 1.03 -0.5788 0.1351 0.0229 1.59682e-05 -0.408
5750.0 7.0 0.6684 0.3363 -0.7562 0.3368 1.84117e-05 -0.2795
6000.0 7.0 0.3074 1.1894 -1.5415 0.5994 2.0986e-05 -0.1629
6250.0 7.0 0.0504 1.7238 -1.9695 0.7225 2.36778e-05 -0.0567
6500.0 7.0 -0.0777 1.915 -2.0489 0.72 2.649e-05 0.0404
7000.0 7.0 -0.1208 1.8133 -1.7859 0.5832 3.24884e-05 0.2111
7500.0 7.0 -0.0796 1.584 -1.47 0.4469 3.90112e-05 0.3563
8000.0 7.0 -0.0423 1.4297 -1.2779 0.3655 4.60876e-05 0.481
8500.0 7.0 -0.0236 1.3782 -1.2328 0.3466 5.36978e-05 0.5891
9000.0 7.0 -0.0083 1.3787 -1.2794 0.3709 6.17583e-05 0.6836
9500.0 7.0 0.0557 1.252 -1.2059 0.3572 7.00359e-05 0.7668
10000.0 7.0 0.1897 0.8659 -0.8223 0.2245 7.80012e-05 0.8406
10500.0 7.0 0.3035 0.4922 -0.421 0.0806 8.49938e-05 0.9064
11000.0 7.0 0.3998 0.1595 -0.0638 -0.043 9.05604e-05 0.9654
11500.0 7.0 0.4886 -0.127 0.2104 -0.1256 9.43782e-05 1.0186
12000.0 7.0 0.5265 -0.2345 0.2797 -0.1316 9.86067e-05 1.0668
12500.0 7.0 0.5369 -0.2653 0.2898 -0.127 0.000103683 1.1107
13000.0 7.0 0.539 -0.2788 0.2937 -0.1257 0.000109015 1.1507
13500.0 7.0 0.5399 -0.2934 0.3033 -0.128 0.000114384 1.1874
14000.0 7.0 0.5403 -0.3079 0.3131 -0.13 0.000119825 1.2211
14500.0 7.0 0.5378 -0.3185 0.3222 -0.1326 0.000125354 1.2522
15000.0 7.0 0.5369 -0.3335 0.3368 -0.1375 0.000130948 1.281
15500.0 7.0 0.5406 -0.3588 0.3627 -0.1468 0.000136611 1.3077
16000.0 7.0 0.542 -0.378 0.3826 -0.1539 0.00014235 1.3326
16500.0 7.0 0.5438 -0.3965 0.4013 -0.1605 0.000148163 1.3557
17000.0 7.0 0.5435 -0.4089 0.4136 -0.1648 0.000154045 1.3773
20000.0 7.0 0.6067 -0.6184 0.6203 -0.238 0.000190888 1.4822
25000.0 7.0 0.8016 -1.0893 1.0544 -0.3857 0.000260301 1.5962
30000.0 7.0 0.6925 -0.7829 0.6741 -0.2315 0.000352569 1.6694
35000.0 7.0 0.4213 -0.3121 0.2386 -0.0815 0.000457288 1.7203
40000.0 7.0 0.3332 -0.2552 0.2274 -0.0859 0.000538752 1.7576
45000.0 7.0 0.32 -0.3215 0.3214 -0.1245 0.000605626 1.7862
50000.0 7.0 0.3299 -0.4128 0.4298 -0.1662 0.000666629 1.8088
55000.0 7.0 0.349 -0.5039 0.5304 -0.2037 0.000721058 1.8271
60000.0 7.0 0.3716 -0.5907 0.6225 -0.2373 0.000772974 1.8422
65000.0 7.0 -0.0155 0.4728 -0.4647 0.159 0.000912004 1.8548
70000.0 7.0 -0.0298 0.4645 -0.4461 0.151 0.000964148 1.8656
75000.0 7.0 -0.0374 0.4457 -0.4188 0.14 0.00101562 1.8749
80000.0 7.0 -0.0392 0.4182 -0.3841 0.1266 0.00106672 1.883
85000.0 7.0 -0.0362 0.3836 -0.3434 0.111 0.00111765 1.8901
90000.0 7.0 -0.0306 0.3471 -0.303 0.0962 0.00116848 1.8964
100000.0 7.0 -0.0165 0.2707 -0.2179 0.0644 0.00127048 1.9071
3750.0 7.25 2.4328 -3.8959 3.4789 -1.2007 4.41408e-06 -1.8497
4000.0 7.25 1.9896 -3.0466 2.6909 -0.9262 5.25101e-06 -1.5598
4250.0 7.25 1.8085 -2.6936 2.3553 -0.807 6.274e-06 -1.3061
4500.0 7.25 1.7455 -2.5821 2.2525 -0.771 7.57129e-06 -1.0827
4750.0 7.25 1.7361 -2.5733 2.2507 -0.7716 9.15371e-06 -0.8847
5000.0 7.25 1.4924 -1.854 1.4507 -0.4619 1.15491e-05 -0.7082
5250.0 7.25 1.3403 -1.4266 1.0009 -0.2938 1.37166e-05 -0.5502
5500.0 7.25 1.1158 -0.8156 0.3743 -0.0642 1.6032e-05 -0.408
5750.0 7.25 0.8062 -0.0133 -0.421 0.2203 1.84828e-05 -0.2795
6000.0 7.25 0.4509 0.849 -1.2344 0.4988 2.10607e-05 -0.1629
6250.0 7.25 0.1527 1.5098 -1.8054 0.678 2.37532e-05 -0.0567
6500.0 7.25 -0.0222 1.8247 -2.0097 0.7202 2.65612e-05 0.0404
7000.0 7.25 -0.1125 1.8339 -1.8465 0.6154 3.25406e-05 0.2111
7500.0 7.25 -0.083 1.6346 -1.5612 0.4901 3.90248e-05 0.3563
8000.0 7.25 -0.0478 1.4936 -1.3907 0.419 4.60437e-05 0.481
8500.0 7.25 -0.0309 1.4553 -1.3665 0.4098 5.35958e-05 0.5891
9000.0 7.25 -0.015 1.4597 -1.4206 0.4381 6.16155e-05 0.6836
9500.0 7.25 0.0374 1.3736 -1.3938 0.442 6.9931e-05 0.7668
10000.0 7.25 0.1511 1.0624 -1.0985 0.3425 7.81165e-05 0.8406
10500.0 7.25 0.266 0.6883 -0.6957 0.1961 8.55425e-05 0.9064
11000.0 7.25 0.347 0.3991 -0.3738 0.0796 9.19267e-05 0.9654
11500.0 7.25 0.4314 0.0953 -0.045 -0.034 9.66016e-05 1.0186
12000.0 7.25 0.5008 -0.1335 0.1734 -0.099 0.000100329 1.0668
12500.0 7.25 0.5317 -0.2296 0.2461 -0.112 0.000104824 1.1107
13000.0 7.25 0.5433 -0.2721 0.2782 -0.1185 0.000109997 1.1507
13500.0 7.25 0.5467 -0.2945 0.2965 -0.1238 0.000115361 1.1874
14000.0 7.25 0.5464 -0.308 0.3064 -0.1262 0.000120787 1.2211
14500.0 7.25 0.5468 -0.3237 0.3199 -0.1303 0.000126294 1.2522
15000.0 7.25 0.5487 -0.3447 0.3407 -0.1375 0.000131864 1.281
15500.0 7.25 0.5465 -0.3562 0.3523 -0.1414 0.000137518 1.3077
16000.0 7.25 0.5468 -0.3727 0.3695 -0.1476 0.000143248 1.3326
16500.0 7.25 0.5466 -0.3869 0.3838 -0.1526 0.000149059 1.3557
17000.0 7.25 0.5496 -0.407 0.4037 -0.1595 0.000154947 1.3773
20000.0 7.25 0.6115 -0.6163 0.6124 -0.2341 0.000191878 1.4822
25000.0 7.25 0.8008 -1.077 1.0375 -0.3786 0.00026156 1.5962
30000.0 7.25 0.6849 -0.7629 0.6528 -0.2236 0.000354044 1.6694
35000.0 7.25 0.415 -0.2954 0.2204 -0.0745 0.000457836 1.7203
40000.0 7.25 0.3182 -0.2176 0.1882 -0.0713 0.000538433 1.7576
45000.0 7.25 0.2956 -0.2618 0.2599 -0.1018 0.000604586 1.7862
50000.0 7.25 0.3002 -0.3405 0.3556 -0.1388 0.00066427 1.8088
55000.0 7.25 0.3145 -0.4211 0.4461 -0.1727 0.000718032 1.8271
60000.0 7.25 0.3326 -0.4988 0.5296 -0.2034 0.000769856 1.8422
3750.0 7.5 2.5544 -4.1181 3.6802 -1.2698 4.49972e-06 -1.8497
4000.0 7.5 2.0632 -3.1956 2.836 -0.9784 5.34553e-06 -1.5598
4250.0 7.5 1.8363 -2.7447 2.4044 -0.8247 6.35453e-06 -1.3061
4500.0 7.5 1.7572 -2.6 2.2687 -0.7767 7.63025e-06 -1.0827
4750.0 7.5 1.7363 -2.5705 2.2464 -0.7698 9.18791e-06 -0.8847
5000.0 7.5 1.5286 -1.9509 1.5514 -0.4994 1.15988e-05 -0.7082
5250.0 7.5 1.3727 -1.5242 1.1039 -0.3324 1.37752e-05 -0.5502
5500.0 7.5 1.1937 -1.0282 0.589 -0.142 1.61065e-05 -0.408
5750.0 7.5 0.9266 -0.3265 -0.1144 0.1117 1.85649e-05 -0.2795
6000.0 7.5 0.5947 0.4987 -0.9095 0.3892 2.11469e-05 -0.1629
6250.0 7.5 0.2746 1.2393 -1.5794 0.6097 2.38428e-05 -0.0567
6500.0 7.5 0.0514 1.6888 -1.9259 0.7049 2.66518e-05 0.0404
7000.0 7.5 -0.0934 1.8232 -1.8726 0.6347 3.26068e-05 0.2111
7500.0 7.5 -0.0829 1.6638 -1.6196 0.5188 3.90612e-05 0.3563
8000.0 7.5 -0.0477 1.5274 -1.4596 0.4533 4.60262e-05 0.481
8500.0 7.5 -0.0285 1.4928 -1.4483 0.4517 5.35233e-05 0.5891
9000.0 7.5 -0.0107 1.5024 -1.5157 0.4871 6.15009e-05 0.6836
9500.0 7.5 0.0331 1.4522 -1.5346 0.5096 6.98045e-05 0.7668
10000.0 7.5 0.1395 1.1827 -1.2959 0.4332 7.81543e-05 0.8406
10500.0 7.5 0.2539 0.8201 -0.9113 0.2937 8.59414e-05 0.9064
11000.0 7.5 0.329 0.5523 -0.6117 0.1834 9.28214e-05 0.9654
11500.0 7.5 0.3917 0.3119 -0.3376 0.084 9.86146e-05 1.0186
12000.0 7.5 0.4614 0.0486 -0.0493 -0.0162 0.000102659 1.0668
12500.0 7.5 0.5146 -0.1381 0.1351 -0.073 0.00010652 1.1107
13000.0 7.5 0.5429 -0.2373 0.2252 -0.0971 0.000111213 1.1507
13500.0 7.5 0.555 -0.2898 0.2762 -0.113 0.000116454 1.1874
14000.0 7.5 0.5584 -0.3172 0.3044 -0.1229 0.000121864 1.2211
14500.0 7.5 0.5583 -0.3347 0.3226 -0.1295 0.000127335 1.2522
15000.0 7.5 0.5575 -0.3493 0.3371 -0.1346 0.000132855 1.281
15500.0 7.5 0.5488 -0.3446 0.3325 -0.1326 0.000138551 1.3077
16000.0 7.5 0.5471 -0.357 0.3456 -0.1372 0.000144272 1.3326
16500.0 7.5 0.5499 -0.3781 0.3671 -0.1449 0.000150074 1.3557
17000.0 7.5 0.5538 -0.4016 0.3914 -0.1537 0.00015596 1.3773
20000.0 7.5 0.6199 -0.6214 0.6112 -0.2324 0.000192976 1.4822
25000.0 7.5 0.8078 -1.0813 1.0362 -0.377 0.000262975 1.5962
30000.0 7.5 0.6794 -0.7474 0.6359 -0.2172 0.000355755 1.6694
35000.0 7.5 0.4048 -0.2702 0.1944 -0.0649 0.000458651 1.7203
40000.0 7.5 0.3054 -0.1844 0.1532 -0.0582 0.000538418 1.7576
45000.0 7.5 0.2741 -0.208 0.2042 -0.0811 0.000603921 1.7862
50000.0 7.5 0.2786 -0.2864 0.2997 -0.1181 0.000662914 1.8088
55000.0 7.5 0.2887 -0.3578 0.3812 -0.1488 0.000716253 1.8271
60000.0 7.5 0.3026 -0.4255 0.4547 -0.1759 0.000766063 1.8422
65000.0 7.5 -0.1437 0.6844 -0.6704 0.235 0.00085915 1.8548
70000.0 7.5 -0.1705 0.7103 -0.6888 0.2408 0.000907341 1.8656
75000.0 7.5 -0.191 0.7258 -0.6974 0.2432 0.000954575 1.8749
80000.0 7.5 -0.2075 0.7364 -0.7028 0.2446 0.00100088 1.883
85000.0 7.5 -0.2193 0.7383 -0.6994 0.2428 0.00104713 1.8901
90000.0 7.5 -0.2263 0.7307 -0.6864 0.2371 0.00109297 1.8964
100000.0 7.5 -0.2403 0.7209 -0.6682 0.2296 0.00118461 1.9071
3750.0 7.75 2.6681 -4.3095 3.8453 -1.3247 4.57924e-06 -1.8497
4000.0 7.75 2.1508 -3.3727 3.0079 -1.0402 5.44301e-06 -1.5598
4250.0 7.75 1.8717 -2.8115 2.4691 -0.848 6.44159e-06 -1.3061
4500.0 7.75 1.7716 -2.6226 2.2894 -0.784 7.69696e-06 -1.0827
4750.0 7.75 1.7412 -2.5765 2.2508 -0.7712 9.22943e-06 -0.8847
5000.0 7.75 1.5707 -2.0593 1.6636 -0.541 1.16536e-05 -0.7082
5250.0 7.75 1.3965 -1.5964 1.1807 -0.3613 1.38329e-05 -0.5502
5500.0 7.75 1.2411 -1.1672 0.7339 -0.1958 1.6181e-05 -0.408
5750.0 7.75 1.0237 -0.5859 0.1439 0.0189 1.8655e-05 -0.2795
6000.0 7.75 0.7304 0.1593 -0.5866 0.2777 2.12452e-05 -0.1629
6250.0 7.75 0.41 0.9234 -1.2983 0.5188 2.39483e-05 -0.0567
6500.0 7.75 0.1524 1.4754 -1.7591 0.6584 2.67553e-05 0.0404
7000.0 7.75 -0.0645 1.7889 -1.8773 0.6471 3.26969e-05 0.2111
7500.0 7.75 -0.073 1.662 -1.6423 0.5338 3.91088e-05 0.3563
8000.0 7.75 -0.0447 1.5396 -1.4938 0.472 4.60293e-05 0.481
8500.0 7.75 -0.0248 1.5091 -1.4926 0.4759 5.34645e-05 0.5891
9000.0 7.75 -0.008 1.5324 -1.5831 0.5221 6.13808e-05 0.6836
9500.0 7.75 0.0461 1.4709 -1.6027 0.5483 6.96801e-05 0.7668
10000.0 7.75 0.1418 1.2562 -1.4385 0.503 7.81126e-05 0.8406
10500.0 7.75 0.2617 0.8952 -1.0672 0.3703 8.61957e-05 0.9064
11000.0 7.75 0.3447 0.6102 -0.7527 0.2542 9.34804e-05 0.9654
11500.0 7.75 0.399 0.4063 -0.5204 0.169 9.9932e-05 1.0186
12000.0 7.75 0.4475 0.2023 -0.2819 0.0819 0.000105117 1.0668
12500.0 7.75 0.499 -0.0102 -0.0424 -0.0031 0.000108889 1.1107
13000.0 7.75 0.5385 -0.1648 0.1186 -0.055 0.000112925 1.1507
13500.0 7.75 0.5629 -0.2647 0.2229 -0.0886 0.000117756 1.1874
14000.0 7.75 0.5744 -0.325 0.2912 -0.1133 0.000123047 1.2211
14500.0 7.75 0.5771 -0.3573 0.3311 -0.1291 0.000128501 1.2522
15000.0 7.75 0.5756 -0.3728 0.3497 -0.1366 0.000134084 1.281
15500.0 7.75 0.5729 -0.3841 0.3629 -0.1416 0.000139646 1.3077
16000.0 7.75 0.5729 -0.3996 0.3795 -0.1478 0.000145402 1.3326
16500.0 7.75 0.5729 -0.4152 0.3962 -0.1538 0.000151196 1.3557
17000.0 7.75 0.5778 -0.4405 0.4221 -0.1632 0.000157074 1.3773
20000.0 7.75 0.6356 -0.6428 0.6254 -0.236 0.000194165 1.4822
25000.0 7.75 0.8118 -1.0803 1.0311 -0.3744 0.000264521 1.5962
30000.0 7.75 0.6774 -0.7392 0.626 -0.2133 0.000357656 1.6694
35000.0 7.75 0.4009 -0.2592 0.1826 -0.0604 0.000459669 1.7203
40000.0 7.75 0.2976 -0.1625 0.1294 -0.0491 0.000538646 1.7576
45000.0 7.75 0.2682 -0.19 0.1843 -0.0735 0.000603518 1.7862
50000.0 7.75 0.2636 -0.2465 0.2578 -0.1025 0.000661315 1.8088
55000.0 7.75 0.27 -0.309 0.3304 -0.13 0.000713432 1.8271
60000.0 7.75 0.2809 -0.3712 0.3987 -0.1552 0.000764014 1.8422
65000.0 7.75 -0.0303 0.5529 -0.5646 0.1991 0.000899093 1.8548
70000.0 7.75 -0.0631 0.5904 -0.5927 0.2082 0.000947685 1.8656
75000.0 7.75 -0.0899 0.6183 -0.6124 0.2143 0.000995238 1.8749
80000.0 7.75 -0.1122 0.6394 -0.6264 0.2185 0.0010418 1.883
85000.0 7.75 -0.1298 0.6522 -0.6327 0.22 0.00108828 1.8901
90000.0 7.75 -0.1428 0.656 -0.6299 0.218 0.00113433 1.8964
100000.0 7.75 -0.1697 0.6721 -0.6364 0.2193 0.00122622 1.9071
3750.0 8.0 2.7612 -4.442 3.947 -1.3557 4.65936e-06 -1.8497
4000.0 8.0 2.249 -3.5672 3.1938 -1.1063 5.54192e-06 -1.5598
4250.0 8.0 1.9166 -2.8983 2.5533 -0.8784 6.53426e-06 -1.3061
4500.0 8.0 1.7915 -2.6566 2.3217 -0.7955 7.77057e-06 -1.0827
4750.0 8.0 1.7477 -2.5836 2.2563 -0.773 9.2788e-06 -0.8847
5000.0 8.0 1.622 -2.1898 1.7999 -0.5918 1.17151e-05 -0.7082
5250.0 8.0 1.4341 -1.6964 1.2826 -0.3985 1.38928e-05 -0.5502
5500.0 8.0 1.2939 -1.3132 0.8842 -0.251 1.6257e-05 -0.408
5750.0 8.0 1.1116 -0.818 0.3748 -0.0639 1.87517e-05 -0.2795
6000.0 8.0 0.8513 -0.1495 -0.2873 0.1725 2.1354e-05 -0.1629
6250.0 8.0 0.5483 0.5904 -0.992 0.4163 2.40646e-05 -0.0567
6500.0 8.0 0.2685 1.2198 -1.5468 0.5947 2.68756e-05 0.0404
7000.0 8.0 -0.0263 1.7357 -1.8671 0.6554 3.28053e-05 0.2111
7500.0 8.0 -0.0597 1.6508 -1.6545 0.5448 3.91861e-05 0.3563
8000.0 8.0 -0.0481 1.5579 -1.5237 0.486 4.60512e-05 0.481
8500.0 8.0 -0.0183 1.502 -1.4986 0.4825 5.34261e-05 0.5891
9000.0 8.0 0.0018 1.5248 -1.5958 0.5332 6.12824e-05 0.6836
9500.0 8.0 0.058 1.4744 -1.6397 0.5716 6.95566e-05 0.7668
10000.0 8.0 0.1597 1.2689 -1.5033 0.5409 7.80354e-05 0.8406
10500.0 8.0 0.2865 0.9133 -1.1551 0.4206 8.63528e-05 0.9064
11000.0 8.0 0.3802 0.6057 -0.823 0.2987 9.39786e-05 0.9654
11500.0 8.0 0.4432 0.3872 -0.581 0.21 0.000100866 1.0186
12000.0 8.0 0.4887 0.2097 -0.3754 0.1344 0.000106949 1.0668
12500.0 8.0 0.5214 0.0465 -0.1764 0.0603 0.000111619 1.1107
13000.0 8.0 0.5508 -0.1032 -0.0005 -0.0028 0.000115355 1.1507
13500.0 8.0 0.5749 -0.2218 0.1334 -0.0486 0.000119592 1.1874
14000.0 8.0 0.5934 -0.3167 0.244 -0.088 0.000124474 1.2211
14500.0 8.0 0.6015 -0.3772 0.322 -0.1187 0.000129804 1.2522
15000.0 8.0 0.6014 -0.4085 0.3672 -0.1382 0.000135326 1.281
15500.0 8.0 0.5982 -0.4255 0.3935 -0.1502 0.000140865 1.3077
16000.0 8.0 0.5941 -0.4338 0.4056 -0.1555 0.000146599 1.3326
16500.0 8.0 0.5722 -0.4003 0.3753 -0.1451 0.000152442 1.3557
17000.0 8.0 0.5954 -0.4658 0.44 -0.1681 0.000158311 1.3773
20000.0 8.0 0.6475 -0.6572 0.634 -0.238 0.000195463 1.4822
25000.0 8.0 0.8196 -1.0869 1.0327 -0.374 0.000266187 1.5962
30000.0 8.0 0.6757 -0.7324 0.6182 -0.2103 0.000359741 1.6694
35000.0 8.0 0.399 -0.2528 0.1753 -0.0576 0.00046087 1.7203
40000.0 8.0 0.2938 -0.1499 0.1155 -0.0437 0.000539063 1.7576
45000.0 8.0 0.2612 -0.1689 0.1613 -0.0647 0.000603371 1.7862
50000.0 8.0 0.2536 -0.2182 0.2274 -0.091 0.00066059 1.8088
55000.0 8.0 0.257 -0.2739 0.2932 -0.1161 0.000712199 1.8271
60000.0 8.0 0.2651 -0.329 0.3545 -0.1388 0.000761501 1.8422
3750.0 8.25 2.8346 -4.5047 3.9688 -1.3557 4.72926e-06 -1.8497
4000.0 8.25 2.3555 -3.7729 3.3879 -1.1748 5.64097e-06 -1.5598
4250.0 8.25 1.9731 -3.0095 2.6613 -0.9173 6.63171e-06 -1.3061
4500.0 8.25 1.815 -2.6973 2.3602 -0.8093 7.85127e-06 -1.0827
4750.0 8.25 1.7526 -2.5847 2.2553 -0.7723 9.33646e-06 -0.8847
5000.0 8.25 1.6846 -2.3504 1.9701 -0.656 1.17834e-05 -0.7082
5250.0 8.25 1.4649 -1.7762 1.3642 -0.4286 1.39555e-05 -0.5502
5500.0 8.25 1.3259 -1.4056 0.9805 -0.2866 1.63313e-05 -0.408
5750.0 8.25 1.1585 -0.957 0.5207 -0.1183 1.88487e-05 -0.2795
6000.0 8.25 0.9535 -0.4142 -0.0277 0.0805 2.14722e-05 -0.1629
6250.0 8.25 0.6782 0.2694 -0.6887 0.3121 2.41943e-05 -0.0567
6500.0 8.25 0.3953 0.9297 -1.2934 0.514 2.70125e-05 0.0404
7000.0 8.25 0.0305 1.6382 -1.816 0.6501 3.29398e-05 0.2111
7500.0 8.25 -0.0434 1.634 -1.6625 0.5547 3.92887e-05 0.3563
8000.0 8.25 -0.0299 1.518 -1.4941 0.4792 4.61068e-05 0.481
8500.0 8.25 -0.0084 1.4735 -1.4721 0.4746 5.34113e-05 0.5891
9000.0 8.25 0.0115 1.4989 -1.5732 0.5272 6.11978e-05 0.6836
9500.0 8.25 0.0655 1.4684 -1.6481 0.5794 6.94289e-05 0.7668
10000.0 8.25 0.1732 1.2726 -1.5409 0.5642 7.7929e-05 0.8406
10500.0 8.25 0.311 0.917 -1.2144 0.457 8.63989e-05 0.9064
11000.0 8.25 0.4271 0.5569 -0.836 0.3199 9.43581e-05 0.9654
11500.0 8.25 0.5043 0.3052 -0.5645 0.221 0.000101591 1.0186
12000.0 8.25 0.5638 0.1022 -0.3387 0.1383 0.000108197 1.0668
12500.0 8.25 0.5988 -0.0499 -0.1559 0.0699 0.000113956 1.1107
13000.0 8.25 0.6123 -0.1589 -0.0129 0.0153 0.000118289 1.1507
13500.0 8.25 0.6208 -0.2491 0.1034 -0.0277 0.00012208 1.1874
14000.0 8.25 0.6303 -0.3332 0.2092 -0.0659 0.000126401 1.2211
14500.0 8.25 0.6358 -0.4001 0.299 -0.1003 0.000131373 1.2522
15000.0 8.25 0.6367 -0.4497 0.3738 -0.132 0.000136739 1.281
15500.0 8.25 0.6308 -0.4711 0.4142 -0.151 0.000142286 1.3077
16000.0 8.25 0.6243 -0.4832 0.4405 -0.1644 0.000147968 1.3326
16500.0 8.25 0.6204 -0.4948 0.4594 -0.1732 0.000153703 1.3557
17000.0 8.25 0.6182 -0.5041 0.4709 -0.1778 0.0001597 1.3773
20000.0 8.25 0.669 -0.6933 0.6638 -0.2475 0.000196854 1.4822
25000.0 8.25 0.8244 -1.0894 1.0324 -0.3734 0.00026798 1.5962
30000.0 8.25 0.6748 -0.7271 0.6116 -0.2077 0.000361987 1.6694
35000.0 8.25 0.3999 -0.2529 0.1745 -0.0571 0.000462223 1.7203
40000.0 8.25 0.2847 -0.1283 0.0942 -0.0362 0.000539675 1.7576
45000.0 8.25 0.2578 -0.1561 0.1465 -0.059 0.000603433 1.7862
50000.0 8.25 0.2479 -0.1993 0.2063 -0.083 0.000659826 1.8088
55000.0 8.25 0.2485 -0.2484 0.2655 -0.1056 0.000711277 1.8271
60000.0 8.25 0.2543 -0.2981 0.3216 -0.1265 0.000759248 1.8422
65000.0 8.25 0.0122 0.4795 -0.501 0.1779 0.000893761 1.8548
70000.0 8.25 -0.0231 0.5253 -0.5381 0.1902 0.000940824 1.8656
75000.0 8.25 -0.0536 0.5641 -0.5697 0.2009 0.000986685 1.8749
80000.0 8.25 -0.0799 0.5962 -0.595 0.2092 0.00103152 1.883
85000.0 8.25 -0.1023 0.6222 -0.6152 0.2158 0.00107566 1.8901
90000.0 8.25 -0.1216 0.6429 -0.6304 0.2206 0.00111963 1.8964
100000.0 8.25 -0.1594 0.6872 -0.6655 0.2323 0.00120671 1.9071
3750.0 8.5 2.8745 -4.4787 3.8984 -1.3217 4.78963e-06 -1.8497
4000.0 8.5 2.4653 -3.9752 3.5734 -1.2391 5.73872e-06 -1.5598
4250.0 8.5 2.0417 -3.1452 2.7926 -0.9644 6.7329e-06 -1.3061
4500.0 8.5 1.8436 -2.7482 2.4088 -0.8266 7.93925e-06 -1.0827
4750.0 8.5 1.7652 -2.6025 2.2712 -0.7779 9.40205e-06 -0.8847
5000.0 8.5 1.6717 -2.2965 1.9027 -0.6284 1.18554e-05 -0.7082
5250.0 8.5 1.5058 -1.8763 1.4654 -0.4655 1.40248e-05 -0.5502
5500.0 8.5 1.3555 -1.4858 1.0621 -0.3164 1.64059e-05 -0.408
5750.0 8.5 1.2225 -1.1264 0.6919 -0.1802 1.89461e-05 -0.2795
6000.0 8.5 1.0407 -0.6431 0.1999 -0.0011 2.15973e-05 -0.1629
6250.0 8.5 0.7947 -0.0228 -0.4089 0.2148 2.434e-05 -0.0567
6500.0 8.5 0.5245 0.6253 -1.0185 0.4235 2.71669e-05 0.0404
7000.0 8.5 0.1063 1.494 -1.7201 0.6293 3.30963e-05 0.2111
7500.0 8.5 -0.0226 1.6126 -1.6713 0.5663 3.94171e-05 0.3563
8000.0 8.5 -0.0181 1.4938 -1.4783 0.4764 4.61906e-05 0.481
8500.0 8.5 0.0048 1.4311 -1.4259 0.4582 5.3428e-05 0.5891
9000.0 8.5 0.0217 1.4579 -1.5226 0.5077 6.11413e-05 0.6836
9500.0 8.5 0.0707 1.4481 -1.6239 0.5708 6.93123e-05 0.7668
10000.0 8.5 0.1753 1.2847 -1.5677 0.5784 7.78069e-05 0.8406
10500.0 8.5 0.3285 0.9198 -1.2553 0.4821 8.63902e-05 0.9064
11000.0 8.5 0.4636 0.5248 -0.8551 0.3405 9.46184e-05 0.9654
11500.0 8.5 0.567 0.2013 -0.5107 0.2149 0.00010219 1.0186
12000.0 8.5 0.6459 -0.047 -0.2427 0.1172 0.000109158 1.0668
12500.0 8.5 0.6996 -0.2367 -0.0265 0.0367 0.000115558 1.1107
13000.0 8.5 0.7184 -0.3449 0.1117 -0.016 0.000121062 1.1507
13500.0 8.5 0.7123 -0.3962 0.193 -0.0483 0.000125229 1.1874
14000.0 8.5 0.7035 -0.4368 0.2597 -0.0745 0.0001291 1.2211
14500.0 8.5 0.6957 -0.4745 0.3214 -0.0985 0.00013348 1.2522
15000.0 8.5 0.687 -0.5087 0.3829 -0.1241 0.000138486 1.281
15500.0 8.5 0.6775 -0.5351 0.4387 -0.1502 0.000143893 1.3077
16000.0 8.5 0.6653 -0.5462 0.475 -0.1693 0.000149517 1.3326
16500.0 8.5 0.6553 -0.5529 0.4997 -0.183 0.000155225 1.3557
17000.0 8.5 0.6493 -0.5606 0.5176 -0.1924 0.000161094 1.3773
20000.0 8.5 0.6924 -0.7348 0.7001 -0.2598 0.000198378 1.4822
25000.0 8.5 0.8383 -1.1099 1.0486 -0.3786 0.000269892 1.5962
30000.0 8.5 0.6697 -0.7153 0.6005 -0.204 0.000364423 1.6694
35000.0 8.5 0.402 -0.2562 0.1776 -0.0582 0.000463727 1.7203
40000.0 8.5 0.2974 -0.1493 0.1109 -0.0412 0.000540406 1.7576
45000.0 8.5 0.2567 -0.1485 0.1368 -0.055 0.000603711 1.7862
50000.0 8.5 0.2452 -0.1863 0.1907 -0.0768 0.000658742 1.8088
55000.0 8.5 0.2438 -0.2308 0.2454 -0.0978 0.000709647 1.8271
60000.0 8.5 0.2464 -0.2746 0.296 -0.1167 0.000758583 1.8422
65000.0 8.5 0.0402 0.425 -0.4499 0.1599 0.000892013 1.8548
70000.0 8.5 0.0055 0.4701 -0.4864 0.172 0.000938288 1.8656
75000.0 8.5 -0.0247 0.509 -0.5181 0.1826 0.000983429 1.8749
80000.0 8.5 -0.0514 0.5439 -0.5473 0.1927 0.00102772 1.883
85000.0 8.5 -0.0741 0.5715 -0.5696 0.2002 0.0010714 1.8901
90000.0 8.5 -0.095 0.5977 -0.5913 0.2077 0.00111458 1.8964
100000.0 8.5 -0.1338 0.6461 -0.6313 0.2213 0.00120008 1.9071
3750.0 8.75 2.8734 -4.3458 3.7194 -1.2483 4.83765e-06 -1.8497
4000.0 8.75 2.5718 -4.1561 3.7312 -1.292 5.83261e-06 -1.5598
4250.0 8.75 2.1232 -3.3052 2.9462 -1.0193 6.83619e-06 -1.3061
4500.0 8.75 1.8795 -2.8143 2.4724 -0.8495 8.0331e-06 -1.0827
4750.0 8.75 1.7844 -2.6343 2.3013 -0.7887 9.47457e-06 -0.8847
5000.0 8.75 1.7446 -2.4807 2.0993 -0.7028 1.19414e-05 -0.7082
5250.0 8.75 1.5515 -1.9871 1.5788 -0.5074 1.41014e-05 -0.5502
5500.0 8.75 1.387 -1.5669 1.144 -0.3463 1.64825e-05 -0.408
5750.0 8.75 1.2449 -1.1973 0.7677 -0.2089 1.90404e-05 -0.2795
6000.0 8.75 1.0914 -0.7906 0.3546 -0.0587 2.1721e-05 -0.1629
6250.0 8.75 0.8925 -0.2759 -0.1602 0.1265 2.44899e-05 -0.0567
6500.0 8.75 0.6475 0.3275 -0.7414 0.3295 2.73389e-05 0.0404
7000.0 8.75 0.1967 1.3132 -1.588 0.5954 3.32797e-05 0.2111
7500.0 8.75 0.0154 1.5539 -1.6498 0.569 3.95818e-05 0.3563
8000.0 8.75 -0.0004 1.4601 -1.4574 0.4732 4.63001e-05 0.481
8500.0 8.75 0.0211 1.3791 -1.3682 0.4372 5.34794e-05 0.5891
9000.0 8.75 0.0375 1.3942 -1.4422 0.4758 6.11261e-05 0.6836
9500.0 8.75 0.0766 1.4087 -1.5648 0.5454 6.92127e-05 0.7668
10000.0 8.75 0.1668 1.3028 -1.5813 0.5825 7.7674e-05 0.8406
10500.0 8.75 0.3261 0.9563 -1.3132 0.5086 8.63244e-05 0.9064
11000.0 8.75 0.487 0.5131 -0.88 0.3591 9.47848e-05 0.9654
11500.0 8.75 0.6097 0.1426 -0.4946 0.2204 0.000102666 1.0186
12000.0 8.75 0.7155 -0.1802 -0.1498 0.0943 0.000109961 1.0668
12500.0 8.75 0.7922 -0.4252 0.12 -0.0058 0.000116766 1.1107
13000.0 8.75 0.8324 -0.5807 0.3038 -0.0754 0.000123023 1.1507
13500.0 8.75 0.8341 -0.6435 0.396 -0.1121 0.00012836 1.1874
14000.0 8.75 0.8136 -0.6483 0.4268 -0.1261 0.000132484 1.2211
14500.0 8.75 0.7879 -0.6375 0.4388 -0.1326 0.00013642 1.2522
15000.0 8.75 0.7645 -0.6322 0.4578 -0.142 0.000140861 1.281
15500.0 8.75 0.7414 -0.6268 0.4797 -0.1537 0.000145844 1.3077
16000.0 8.75 0.7209 -0.6266 0.5104 -0.1709 0.000151234 1.3326
16500.0 8.75 0.7025 -0.6248 0.5375 -0.1878 0.00015685 1.3557
17000.0 8.75 0.6856 -0.6217 0.561 -0.2035 0.000162611 1.3773
20000.0 8.75 0.7167 -0.7774 0.7366 -0.2718 0.000200033 1.4822
25000.0 8.75 0.8483 -1.1223 1.0569 -0.3808 0.000271942 1.5962
30000.0 8.75 0.6723 -0.7172 0.6007 -0.2037 0.000366984 1.6694
35000.0 8.75 0.4053 -0.2617 0.1825 -0.0598 0.000465364 1.7203
40000.0 8.75 0.3001 -0.1517 0.112 -0.0414 0.00054131 1.7576
45000.0 8.75 0.2586 -0.1478 0.1343 -0.0537 0.000604155 1.7862
50000.0 8.75 0.2453 -0.1802 0.1823 -0.0733 0.000658431 1.8088
55000.0 8.75 0.2421 -0.2201 0.2324 -0.0927 0.00070871 1.8271
60000.0 8.75 0.2438 -0.2604 0.2789 -0.11 0.000756245 1.8422
3750.0 9.0 2.8285 -4.1075 3.4378 -1.139 4.8628e-06 -1.8497
4000.0 9.0 2.6668 -4.2948 3.8404 -1.326 5.91949e-06 -1.5598
4250.0 9.0 2.2168 -3.4867 3.1187 -1.0805 6.93918e-06 -1.3061
4500.0 9.0 1.925 -2.9003 2.5553 -0.8793 8.13202e-06 -1.0827
4750.0 9.0 1.8023 -2.6614 2.3263 -0.7975 9.56177e-06 -0.8847
5000.0 9.0 1.7779 -2.5527 2.1724 -0.7299 1.20376e-05 -0.7082
5250.0 9.0 1.6069 -2.1207 1.7163 -0.5583 1.41878e-05 -0.5502
5500.0 9.0 1.417 -1.6397 1.2167 -0.3727 1.65651e-05 -0.408
5750.0 9.0 1.2797 -1.2898 0.8617 -0.2431 1.91343e-05 -0.2795
6000.0 9.0 1.1394 -0.9221 0.4894 -0.1081 2.18437e-05 -0.1629
6250.0 9.0 0.9798 -0.4992 0.059 0.0488 2.46462e-05 -0.0567
6500.0 9.0 0.758 0.0511 -0.4764 0.2373 2.75214e-05 0.0404
7000.0 9.0 0.3046 1.0808 -1.3984 0.5393 3.34912e-05 0.2111
7500.0 9.0 0.06 1.4872 -1.6274 0.5733 3.97847e-05 0.3563
8000.0 9.0 0.0205 1.4259 -1.4425 0.4736 4.64582e-05 0.481
8500.0 9.0 0.0399 1.3236 -1.3097 0.4165 5.35729e-05 0.5891
9000.0 9.0 0.0587 1.3134 -1.3417 0.4362 6.11387e-05 0.6836
9500.0 9.0 0.0811 1.3615 -1.4884 0.5113 6.91427e-05 0.7668
10000.0 9.0 0.1535 1.314 -1.5712 0.5738 7.75676e-05 0.8406
10500.0 9.0 0.3069 1.0159 -1.376 0.5319 8.62411e-05 0.9064
11000.0 9.0 0.488 0.5479 -0.9396 0.3867 9.48781e-05 0.9654
11500.0 9.0 0.6353 0.1151 -0.4958 0.2282 0.000103054 1.0186
12000.0 9.0 0.7601 -0.257 -0.1046 0.0861 0.000110643 1.0668
12500.0 9.0 0.8618 -0.5676 0.2312 -0.0381 0.000117769 1.1107
13000.0 9.0 0.9265 -0.7853 0.4778 -0.1312 0.000124486 1.1507
13500.0 9.0 0.9492 -0.8969 0.6187 -0.1861 0.000130665 1.1874
14000.0 9.0 0.9359 -0.9135 0.6609 -0.2044 0.000135933 1.2211
14500.0 9.0 0.9073 -0.8868 0.6547 -0.2045 0.00014008 1.2522
15000.0 9.0 0.8684 -0.8355 0.6238 -0.1955 0.000144078 1.281
15500.0 9.0 0.8323 -0.7917 0.602 -0.1901 0.000148538 1.3077
16000.0 9.0 0.7963 -0.7488 0.5838 -0.1871 0.000153466 1.3326
16500.0 9.0 0.7655 -0.7203 0.585 -0.1932 0.000158866 1.3557
17000.0 9.0 0.7414 -0.7059 0.602 -0.2069 0.000164573 1.3773
20000.0 9.0 0.7435 -0.8275 0.7815 -0.2871 0.000201848 1.4822
25000.0 9.0 0.8551 -1.1306 1.0631 -0.3828 0.000274175 1.5962
30000.0 9.0 0.6736 -0.7164 0.5983 -0.2026 0.00036972 1.6694
35000.0 9.0 0.4118 -0.2729 0.1922 -0.063 0.000467132 1.7203
40000.0 9.0 0.3041 -0.1581 0.1179 -0.0435 0.00054238 1.7576
45000.0 9.0 0.2631 -0.1523 0.1364 -0.0539 0.000604802 1.7862
50000.0 9.0 0.2474 -0.1789 0.1787 -0.0715 0.000658325 1.8088
55000.0 9.0 0.2425 -0.2145 0.2243 -0.0892 0.000708187 1.8271
60000.0 9.0 0.2427 -0.2509 0.267 -0.1052 0.00075488 1.8422
65000.0 9.0 0.0979 0.3072 -0.3369 0.1197 0.000889639 1.8548
70000.0 9.0 0.0657 0.3487 -0.3703 0.1307 0.000934892 1.8656
75000.0 9.0 0.0379 0.3834 -0.3983 0.14 0.000978936 1.8749
80000.0 9.0 0.0132 0.4147 -0.424 0.1488 0.00102203 1.883
85000.0 9.0 -0.0094 0.4443 -0.4494 0.1577 0.00106442 1.8901
90000.0 9.0 -0.0287 0.4676 -0.4681 0.164 0.00110624 1.8964
100000.0 9.0 -0.0666 0.5175 -0.5112 0.179 0.00118865 1.9071
3750.0 9.25 2.7425 -3.7781 3.0735 -1.0022 4.85994e-06 -1.8497
4000.0 9.25 2.7408 -4.3687 3.878 -1.3328 5.99269e-06 -1.5598
4250.0 9.25 2.3214 -3.6847 3.3039 -1.1455 7.03932e-06 -1.3061
4500.0 9.25 1.9823 -3.0107 2.6618 -0.9176 8.23389e-06 -1.0827
4750.0 9.25 1.8297 -2.7089 2.3715 -0.8138 9.64417e-06 -0.8847
5000.0 9.25 1.8317 -2.6848 2.314 -0.7838 1.21491e-05 -0.7082
5250.0 9.25 1.6739 -2.2853 1.8887 -0.6229 1.42847e-05 -0.5502
5500.0 9.25 1.4589 -1.7382 1.315 -0.4083 1.66558e-05 -0.408
5750.0 9.25 1.312 -1.371 0.9422 -0.272 1.92298e-05 -0.2795
6000.0 9.25 1.1842 -1.0413 0.6092 -0.1512 2.19608e-05 -0.1629
6250.0 9.25 1.0344 -0.6517 0.2159 -0.0087 2.48003e-05 -0.0567
6500.0 9.25 0.851 -0.1851 -0.2461 0.156 2.77114e-05 0.0404
7000.0 9.25 0.4147 0.8371 -1.1913 0.4748 3.37239e-05 0.2111
7500.0 9.25 0.123 1.3775 -1.5657 0.5644 4.00156e-05 0.3563
8000.0 9.25 0.0471 1.3865 -1.4301 0.4769 4.66564e-05 0.481
8500.0 9.25 0.0581 1.2759 -1.2632 0.4012 5.37085e-05 0.5891
9000.0 9.25 0.0791 1.2361 -1.2454 0.398 6.11912e-05 0.6836
9500.0 9.25 0.0939 1.2875 -1.3801 0.4648 6.91054e-05 0.7668
10000.0 9.25 0.1475 1.2882 -1.5089 0.5425 7.74517e-05 0.8406
10500.0 9.25 0.2776 1.0785 -1.4217 0.5437 8.61073e-05 0.9064
11000.0 9.25 0.4648 0.6321 -1.0346 0.423 9.48639e-05 0.9654
11500.0 9.25 0.632 0.1592 -0.5623 0.2572 0.000103312 1.0186
12000.0 9.25 0.7763 -0.2647 -0.1225 0.0987 0.000111205 1.0668
12500.0 9.25 0.9007 -0.6352 0.2719 -0.0462 0.000118615 1.1107
13000.0 9.25 0.9909 -0.9201 0.5867 -0.1644 0.000125658 1.1507
13500.0 9.25 1.0366 -1.0907 0.7884 -0.2423 0.000132342 1.1874
14000.0 9.25 1.0419 -1.1541 0.8796 -0.2795 0.000138493 1.2211
14500.0 9.25 1.019 -1.1384 0.8856 -0.2844 0.000143774 1.2522
15000.0 9.25 0.9806 -1.0792 0.8428 -0.2705 0.00014804 1.281
15500.0 9.25 0.9378 -1.0084 0.788 -0.2524 0.000152086 1.3077
16000.0 9.25 0.8941 -0.9368 0.7346 -0.2352 0.000156473 1.3326
16500.0 9.25 0.8499 -0.8677 0.6871 -0.2209 0.000161429 1.3557
17000.0 9.25 0.7966 -0.7914 0.6501 -0.2157 0.000166615 1.3773
20000.0 9.25 0.7744 -0.884 0.8313 -0.3037 0.000203767 1.4822
25000.0 9.25 0.8701 -1.1509 1.0776 -0.387 0.000276496 1.5962
30000.0 9.25 0.6737 -0.7157 0.5979 -0.2027 0.00037256 1.6694
35000.0 9.25 0.4155 -0.282 0.2026 -0.0671 0.000468992 1.7203
40000.0 9.25 0.311 -0.1696 0.1278 -0.0467 0.000543493 1.7576
45000.0 9.25 0.2675 -0.1587 0.1418 -0.0557 0.00060552 1.7862
50000.0 9.25 0.252 -0.1833 0.181 -0.072 0.000658345 1.8088
55000.0 9.25 0.2449 -0.214 0.2217 -0.0878 0.000708103 1.8271
60000.0 9.25 0.2438 -0.247 0.2611 -0.1027 0.000754002 1.8422
3750.0 9.5 2.6391 -3.4225 2.6929 -0.8619 4.8393e-06 -1.8497
4000.0 9.5 2.7871 -4.3636 3.8306 -1.3076 6.0462e-06 -1.5598
4250.0 9.5 2.4298 -3.8785 3.4789 -1.2056 7.13208e-06 -1.3061
4500.0 9.5 2.0532 -3.1482 2.7948 -0.9654 8.33473e-06 -1.0827
4750.0 9.5 1.8632 -2.7683 2.4282 -0.8341 9.74021e-06 -0.8847
5000.0 9.5 1.8621 -2.7488 2.3801 -0.8086 1.23489e-05 -0.7082
5250.0 9.5 1.6445 -2.183 1.7685 -0.5751 1.43851e-05 -0.5502
5500.0 9.5 1.4979 -1.8271 1.4038 -0.4406 1.67562e-05 -0.408
5750.0 9.5 1.3516 -1.4654 1.0353 -0.3054 1.93326e-05 -0.2795
6000.0 9.5 1.2273 -1.1502 0.7171 -0.1898 2.20817e-05 -0.1629
6250.0 9.5 1.0866 -0.791 0.3573 -0.0601 2.49507e-05 -0.0567
6500.0 9.5 0.9273 -0.3851 -0.0463 0.0843 2.79035e-05 0.0404
7000.0 9.5 0.5312 0.5655 -0.9465 0.3942 3.39771e-05 0.2111
7500.0 9.5 0.2002 1.2337 -1.4711 0.5439 4.02869e-05 0.3563
8000.0 9.5 0.0771 1.3492 -1.4286 0.4863 4.69004e-05 0.481
8500.0 9.5 0.0778 1.2328 -1.2285 0.3917 5.38991e-05 0.5891
9000.0 9.5 0.1015 1.159 -1.1541 0.363 6.13007e-05 0.6836
9500.0 9.5 0.115 1.1927 -1.2525 0.4119 6.91362e-05 0.7668
10000.0 9.5 0.1493 1.2327 -1.4092 0.4961 7.73732e-05 0.8406
10500.0 9.5 0.2462 1.1255 -1.435 0.5396 8.5976e-05 0.9064
11000.0 9.5 0.4243 0.7422 -1.139 0.4582 9.47888e-05 0.9654
11500.0 9.5 0.6056 0.2552 -0.6712 0.2988 0.000103466 1.0186
12000.0 9.5 0.7643 -0.2043 -0.2011 0.1307 0.00011166 1.0668
12500.0 9.5 0.9073 -0.6226 0.2375 -0.0289 0.000119356 1.1107
13000.0 9.5 1.0225 -0.9722 0.6159 -0.1696 0.000126677 1.1507
13500.0 9.5 1.0938 -1.2097 0.885 -0.2722 0.000133699 1.1874
14000.0 9.5 1.1212 -1.3319 1.0374 -0.3326 0.000140387 1.2211
14500.0 9.5 1.1126 -1.3534 1.0829 -0.3528 0.000146566 1.2522
15000.0 9.5 1.0835 -1.3151 1.0629 -0.3478 0.000151948 1.281
15500.0 9.5 1.0438 -1.2455 1.0071 -0.329 0.000156424 1.3077
16000.0 9.5 0.9971 -1.1563 0.9301 -0.3023 0.000160488 1.3326
16500.0 9.5 0.9475 -1.0637 0.8526 -0.276 0.000164832 1.3557
17000.0 9.5 0.8993 -0.9792 0.7873 -0.2552 0.000169773 1.3773
20000.0 9.5 0.8678 -1.2999 1.4974 -0.6095 0.000227566 1.4822
25000.0 9.5 0.8799 -1.1625 1.0847 -0.3887 0.000279048 1.5962
30000.0 9.5 0.6743 -0.7143 0.5957 -0.2018 0.000375567 1.6694
35000.0 9.5 0.4212 -0.2932 0.2136 -0.0711 0.000470977 1.7203
40000.0 9.5 0.3182 -0.1819 0.1389 -0.0504 0.00054477 1.7576
45000.0 9.5 0.2744 -0.1704 0.1524 -0.0594 0.000606445 1.7862
50000.0 9.5 0.2578 -0.19 0.1854 -0.0731 0.000658038 1.8088
55000.0 9.5 0.2502 -0.2183 0.2235 -0.088 0.000706842 1.8271
60000.0 9.5 0.2478 -0.2484 0.2598 -0.1017 0.000753014 1.8422
65000.0 9.5 0.152 0.194 -0.2261 0.0796 0.000888396 1.8548
70000.0 9.5 0.1233 0.2286 -0.2533 0.0886 0.000932911 1.8656
75000.0 9.5 0.0984 0.258 -0.2765 0.0964 0.000976109 1.8749
80000.0 9.5 0.0765 0.2837 -0.2967 0.103 0.00101838 1.883
85000.0 9.5 0.0571 0.3061 -0.3146 0.1091 0.00105985 1.8901
90000.0 9.5 0.0396 0.3272 -0.3326 0.1156 0.00110067 1.8964
100000.0 9.5 0.006 0.3696 -0.369 0.1284 0.00118085 1.9071
