Teff log(g) a1 a2 a3 a4 I1 beaming
3750.0 5.0 1.5702 -1.8962 1.4678 -0.4668 2.61611e-06 -2.6874
4000.0 5.0 1.614 -2.0985 1.7138 -0.5647 3.34952e-06 -2.3398
4250.0 5.0 1.6308 -2.1601 1.7976 -0.5997 4.32408e-06 -2.0349
4500.0 5.0 1.5363 -1.824 1.4215 -0.4533 5.58817e-06 -1.7655
4750.0 5.0 1.2733 -1.0741 0.6553 -0.1706 7.14673e-06 -1.5261
5000.0 5.0 0.7679 0.2535 -0.6473 0.2924 9.08545e-06 -1.3123
5250.0 5.0 0.2461 1.5266 -1.8327 0.6918 1.11367e-05 -1.1203
5500.0 5.0 -0.0996 2.2429 -2.3874 0.8442 1.3393e-05 -0.9472
5750.0 5.0 -0.2245 2.3316 -2.273 0.7493 1.5862e-05 -0.7904
6000.0 5.0 -0.2178 2.0804 -1.8267 0.5413 1.85384e-05 -0.6479
6250.0 5.0 -0.1476 1.6962 -1.2801 0.3086 2.14363e-05 -0.518
6500.0 5.0 -0.0583 1.3139 -0.7822 0.1061 2.45702e-05 -0.3991
7000.0 5.0 0.0797 0.8076 -0.1635 -0.1402 3.16743e-05 -0.1894
7500.0 5.0 0.1188 0.7082 -0.0529 -0.1926 4.00309e-05 -0.0109
8000.0 5.0 0.0796 0.9523 -0.3961 -0.0614 4.96712e-05 0.1427
8500.0 5.0 0.0896 1.1677 -0.8166 0.1325 6.03663e-05 0.276
9000.0 5.0 0.2756 0.7854 -0.5679 0.089 7.13982e-05 0.3926
9500.0 5.0 0.4752 0.227 -0.0808 -0.0322 8.0375e-05 0.4954
10000.0 5.0 0.5615 0.013 0.0975 -0.0816 8.88997e-05 0.5864
10500.0 5.0 0.5795 0.0176 0.0404 -0.051 9.71164e-05 0.6677
11000.0 5.0 0.6132 -0.0518 0.074 -0.0552 0.000105252 0.7406
11500.0 5.0 0.6537 -0.1721 0.1788 -0.0889 0.000113423 0.8063
12000.0 5.0 0.6515 -0.1706 0.1628 -0.0801 0.000121375 0.8657
12500.0 5.0 0.6588 -0.2081 0.1942 -0.0899 0.000129477 0.9198
13000.0 5.0 0.6631 -0.2386 0.2209 -0.0986 0.000137616 0.9691
13500.0 5.0 0.6377 -0.1985 0.1765 -0.0814 0.000145865 1.0143
14000.0 5.0 0.6679 -0.2891 0.2664 -0.1137 0.000154187 1.0559
14500.0 5.0 0.6048 -0.1572 0.1294 -0.0626 0.000162633 1.0942
15000.0 5.0 0.6719 -0.335 0.3096 -0.1285 0.000171146 1.1296
15500.0 5.0 0.6726 -0.3535 0.3272 -0.1345 0.000179792 1.1624
16000.0 5.0 0.6107 -0.2205 0.1885 -0.0825 0.000188576 1.1929
16500.0 5.0 0.6793 -0.4003 0.372 -0.1498 0.000197443 1.2213
17000.0 5.0 0.6849 -0.4286 0.3999 -0.1597 0.000206471 1.2479
20000.0 5.0 0.7372 -0.6263 0.5949 -0.2283 0.000263685 1.3763
25000.0 5.0 0.9081 -1.0729 1.0179 -0.3743 0.000374947 1.5154
30000.0 5.0 0.9772 -1.2055 1.0804 -0.3808 0.000530908 1.6043
35000.0 5.0 0.9444 -1.2666 1.1447 -0.4048 0.000713757 1.6658
40000.0 5.0 1.0195 -1.5486 1.4539 -0.5222 0.000857203 1.7109
45000.0 5.0 1.1155 -1.8283 1.7465 -0.6303 0.000978842 1.7453
50000.0 5.0 1.2101 -2.0751 1.9961 -0.7206 0.00109249 1.7724
55000.0 5.0 1.2912 -2.2689 2.1856 -0.7878 0.00119949 1.7944
60000.0 5.0 1.3591 -2.4174 2.3253 -0.8361 0.00130476 1.8124
3750.0 5.25 1.6072 -1.9868 1.5626 -0.502 2.66378e-06 -2.6874
4000.0 5.25 1.6385 -2.1644 1.7841 -0.5912 3.38427e-06 -2.3398
4250.0 5.25 1.6543 -2.2308 1.873 -0.6281 4.34415e-06 -2.0349
4500.0 5.25 1.5985 -2.0076 1.6171 -0.5271 5.5887e-06 -1.7655
4750.0 5.25 1.3798 -1.3675 0.9485 -0.2773 7.13035e-06 -1.5261
5000.0 5.25 0.9452 -0.2007 -0.2128 0.1412 9.07645e-06 -1.3123
5250.0 5.25 0.4327 1.0834 -1.4356 0.5628 1.11207e-05 -1.1203
5500.0 5.25 0.0208 2.0121 -2.237 0.8128 1.33735e-05 -0.9472
5750.0 5.25 -0.1777 2.3229 -2.3711 0.8122 1.58319e-05 -0.7904
6000.0 5.25 -0.2216 2.2202 -2.086 0.6632 1.84963e-05 -0.6479
6250.0 5.25 -0.1869 1.9311 -1.6344 0.4624 2.13768e-05 -0.518
6500.0 5.25 -0.1182 1.5882 -1.1607 0.263 2.44848e-05 -0.3991
7000.0 5.25 0.0218 1.029 -0.4472 -0.028 3.14937e-05 -0.1894
7500.0 5.25 0.082 0.8365 -0.2173 -0.1265 3.97012e-05 -0.0109
8000.0 5.25 0.0585 1.0035 -0.4577 -0.0363 4.9173e-05 0.1427
8500.0 5.25 0.0474 1.2567 -0.8976 0.1583 5.97601e-05 0.276
9000.0 5.25 0.175 1.0775 -0.877 0.1952 7.08269e-05 0.3926
9500.0 5.25 0.3755 0.5339 -0.3988 0.0681 8.0514e-05 0.4954
10000.0 5.25 0.5183 0.1173 -0.0053 -0.0462 8.88349e-05 0.5864
10500.0 5.25 0.5679 0.0217 0.0482 -0.0562 9.72486e-05 0.6677
11000.0 5.25 0.6002 -0.0359 0.0659 -0.054 0.000105421 0.7406
11500.0 5.25 0.6255 -0.099 0.1047 -0.0623 0.000113505 0.8063
12000.0 5.25 0.6425 -0.155 0.1483 -0.0751 0.000121569 0.8657
12500.0 5.25 0.651 -0.1948 0.1812 -0.0852 0.000129667 0.9198
13000.0 5.25 0.6554 -0.2252 0.2072 -0.0935 0.000137796 0.9691
13500.0 5.25 0.6577 -0.2507 0.2295 -0.1007 0.000146027 1.0143
14000.0 5.25 0.6587 -0.2727 0.2497 -0.1074 0.000154342 1.0559
14500.0 5.25 0.6596 -0.2937 0.2692 -0.114 0.000162752 1.0942
15000.0 5.25 0.6593 -0.311 0.2852 -0.1193 0.000171265 1.1296
15500.0 5.25 0.6617 -0.3339 0.3073 -0.127 0.000179878 1.1624
16000.0 5.25 0.6631 -0.3537 0.3262 -0.1334 0.000188625 1.1929
16500.0 5.25 0.6598 -0.3613 0.3328 -0.1353 0.000197489 1.2213
17000.0 5.25 0.6687 -0.3971 0.3679 -0.1477 0.000206469 1.2479
20000.0 5.25 0.6939 -0.5331 0.5008 -0.1937 0.000263444 1.3763
25000.0 5.25 0.8725 -1.0055 0.9526 -0.3508 0.000373759 1.5154
30000.0 5.25 0.9397 -1.1428 1.0231 -0.3606 0.000526368 1.6043
35000.0 5.25 0.8581 -1.0979 0.9837 -0.3473 0.000706208 1.6658
40000.0 5.25 0.8969 -1.3107 1.2293 -0.4428 0.000847716 1.7109
45000.0 5.25 0.9748 -1.5646 1.5027 -0.5453 0.00096655 1.7453
50000.0 5.25 1.0593 -1.8041 1.7511 -0.6363 0.00107673 1.7724
55000.0 5.25 1.1391 -2.0114 1.96 -0.7117 0.00117926 1.7944
60000.0 5.25 1.2113 -2.186 2.1308 -0.7721 0.00127897 1.8124
3750.0 5.5 1.6506 -2.0885 1.6676 -0.5408 2.71775e-06 -2.6874
4000.0 5.5 1.6616 -2.2223 1.8454 -0.6141 3.42377e-06 -2.3398
4250.0 5.5 1.6729 -2.2849 1.9303 -0.6496 4.36918e-06 -2.0349
4500.0 5.5 1.6408 -2.1329 1.7504 -0.5773 5.59381e-06 -1.7655
4750.0 5.5 1.4619 -1.6007 1.1866 -0.365 7.119e-06 -1.5261
5000.0 5.5 1.0944 -0.5915 0.1659 0.0074 9.07346e-06 -1.3123
5250.0 5.5 0.6201 0.6216 -1.0067 0.4183 1.11112e-05 -1.1203
5500.0 5.5 0.1645 1.7005 -1.9879 0.7413 1.33592e-05 -0.9472
5750.0 5.5 -0.1089 2.2375 -2.3752 0.8377 1.58125e-05 -0.7904
6000.0 5.5 -0.2054 2.2893 -2.2593 0.7516 1.84656e-05 -0.6479
6250.0 5.5 -0.2017 2.0909 -1.9059 0.5865 2.13309e-05 -0.518
6500.0 5.5 -0.161 1.8209 -1.5033 0.4104 2.4417e-05 -0.3991
7000.0 5.5 -0.0376 1.2737 -0.7735 0.1052 3.13408e-05 -0.1894
7500.0 5.5 0.0388 0.9993 -0.4312 -0.0392 3.94096e-05 -0.0109
8000.0 5.5 0.0324 1.0834 -0.5601 0.0062 4.87103e-05 0.1427
8500.0 5.5 0.0113 1.3351 -0.974 0.1848 5.91621e-05 0.276
9000.0 5.5 0.1174 1.2366 -1.0473 0.2551 7.03166e-05 0.3926
9500.0 5.5 0.3258 0.6973 -0.5687 0.1165 8.08728e-05 0.4954
10000.0 5.5 0.5041 0.1616 -0.0603 -0.0287 8.91587e-05 0.5864
10500.0 5.5 0.5554 0.0308 0.0484 -0.0582 9.74034e-05 0.6677
11000.0 5.5 0.5881 -0.0243 0.0635 -0.0552 0.000105625 0.7406
11500.0 5.5 0.6137 -0.0809 0.0918 -0.0589 0.000113749 0.8063
12000.0 5.5 0.6334 -0.1392 0.1346 -0.0707 0.000121817 0.8657
12500.0 5.5 0.6431 -0.1802 0.1671 -0.0802 0.000129918 0.9198
13000.0 5.5 0.6476 -0.211 0.193 -0.0883 0.000138083 0.9691
13500.0 5.5 0.6523 -0.2418 0.2207 -0.0975 0.000146271 1.0143
14000.0 5.5 0.651 -0.2585 0.2352 -0.1021 0.000154582 1.0559
14500.0 5.5 0.6518 -0.2794 0.2546 -0.1086 0.000162987 1.0942
15000.0 5.5 0.6519 -0.2976 0.2714 -0.1141 0.000171485 1.1296
15500.0 5.5 0.6522 -0.3158 0.2889 -0.1201 0.000180102 1.1624
16000.0 5.5 0.6298 -0.2803 0.2517 -0.106 0.000188839 1.1929
16500.0 5.5 0.6542 -0.3528 0.3242 -0.1321 0.000197666 1.2213
17000.0 5.5 0.6566 -0.3736 0.3442 -0.139 0.000206648 1.2479
20000.0 5.5 0.6997 -0.5533 0.522 -0.2016 0.000263441 1.3763
25000.0 5.5 0.861 -0.9911 0.9405 -0.3468 0.000373172 1.5154
30000.0 5.5 0.9073 -1.0858 0.9696 -0.3417 0.000523515 1.6043
35000.0 5.5 0.7836 -0.9464 0.8367 -0.2944 0.000700647 1.6658
40000.0 5.5 0.7875 -1.088 1.0147 -0.3661 0.000840433 1.7109
45000.0 5.5 0.8428 -1.3009 1.2517 -0.4563 0.000957101 1.7453
50000.0 5.5 0.9123 -1.5168 1.481 -0.5413 0.00106463 1.7724
55000.0 5.5 0.9826 -1.7137 1.6836 -0.6152 0.00116379 1.7944
60000.0 5.5 1.0504 -1.8904 1.8612 -0.6791 0.00125966 1.8124
3750.0 5.75 1.6968 -2.1925 1.7742 -0.5803 2.77373e-06 -2.6874
4000.0 5.75 1.6845 -2.2754 1.9009 -0.6349 3.46825e-06 -2.3398
4250.0 5.75 1.6897 -2.3301 1.978 -0.6675 4.39899e-06 -2.0349
4500.0 5.75 1.7292 -2.4137 2.0713 -0.7035 5.60808e-06 -1.7655
4750.0 5.75 1.5208 -1.773 1.3657 -0.4318 7.11235e-06 -1.5261
5000.0 5.75 1.2194 -0.9283 0.4981 -0.1118 9.08139e-06 -1.3123
5250.0 5.75 0.7947 0.1801 -0.5876 0.2739 1.11069e-05 -1.1203
5500.0 5.75 0.3247 1.3295 -1.6653 0.6398 1.33525e-05 -0.9472
5750.0 5.75 -0.0115 2.0565 -2.2651 0.818 1.58031e-05 -0.7904
6000.0 5.75 -0.1594 2.2592 -2.3147 0.794 1.8447e-05 -0.6479
6250.0 5.75 -0.1997 2.19 -2.1025 0.6809 2.1296e-05 -0.518
6500.0 5.75 -0.1819 1.9894 -1.7774 0.5338 2.43658e-05 -0.3991
7000.0 5.75 -0.0896 1.5133 -1.1095 0.247 3.12132e-05 -0.1894
7500.0 5.75 -0.0075 1.1884 -0.6876 0.0675 3.91567e-05 -0.0109
8000.0 5.75 0.002 1.193 -0.7078 0.0685 4.82887e-05 0.1427
8500.0 5.75 -0.0197 1.4116 -1.0587 0.2172 5.85795e-05 0.276
9000.0 5.75 0.06 1.3941 -1.217 0.3165 6.97131e-05 0.3926
9500.0 5.75 0.2238 1.0177 -0.9213 0.2403 8.06398e-05 0.4954
10000.0 5.75 0.4135 0.4468 -0.3642 0.0707 8.95163e-05 0.5864
10500.0 5.75 0.5367 0.0711 0.0067 -0.0438 9.75755e-05 0.6677
11000.0 5.75 0.577 -0.0162 0.0646 -0.0576 0.000105827 0.7406
11500.0 5.75 0.6025 -0.0659 0.0831 -0.0574 0.000114001 0.8063
12000.0 5.75 0.6236 -0.1221 0.1204 -0.0663 0.000122101 0.8657
12500.0 5.75 0.6351 -0.1651 0.1531 -0.0755 0.000130187 0.9198
13000.0 5.75 0.6418 -0.2 0.1821 -0.0844 0.000138342 0.9691
13500.0 5.75 0.6444 -0.2253 0.2035 -0.091 0.00014657 1.0143
14000.0 5.75 0.6454 -0.2477 0.2238 -0.0978 0.000154881 1.0559
14500.0 5.75 0.6457 -0.2675 0.242 -0.1038 0.000163286 1.0942
15000.0 5.75 0.6455 -0.2851 0.2582 -0.1091 0.000171792 1.1296
15500.0 5.75 0.6453 -0.3021 0.2742 -0.1145 0.000180402 1.1624
16000.0 5.75 0.6457 -0.3199 0.2915 -0.1205 0.000189125 1.1929
16500.0 5.75 0.6468 -0.3382 0.309 -0.1264 0.000197966 1.2213
17000.0 5.75 0.6172 -0.2856 0.2552 -0.1062 0.000206954 1.2479
20000.0 5.75 0.6886 -0.5305 0.4982 -0.1926 0.000263642 1.3763
25000.0 5.75 0.8593 -0.9943 0.9448 -0.3484 0.00037302 1.5154
30000.0 5.75 0.8806 -1.0365 0.9224 -0.3247 0.000521869 1.6043
35000.0 5.75 0.7227 -0.8199 0.7129 -0.2497 0.000696649 1.6658
40000.0 5.75 0.6949 -0.8933 0.8243 -0.2975 0.000834678 1.7109
45000.0 5.75 0.7275 -1.0603 1.0179 -0.3724 0.000949545 1.7453
50000.0 5.75 0.78 -1.2451 1.2195 -0.4481 0.00105474 1.7724
55000.0 5.75 0.8376 -1.4204 1.4039 -0.516 0.00115148 1.7944
60000.0 5.75 0.8965 -1.5854 1.5731 -0.5776 0.00124448 1.8124
3750.0 6.0 1.7514 -2.3122 1.8952 -0.6247 2.83573e-06 -2.6874
4000.0 6.0 1.7087 -2.3286 1.9559 -0.6554 3.51821e-06 -2.3398
4250.0 6.0 1.7047 -2.3669 2.0163 -0.6818 4.43393e-06 -2.0349
4500.0 6.0 1.7294 -2.4273 2.0882 -0.7104 5.62424e-06 -1.7655
4750.0 6.0 1.5743 -1.9305 1.5326 -0.4945 7.11041e-06 -1.5261
5000.0 6.0 1.3208 -1.2066 0.776 -0.2125 9.08705e-06 -1.3123
5250.0 6.0 0.9552 -0.2335 -0.1896 0.1347 1.11138e-05 -1.1203
5500.0 6.0 0.4925 0.9247 -1.2972 0.5184 1.33512e-05 -0.9472
5750.0 6.0 0.1074 1.8049 -2.0715 0.7652 1.57994e-05 -0.7904
6000.0 6.0 -0.0991 2.1765 -2.3037 0.8094 1.84375e-05 -0.6479
6250.0 6.0 -0.1751 2.2119 -2.206 0.7391 2.12768e-05 -0.518
6500.0 6.0 -0.1831 2.0871 -1.9641 0.6227 2.43247e-05 -0.3991
7000.0 6.0 -0.1249 1.7111 -1.4069 0.3772 3.11135e-05 -0.1894
7500.0 6.0 -0.0513 1.3862 -0.9665 0.1862 3.89397e-05 -0.0109
8000.0 6.0 -0.0291 1.3232 -0.8917 0.1478 4.79133e-05 0.1427
8500.0 6.0 -0.046 1.4922 -1.1618 0.2602 5.80304e-05 0.276
9000.0 6.0 0.0071 1.5411 -1.3794 0.377 6.90832e-05 0.3926
9500.0 6.0 0.1665 1.2033 -1.1389 0.3214 8.0278e-05 0.4954
10000.0 6.0 0.3636 0.6224 -0.5589 0.1323 9.02317e-05 0.5864
10500.0 6.0 0.496 0.2 -0.1399 0.0071 9.79269e-05 0.6677
11000.0 6.0 0.566 -0.0034 0.0569 -0.056 0.000106065 0.7406
11500.0 6.0 0.5927 -0.0562 0.0804 -0.0581 0.000114258 0.8063
12000.0 6.0 0.6136 -0.105 0.1064 -0.0621 0.000122393 0.8657
12500.0 6.0 0.6281 -0.1515 0.1401 -0.0711 0.000130519 0.9198
13000.0 6.0 0.6363 -0.1883 0.1699 -0.08 0.000138682 0.9691
13500.0 6.0 0.6404 -0.2171 0.1946 -0.0878 0.000146911 1.0143
14000.0 6.0 0.6419 -0.2402 0.2152 -0.0945 0.000155228 1.0559
14500.0 6.0 0.642 -0.2592 0.2324 -0.1 0.000163638 1.0942
15000.0 6.0 0.6417 -0.2768 0.2487 -0.1055 0.000172148 1.1296
15500.0 6.0 0.641 -0.2927 0.2635 -0.1103 0.000180766 1.1624
16000.0 6.0 0.6413 -0.3103 0.2804 -0.1161 0.000189496 1.1929
16500.0 6.0 0.6408 -0.3249 0.294 -0.1206 0.000198342 1.2213
17000.0 6.0 0.6435 -0.3466 0.3152 -0.1279 0.00020731 1.2479
20000.0 6.0 0.6808 -0.513 0.4793 -0.1854 0.000264002 1.3763
25000.0 6.0 0.8481 -0.9719 0.9218 -0.34 0.00037321 1.5154
30000.0 6.0 0.8353 -0.9404 0.8266 -0.2898 0.000521171 1.6043
35000.0 6.0 0.6736 -0.7159 0.61 -0.2122 0.000693799 1.6658
40000.0 6.0 0.6197 -0.7318 0.6648 -0.2396 0.0008302 1.7109
45000.0 6.0 0.6311 -0.8537 0.8147 -0.299 0.000943363 1.7453
50000.0 6.0 0.6675 -1.0063 0.9859 -0.364 0.00104638 1.7724
55000.0 6.0 0.7121 -1.1572 1.1483 -0.4245 0.00114092 1.7944
60000.0 6.0 0.7635 -1.3127 1.3106 -0.484 0.00123738 1.8124
65000.0 6.0 0.4841 -0.5144 0.4988 -0.1903 0.00150464 1.8276
70000.0 6.0 0.5242 -0.6434 0.6362 -0.2411 0.00160279 1.8405
75000.0 6.0 0.5682 -0.7726 0.7706 -0.2903 0.00170096 1.8516
80000.0 6.0 0.6144 -0.8998 0.9004 -0.3373 0.00179944 1.8613
85000.0 6.0 0.6613 -1.0218 1.023 -0.3814 0.00189848 1.8698
90000.0 6.0 0.7075 -1.1365 1.1363 -0.4219 0.00199827 1.8773
100000.0 6.0 0.7951 -1.3463 1.3432 -0.4959 0.00220244 1.89
3750.0 6.25 1.8138 -2.4456 2.0286 -0.6733 2.90178e-06 -2.6874
4000.0 6.25 1.7356 -2.3849 2.013 -0.6765 3.57375e-06 -2.3398
4250.0 6.25 1.7208 -2.4029 2.0531 -0.6955 4.47371e-06 -2.0349
4500.0 6.25 1.7295 -2.4335 2.0951 -0.7131 5.64582e-06 -1.7655
4750.0 6.25 1.6198 -2.0633 1.6739 -0.5478 7.11264e-06 -1.5261
5000.0 6.25 1.373 -1.3515 0.9166 -0.2626 9.11045e-06 -1.3123
5250.0 6.25 1.086 -0.5791 0.1475 0.0151 1.11198e-05 -1.1203
5500.0 6.25 0.6604 0.5064 -0.9045 0.3847 1.33557e-05 -0.9472
5750.0 6.25 0.2453 1.493 -1.8081 0.6849 1.58029e-05 -0.7904
6000.0 6.25 -0.0228 2.0426 -2.233 0.8016 1.84369e-05 -0.6479
6250.0 6.25 -0.1381 2.1863 -2.2486 0.7724 2.12665e-05 -0.518
6500.0 6.25 -0.1767 2.1528 -2.108 0.6941 2.42986e-05 -0.3991
7000.0 6.25 -0.146 1.8609 -1.6469 0.4851 3.10309e-05 -0.1894
7500.0 6.25 -0.0864 1.5691 -1.2383 0.3052 3.87564e-05 -0.0109
8000.0 6.25 -0.0581 1.4644 -1.1007 0.2399 4.75788e-05 0.1427
8500.0 6.25 -0.0676 1.5792 -1.2876 0.3159 5.75217e-05 0.276
9000.0 6.25 -0.0352 1.6659 -1.526 0.4347 6.84443e-05 0.3926
9500.0 6.25 0.1126 1.3823 -1.3544 0.4048 7.97699e-05 0.4954
10000.0 6.25 0.269 0.9534 -0.9446 0.2733 9.03525e-05 0.5864
10500.0 6.25 0.4317 0.4236 -0.3923 0.0922 9.86372e-05 0.6677
11000.0 6.25 0.5452 0.0549 -0.0106 -0.0314 0.000106374 0.7406
11500.0 6.25 0.5848 -0.049 0.078 -0.0583 0.00011455 0.8063
12000.0 6.25 0.606 -0.0952 0.1004 -0.0609 0.000122713 0.8657
12500.0 6.25 0.6226 -0.1416 0.1312 -0.0683 0.00013087 0.9198
13000.0 6.25 0.6326 -0.1803 0.1612 -0.0768 0.000139049 0.9691
13500.0 6.25 0.6378 -0.2106 0.1867 -0.0847 0.000147286 1.0143
14000.0 6.25 0.6395 -0.2331 0.2057 -0.0905 0.000155609 1.0559
14500.0 6.25 0.64 -0.2534 0.2244 -0.0967 0.000164023 1.0942
15000.0 6.25 0.6399 -0.2714 0.241 -0.1022 0.000172543 1.1296
15500.0 6.25 0.6386 -0.2863 0.2552 -0.1069 0.000181169 1.1624
16000.0 6.25 0.639 -0.3036 0.2713 -0.1123 0.000189909 1.1929
16500.0 6.25 0.6395 -0.3209 0.2881 -0.118 0.000198766 1.2213
17000.0 6.25 0.6405 -0.3382 0.3043 -0.1234 0.000207747 1.2479
20000.0 6.25 0.6782 -0.5059 0.4701 -0.1816 0.000264472 1.3763
25000.0 6.25 0.8402 -0.9549 0.9033 -0.3329 0.000373639 1.5154
30000.0 6.25 0.8413 -0.9608 0.8477 -0.2975 0.000521046 1.6043
35000.0 6.25 0.6361 -0.636 0.5305 -0.1832 0.00069186 1.6658
40000.0 6.25 0.5602 -0.6024 0.5363 -0.193 0.000826725 1.7109
45000.0 6.25 0.5539 -0.6857 0.6483 -0.2386 0.000938288 1.7453
50000.0 6.25 0.5766 -0.8109 0.7938 -0.2947 0.00104191 1.7724
55000.0 6.25 0.6094 -0.9382 0.9336 -0.3472 0.0011363 1.7944
60000.0 6.25 0.6473 -1.064 1.0673 -0.3965 0.00122587 1.8124
3750.0 6.5 1.8836 -2.5925 2.1746 -0.7264 2.97115e-06 -2.6874
4000.0 6.5 1.7666 -2.4479 2.0765 -0.6998 3.63527e-06 -2.3398
4250.0 6.5 1.7365 -2.4347 2.0851 -0.7073 4.51948e-06 -2.0349
4500.0 6.5 1.732 -2.4414 2.1029 -0.7159 5.67345e-06 -1.7655
4750.0 6.5 1.653 -2.158 1.7737 -0.5852 7.11958e-06 -1.5261
5000.0 6.5 1.441 -1.5545 1.1324 -0.3438 9.13124e-06 -1.3123
5250.0 6.5 1.1942 -0.872 0.4377 -0.0893 1.11461e-05 -1.1203
5500.0 6.5 0.8188 0.1042 -0.5213 0.2521 1.33697e-05 -0.9472
5750.0 6.5 0.3976 1.132 -1.4854 0.5803 1.58159e-05 -0.7904
6000.0 6.5 0.075 1.8452 -2.0922 0.7672 1.8448e-05 -0.6479
6250.0 6.5 -0.0902 2.1249 -2.2484 0.789 2.12737e-05 -0.518
6500.0 6.5 -0.1479 2.1423 -2.1599 0.7292 2.42923e-05 -0.3991
7000.0 6.5 -0.1508 1.9542 -1.8179 0.5661 3.09778e-05 -0.1894
7500.0 6.5 -0.1047 1.7057 -1.462 0.4075 3.86155e-05 -0.0109
8000.0 6.5 -0.0797 1.597 -1.311 0.3356 4.72956e-05 0.1427
8500.0 6.5 -0.0818 1.6648 -1.4277 0.3813 5.70706e-05 0.276
9000.0 6.5 -0.0631 1.764 -1.6565 0.4901 6.78367e-05 0.3926
9500.0 6.5 0.0641 1.549 -1.5608 0.4872 7.9204e-05 0.4954
10000.0 6.5 0.2226 1.1372 -1.1829 0.3676 9.01595e-05 0.5864
10500.0 6.5 0.3642 0.6796 -0.6946 0.1995 9.95879e-05 0.6677
11000.0 6.5 0.5007 0.2144 -0.2006 0.0368 0.000106976 0.7406
11500.0 6.5 0.5742 -0.0241 0.0488 -0.0471 0.000114889 0.8063
12000.0 6.5 0.6014 -0.092 0.0996 -0.0611 0.000123072 0.8657
12500.0 6.5 0.6181 -0.1347 0.1247 -0.0661 0.000131249 0.9198
13000.0 6.5 0.6252 -0.1623 0.1408 -0.0689 0.000139463 0.9691
13500.0 6.5 0.6372 -0.2072 0.1803 -0.0818 0.000147705 1.0143
14000.0 6.5 0.6394 -0.2302 0.1995 -0.0875 0.000156032 1.0559
14500.0 6.5 0.6407 -0.2522 0.2199 -0.0943 0.000164456 1.0942
15000.0 6.5 0.6408 -0.2708 0.2371 -0.1 0.000172984 1.1296
15500.0 6.5 0.6395 -0.2852 0.2505 -0.1044 0.000181621 1.1624
16000.0 6.5 0.6396 -0.3021 0.2666 -0.1098 0.000190373 1.1929
16500.0 6.5 0.6399 -0.3189 0.2826 -0.1152 0.000199246 1.2213
17000.0 6.5 0.6409 -0.3365 0.2997 -0.1211 0.000208242 1.2479
20000.0 6.5 0.6778 -0.5018 0.4629 -0.1783 0.000265052 1.3763
25000.0 6.5 0.8371 -0.9467 0.8929 -0.3287 0.000374283 1.5154
30000.0 6.5 0.8286 -0.9358 0.822 -0.288 0.000521458 1.6043
35000.0 6.5 0.6074 -0.5742 0.4686 -0.1606 0.000690594 1.6658
40000.0 6.5 0.5139 -0.4996 0.4328 -0.155 0.000823968 1.7109
45000.0 6.5 0.494 -0.5525 0.515 -0.19 0.00093414 1.7453
50000.0 6.5 0.5032 -0.6481 0.6312 -0.2355 0.00103565 1.7724
55000.0 6.5 0.5252 -0.7525 0.7492 -0.2803 0.00112787 1.7944
60000.0 6.5 0.5533 -0.8582 0.8639 -0.323 0.00121545 1.8124
65000.0 6.5 0.2684 -0.0195 -0.0041 -0.0055 0.00147066 1.8276
70000.0 6.5 0.2753 -0.0801 0.0695 -0.0343 0.00156156 1.8405
75000.0 6.5 0.2887 -0.1487 0.148 -0.0641 0.00165179 1.8516
80000.0 6.5 0.3079 -0.2257 0.2332 -0.0961 0.00174174 1.8613
85000.0 6.5 0.331 -0.3063 0.3202 -0.1284 0.00183161 1.8698
90000.0 6.5 0.3569 -0.3885 0.407 -0.1604 0.00192168 1.8773
100000.0 6.5 0.4105 -0.5506 0.5763 -0.2223 0.00210335 1.89
3750.0 6.75 1.9591 -2.7477 2.327 -0.7815 3.04338e-06 -2.6874
4000.0 6.75 1.8026 -2.5204 2.1488 -0.7263 3.70263e-06 -2.3398
4250.0 6.75 1.7535 -2.4669 2.1171 -0.719 4.57106e-06 -2.0349
4500.0 6.75 1.741 -2.4611 2.1225 -0.7231 5.70714e-06 -1.7655
4750.0 6.75 1.7642 -2.4714 2.1178 -0.7177 7.13492e-06 -1.5261
5000.0 6.75 1.4746 -1.6559 1.238 -0.3831 9.16321e-06 -1.3123
5250.0 6.75 1.2825 -1.1129 0.6781 -0.1763 1.11667e-05 -1.1203
5500.0 6.75 0.954 -0.2447 -0.1855 0.1344 1.33916e-05 -0.9472
5750.0 6.75 0.5544 0.7507 -1.1353 0.4636 1.58359e-05 -0.7904
6000.0 6.75 0.1988 1.5678 -1.8604 0.6974 1.84695e-05 -0.6479
6250.0 6.75 -0.016 1.9857 -2.1624 0.7732 2.12876e-05 -0.518
6500.0 6.75 -0.1182 2.1228 -2.1966 0.7574 2.42981e-05 -0.3991
7000.0 6.75 -0.1497 2.0152 -1.941 0.6261 3.09409e-05 -0.1894
7500.0 6.75 -0.1162 1.8112 -1.6422 0.4913 3.84993e-05 -0.0109
8000.0 6.75 -0.0884 1.6964 -1.4889 0.4204 4.70611e-05 0.1427
8500.0 6.75 -0.0886 1.7413 -1.5677 0.4493 5.66663e-05 0.276
9000.0 6.75 -0.0749 1.8309 -1.7661 0.5416 6.72724e-05 0.3926
9500.0 6.75 0.0277 1.687 -1.743 0.5635 7.85948e-05 0.4954
10000.0 6.75 0.1881 1.2858 -1.3862 0.4519 8.98202e-05 0.5864
10500.0 6.75 0.3154 0.8957 -0.9782 0.3104 0.000100069 0.6677
11000.0 6.75 0.4446 0.4375 -0.4694 0.1325 0.000108065 0.7406
11500.0 6.75 0.5482 0.074 -0.0761 0.0006 0.000115404 0.8063
12000.0 6.75 0.5973 -0.0837 0.0878 -0.0561 0.00012345 0.8657
12500.0 6.75 0.6176 -0.1373 0.1274 -0.067 0.00013166 0.9198
13000.0 6.75 0.6299 -0.1745 0.1519 -0.0727 0.000139876 0.9691
13500.0 6.75 0.6382 -0.2075 0.1772 -0.0799 0.000148158 1.0143
14000.0 6.75 0.6425 -0.2345 0.2001 -0.0869 0.000156495 1.0559
14500.0 6.75 0.6435 -0.2546 0.2177 -0.0925 0.000164924 1.0942
15000.0 6.75 0.6439 -0.2739 0.236 -0.0987 0.000173461 1.1296
15500.0 6.75 0.6436 -0.2907 0.2517 -0.1039 0.000182107 1.1624
16000.0 6.75 0.6432 -0.3063 0.2666 -0.1089 0.000190873 1.1929
16500.0 6.75 0.6439 -0.324 0.2837 -0.1147 0.000199759 1.2213
17000.0 6.75 0.6443 -0.3403 0.2995 -0.1201 0.000208774 1.2479
20000.0 6.75 0.68 -0.5027 0.4599 -0.1763 0.000265701 1.3763
25000.0 6.75 0.8351 -0.9398 0.883 -0.3244 0.000375091 1.5154
30000.0 6.75 0.8038 -0.8809 0.7651 -0.2667 0.000522316 1.6043
35000.0 6.75 0.5866 -0.5295 0.4235 -0.144 0.000689853 1.6658
40000.0 6.75 0.4803 -0.4244 0.3567 -0.127 0.000821794 1.7109
45000.0 6.75 0.448 -0.4494 0.411 -0.1519 0.000930639 1.7453
50000.0 6.75 0.4468 -0.5212 0.5036 -0.1888 0.0010307 1.7724
55000.0 6.75 0.4587 -0.6057 0.6032 -0.2272 0.00112242 1.7944
60000.0 6.75 0.4792 -0.6927 0.6988 -0.2629 0.00120644 1.8124
3750.0 7.0 2.038 -2.905 2.4795 -0.8362 3.1178e-06 -2.6874
4000.0 7.0 1.8451 -2.6054 2.233 -0.757 3.77546e-06 -2.3398
4250.0 7.0 1.7721 -2.5007 2.1501 -0.731 4.62895e-06 -2.0349
4500.0 7.0 1.7487 -2.4747 2.1352 -0.7277 5.7472e-06 -1.7655
4750.0 7.0 1.7818 -2.5513 2.2189 -0.7595 7.15644e-06 -1.5261
5000.0 7.0 1.5039 -1.7447 1.3315 -0.4181 9.19697e-06 -1.3123
5250.0 7.0 1.3324 -1.2615 0.831 -0.2329 1.1201e-05 -1.1203
5500.0 7.0 1.0779 -0.5692 0.1312 0.0221 1.34272e-05 -0.9472
5750.0 7.0 0.7068 0.3716 -0.7795 0.342 1.58649e-05 -0.7904
6000.0 7.0 0.3376 1.2447 -1.5774 0.6075 1.84997e-05 -0.6479
6250.0 7.0 0.0742 1.8013 -2.0275 0.7389 2.13177e-05 -0.518
6500.0 7.0 -0.0649 2.0339 -2.1566 0.7567 2.43215e-05 -0.3991
7000.0 7.0 -0.1363 2.0298 -2.0046 0.6619 3.0933e-05 -0.1894
7500.0 7.0 -0.1135 1.8632 -1.7539 0.5472 3.84244e-05 -0.0109
8000.0 7.0 -0.0909 1.7695 -1.631 0.4902 4.68736e-05 0.1427
8500.0 7.0 -0.0832 1.7884 -1.6807 0.5087 5.63278e-05 0.276
9000.0 7.0 -0.0691 1.8607 -1.8474 0.5862 6.67686e-05 0.3926
9500.0 7.0 0.0107 1.7762 -1.8796 0.6254 7.79862e-05 0.4954
10000.0 7.0 0.1665 1.4021 -1.5597 0.5278 8.93874e-05 0.5864
10500.0 7.0 0.2964 1.0218 -1.1728 0.394 0.00010005 0.6677
11000.0 7.0 0.4005 0.6526 -0.7542 0.2426 0.000109324 0.7406
11500.0 7.0 0.5061 0.2557 -0.307 0.0865 0.000116418 0.8063
12000.0 7.0 0.5851 -0.0287 0.0095 -0.024 0.000123959 0.8657
12500.0 7.0 0.6196 -0.1422 0.1274 -0.0657 0.000132105 0.9198
13000.0 7.0 0.6344 -0.1865 0.1618 -0.0757 0.000140361 0.9691
13500.0 7.0 0.643 -0.2181 0.1847 -0.0819 0.000148624 1.0143
14000.0 7.0 0.6487 -0.2462 0.2076 -0.0886 0.000156993 1.0559
14500.0 7.0 0.6492 -0.2641 0.2224 -0.093 0.000165453 1.0942
15000.0 7.0 0.649 -0.281 0.2377 -0.098 0.000174001 1.1296
15500.0 7.0 0.6507 -0.3026 0.2589 -0.1053 0.000182651 1.1624
16000.0 7.0 0.6506 -0.3191 0.2748 -0.1107 0.000191427 1.1929
16500.0 7.0 0.651 -0.3359 0.2909 -0.1162 0.000200329 1.2213
17000.0 7.0 0.6502 -0.3494 0.3039 -0.1206 0.000209363 1.2479
20000.0 7.0 0.6874 -0.5153 0.4684 -0.1785 0.000266422 1.3763
25000.0 7.0 0.8373 -0.9421 0.882 -0.3232 0.000376073 1.5154
30000.0 7.0 0.8119 -0.9025 0.7859 -0.274 0.000523398 1.6043
35000.0 7.0 0.5694 -0.4924 0.3855 -0.1299 0.000689585 1.6658
40000.0 7.0 0.4542 -0.3657 0.2971 -0.105 0.000820145 1.7109
45000.0 7.0 0.4147 -0.3737 0.3342 -0.1236 0.000927803 1.7453
50000.0 7.0 0.4045 -0.4249 0.4065 -0.1532 0.00102616 1.7724
55000.0 7.0 0.4095 -0.491 0.4865 -0.1843 0.00111397 1.7944
60000.0 7.0 0.422 -0.5628 0.5682 -0.2152 0.00119772 1.8124
65000.0 7.0 0.1536 0.2606 -0.2961 0.1033 0.00144713 1.8276
70000.0 7.0 0.1354 0.2574 -0.2794 0.0951 0.00153266 1.8405
75000.0 7.0 0.125 0.2411 -0.2514 0.0831 0.00161707 1.8516
80000.0 7.0 0.1207 0.2154 -0.2157 0.0687 0.00170081 1.8613
85000.0 7.0 0.1213 0.182 -0.1736 0.0521 0.00178423 1.8698
90000.0 7.0 0.126 0.1432 -0.1277 0.0345 0.00186744 1.8773
100000.0 7.0 0.1388 0.063 -0.0348 -0.0008 0.00203428 1.89
3750.0 7.25 2.1178 -3.058 2.625 -0.8879 3.19256e-06 -2.6874
4000.0 7.25 1.8941 -2.703 2.3291 -0.7919 3.85307e-06 -2.3398
4250.0 7.25 1.7933 -2.5385 2.187 -0.7444 4.69317e-06 -2.0349
4500.0 7.25 1.7594 -2.4929 2.1525 -0.7338 5.79361e-06 -1.7655
4750.0 7.25 1.7602 -2.5034 2.1708 -0.7421 7.1818e-06 -1.5261
5000.0 7.25 1.5377 -1.8389 1.43 -0.4548 9.23341e-06 -1.3123
5250.0 7.25 1.39 -1.4214 0.9941 -0.2926 1.12456e-05 -1.1203
5500.0 7.25 1.1632 -0.8026 0.364 -0.0622 1.34674e-05 -0.9472
5750.0 7.25 0.8457 0.0194 -0.4439 0.2256 1.59055e-05 -0.7904
6000.0 7.25 0.4841 0.8954 -1.2622 0.504 1.85402e-05 -0.6479
6250.0 7.25 0.1834 1.5645 -1.838 0.6846 2.13577e-05 -0.518
6500.0 7.25 -0.0008 1.9172 -2.0889 0.7462 2.43578e-05 -0.3991
7000.0 7.25 -0.1212 2.0331 -2.0499 0.6893 3.0946e-05 -0.1894
7500.0 7.25 -0.1094 1.8957 -1.831 0.5868 3.83776e-05 -0.0109
8000.0 7.25 -0.0856 1.8055 -1.7201 0.5371 4.67154e-05 0.1427
8500.0 7.25 -0.0745 1.8182 -1.7682 0.5569 5.60219e-05 0.276
9000.0 7.25 -0.0538 1.866 -1.9042 0.6223 6.62952e-05 0.3926
9500.0 7.25 0.0188 1.7977 -1.9479 0.6638 7.73967e-05 0.4954
10000.0 7.25 0.1614 1.4754 -1.6907 0.59 8.88569e-05 0.5864
10500.0 7.25 0.2975 1.0885 -1.3053 0.457 9.98313e-05 0.6677
11000.0 7.25 0.3919 0.7735 -0.9568 0.3308 0.000109873 0.7406
11500.0 7.25 0.4767 0.4336 -0.5539 0.1825 0.000117963 0.8063
12000.0 7.25 0.5607 0.1035 -0.1756 0.0494 0.000124856 0.8657
12500.0 7.25 0.6189 -0.117 0.0781 -0.0428 0.000132599 0.9198
13000.0 7.25 0.6436 -0.2063 0.1747 -0.0784 0.000140827 0.9691
13500.0 7.25 0.6536 -0.2438 0.2074 -0.0892 0.000149141 1.0143
14000.0 7.25 0.6581 -0.2675 0.2253 -0.0941 0.000157507 1.0559
14500.0 7.25 0.6617 -0.2909 0.2451 -0.1002 0.000165985 1.0942
15000.0 7.25 0.6635 -0.3115 0.2636 -0.1062 0.000174533 1.1296
15500.0 7.25 0.6621 -0.3251 0.2764 -0.1105 0.0001832 1.1624
16000.0 7.25 0.6612 -0.3393 0.2898 -0.1149 0.000191985 1.1929
16500.0 7.25 0.6605 -0.3536 0.3037 -0.1196 0.0002009 1.2213
17000.0 7.25 0.662 -0.372 0.3216 -0.1257 0.000209943 1.2479
20000.0 7.25 0.6965 -0.5316 0.4805 -0.1819 0.000267137 1.3763
25000.0 7.25 0.8411 -0.9475 0.884 -0.3231 0.000377121 1.5154
30000.0 7.25 0.807 -0.8931 0.7751 -0.2697 0.000524733 1.6043
35000.0 7.25 0.5621 -0.4781 0.3708 -0.1244 0.000689538 1.6658
40000.0 7.25 0.4386 -0.3308 0.2612 -0.0917 0.000818765 1.7109
45000.0 7.25 0.3903 -0.3175 0.2767 -0.1023 0.000925292 1.7453
50000.0 7.25 0.3738 -0.3532 0.333 -0.1261 0.00102153 1.7724
55000.0 7.25 0.373 -0.4064 0.4005 -0.1527 0.00110826 1.7944
60000.0 7.25 0.3798 -0.466 0.4703 -0.1793 0.00119187 1.8124
3750.0 7.5 2.1945 -3.1939 2.7494 -0.9311 3.26859e-06 -2.6874
4000.0 7.5 1.9486 -2.8099 2.4336 -0.8297 3.93519e-06 -2.3398
4250.0 7.5 1.8181 -2.5831 2.2306 -0.7603 4.76422e-06 -2.0349
4500.0 7.5 1.7712 -2.5114 2.1697 -0.74 5.84717e-06 -1.7655
4750.0 7.5 1.7624 -2.5056 2.172 -0.7424 7.21383e-06 -1.5261
5000.0 7.5 1.5724 -1.9312 1.526 -0.4905 9.27889e-06 -1.3123
5250.0 7.5 1.422 -1.5167 1.0939 -0.3298 1.12938e-05 -1.1203
5500.0 7.5 1.2411 -1.0141 0.5762 -0.139 1.35217e-05 -0.9472
5750.0 7.5 0.9657 -0.2917 -0.1421 0.119 1.59553e-05 -0.7904
6000.0 7.5 0.6292 0.5411 -0.9346 0.3937 1.85942e-05 -0.6479
6250.0 7.5 0.3101 1.2775 -1.5936 0.609 2.14137e-05 -0.518
6500.0 7.5 0.082 1.7516 -1.9721 0.7182 2.44145e-05 -0.3991
7000.0 7.5 -0.0958 2.0046 -2.0589 0.7028 3.09764e-05 -0.1894
7500.0 7.5 -0.1043 1.9127 -1.88 0.6131 3.83665e-05 -0.0109
8000.0 7.5 -0.0773 1.8177 -1.7702 0.566 4.6611e-05 0.1427
8500.0 7.5 -0.0593 1.8169 -1.8108 0.5856 5.57834e-05 0.276
9000.0 7.5 -0.0309 1.8442 -1.9272 0.6447 6.58984e-05 0.3926
9500.0 7.5 0.038 1.7868 -1.9814 0.6896 7.68381e-05 0.4954
10000.0 7.5 0.1787 1.483 -1.7507 0.6264 8.83125e-05 0.5864
10500.0 7.5 0.3216 1.0866 -1.3626 0.4931 9.95331e-05 0.6677
11000.0 7.5 0.4179 0.7822 -1.037 0.376 0.000109946 0.7406
11500.0 7.5 0.4882 0.5118 -0.7166 0.2563 0.000119316 0.8063
12000.0 7.5 0.5515 0.2269 -0.3692 0.1277 0.000126467 0.8657
12500.0 7.5 0.6133 -0.0364 -0.0574 0.0155 0.000133462 0.9198
13000.0 7.5 0.655 -0.2107 0.1529 -0.0642 0.000141374 0.9691
13500.0 7.5 0.6705 -0.2796 0.2331 -0.0954 0.000149683 1.0143
14000.0 7.5 0.6751 -0.3074 0.2606 -0.1054 0.00015809 1.0559
14500.0 7.5 0.6761 -0.3242 0.2745 -0.1098 0.00016654 1.0942
15000.0 7.5 0.676 -0.3385 0.2856 -0.113 0.000175033 1.1296
15500.0 7.5 0.6702 -0.3403 0.2862 -0.1126 0.000183836 1.1624
16000.0 7.5 0.6684 -0.3524 0.2979 -0.1166 0.000192635 1.1929
16500.0 7.5 0.6699 -0.3714 0.3164 -0.123 0.000201553 1.2213
17000.0 7.5 0.6713 -0.3896 0.3343 -0.1292 0.000210607 1.2479
20000.0 7.5 0.7081 -0.5537 0.4981 -0.1872 0.000267924 1.3763
25000.0 7.5 0.8509 -0.9674 0.9005 -0.3282 0.000378311 1.5154
30000.0 7.5 0.8037 -0.8878 0.7687 -0.267 0.000526357 1.6043
35000.0 7.5 0.5528 -0.4586 0.351 -0.117 0.000689868 1.6658
40000.0 7.5 0.4261 -0.3026 0.2322 -0.0808 0.000817808 1.7109
45000.0 7.5 0.3698 -0.2696 0.2273 -0.084 0.000923328 1.7453
50000.0 7.5 0.3516 -0.3011 0.2795 -0.1063 0.00101846 1.7724
55000.0 7.5 0.3458 -0.3428 0.3354 -0.1286 0.00110452 1.7944
60000.0 7.5 0.3478 -0.3903 0.3928 -0.1507 0.00118487 1.8124
65000.0 7.5 0.0049 0.4884 -0.5036 0.1773 0.0013487 1.8276
70000.0 7.5 -0.0225 0.5108 -0.5154 0.18 0.00142721 1.8405
75000.0 7.5 -0.0435 0.5228 -0.5181 0.1797 0.00150399 1.8516
80000.0 7.5 -0.0596 0.5282 -0.5158 0.1779 0.00157934 1.8613
85000.0 7.5 -0.071 0.5255 -0.5062 0.1736 0.00165456 1.8698
90000.0 7.5 -0.0784 0.5162 -0.4905 0.167 0.00172913 1.8773
100000.0 7.5 -0.0911 0.4977 -0.4611 0.1549 0.00187795 1.89
3750.0 7.75 2.2647 -3.3095 2.8518 -0.9659 3.34266e-06 -2.6874
4000.0 7.75 2.0093 -2.9276 2.5478 -0.8708 4.0212e-06 -2.3398
4250.0 7.75 1.8472 -2.6358 2.2817 -0.7788 4.84177e-06 -2.0349
4500.0 7.75 1.7846 -2.5317 2.1887 -0.7468 5.9082e-06 -1.7655
4750.0 7.75 1.7681 -2.5135 2.1786 -0.7446 7.25315e-06 -1.5261
5000.0 7.75 1.6125 -2.0331 1.6313 -0.5296 9.32868e-06 -1.3123
5250.0 7.75 1.4437 -1.582 1.1624 -0.3554 1.13438e-05 -1.1203
5500.0 7.75 1.2871 -1.1475 0.7134 -0.1896 1.3583e-05 -0.9472
5750.0 7.75 1.0629 -0.5486 0.1107 0.0287 1.60255e-05 -0.7904
6000.0 7.75 0.7648 0.203 -0.6156 0.2839 1.86613e-05 -0.6479
6250.0 7.75 0.4476 0.9541 -1.305 0.5152 2.14859e-05 -0.518
6500.0 7.75 0.1897 1.5157 -1.7794 0.6615 2.44846e-05 -0.3991
7000.0 7.75 -0.0594 1.9488 -2.0414 0.7073 3.10338e-05 -0.1894
7500.0 7.75 -0.0889 1.8959 -1.8883 0.6234 3.83754e-05 -0.0109
8000.0 7.75 -0.069 1.8153 -1.7915 0.5808 4.65481e-05 0.1427
8500.0 7.75 -0.0474 1.8077 -1.8298 0.6014 5.55952e-05 0.276
9000.0 7.75 -0.0155 1.8295 -1.9449 0.6616 6.55403e-05 0.3926
9500.0 7.75 0.0689 1.7341 -1.9629 0.6944 7.63414e-05 0.4954
10000.0 7.75 0.2048 1.4596 -1.7727 0.6479 8.77388e-05 0.5864
10500.0 7.75 0.3594 1.0424 -1.3716 0.5111 9.91399e-05 0.6677
11000.0 7.75 0.4694 0.7062 -1.019 0.3845 0.00010986 0.7406
11500.0 7.75 0.542 0.4539 -0.7325 0.2785 0.000119812 0.8063
12000.0 7.75 0.5896 0.2323 -0.4537 0.1721 0.000128382 0.8657
12500.0 7.75 0.6301 0.0151 -0.1792 0.0696 0.000135067 0.9198
13000.0 7.75 0.6711 -0.1873 0.0727 -0.0238 0.000142228 0.9691
13500.0 7.75 0.6965 -0.3181 0.2419 -0.0909 0.000150273 1.0143
14000.0 7.75 0.7028 -0.3687 0.3096 -0.1194 0.000158668 1.0559
14500.0 7.75 0.7002 -0.3813 0.3257 -0.1264 0.000167181 1.0942
15000.0 7.75 0.6964 -0.3864 0.3294 -0.1276 0.000175765 1.1296
15500.0 7.75 0.6941 -0.3955 0.3375 -0.1301 0.000184407 1.1624
16000.0 7.75 0.6939 -0.4096 0.3507 -0.1346 0.000193296 1.1929
16500.0 7.75 0.693 -0.4225 0.3635 -0.139 0.000202229 1.2213
17000.0 7.75 0.6954 -0.4423 0.3828 -0.1457 0.000211287 1.2479
20000.0 7.75 0.7255 -0.5904 0.5309 -0.1981 0.000268735 1.3763
25000.0 7.75 0.8578 -0.981 0.911 -0.3312 0.000379626 1.5154
30000.0 7.75 0.8031 -0.8884 0.7681 -0.2664 0.000528194 1.6043
35000.0 7.75 0.5482 -0.4506 0.343 -0.114 0.000690424 1.6658
40000.0 7.75 0.4183 -0.285 0.2136 -0.0738 0.000817144 1.7109
45000.0 7.75 0.362 -0.2511 0.2077 -0.0765 0.000921674 1.7453
50000.0 7.75 0.3362 -0.2636 0.2404 -0.0916 0.00101491 1.7724
55000.0 7.75 0.3264 -0.2949 0.2856 -0.11 0.00109902 1.7944
60000.0 7.75 0.3246 -0.3348 0.3355 -0.1294 0.00118065 1.8124
65000.0 7.75 0.1226 0.3597 -0.4114 0.1488 0.00142309 1.8276
70000.0 7.75 0.0872 0.4 -0.4394 0.157 0.00150309 1.8405
75000.0 7.75 0.0583 0.4294 -0.4579 0.162 0.00158117 1.8516
80000.0 7.75 0.0344 0.451 -0.4703 0.1652 0.00165781 1.8613
85000.0 7.75 0.0153 0.4646 -0.4756 0.1659 0.00173418 1.8698
90000.0 7.75 0.0001 0.4719 -0.4753 0.1647 0.00180983 1.8773
100000.0 7.75 -0.0276 0.4846 -0.4749 0.1628 0.00196053 1.89
3750.0 8.0 2.3223 -3.392 2.9201 -0.9884 3.42057e-06 -2.6874
4000.0 8.0 2.0732 -3.0479 2.6624 -0.9116 4.11022e-06 -2.3398
4250.0 8.0 1.882 -2.6997 2.3438 -0.8013 4.92531e-06 -2.0349
4500.0 8.0 1.8022 -2.5605 2.2166 -0.7569 5.97623e-06 -1.7655
4750.0 8.0 1.7744 -2.5198 2.1836 -0.7463 7.30039e-06 -1.5261
5000.0 8.0 1.6615 -2.1564 1.7603 -0.5778 9.38473e-06 -1.3123
5250.0 8.0 1.4802 -1.6776 1.2599 -0.3911 1.14026e-05 -1.1203
5500.0 8.0 1.3386 -1.2885 0.8576 -0.2425 1.3652e-05 -0.9472
5750.0 8.0 1.1508 -0.7786 0.3376 -0.0524 1.61051e-05 -0.7904
6000.0 8.0 0.884 -0.099 -0.3267 0.183 1.87445e-05 -0.6479
6250.0 8.0 0.5863 0.619 -0.9973 0.4121 2.15717e-05 -0.518
6500.0 8.0 0.311 1.2419 -1.5463 0.5895 2.45731e-05 -0.3991
7000.0 8.0 -0.013 1.8709 -2.005 0.7059 3.11127e-05 -0.1894
7500.0 8.0 -0.0706 1.8703 -1.8864 0.6296 3.84212e-05 -0.0109
8000.0 8.0 -0.0697 1.8275 -1.8178 0.5945 4.65192e-05 0.1427
8500.0 8.0 -0.0366 1.7856 -1.8206 0.6029 5.54585e-05 0.276
9000.0 8.0 0.0018 1.7923 -1.9235 0.6601 6.52529e-05 0.3926
9500.0 8.0 0.0923 1.6887 -1.9399 0.6943 7.58993e-05 0.4954
10000.0 8.0 0.2384 1.4018 -1.7475 0.6494 8.71956e-05 0.5864
10500.0 8.0 0.4059 0.9662 -1.3395 0.5126 9.87077e-05 0.6677
11000.0 8.0 0.5312 0.5915 -0.9517 0.3736 0.000109675 0.7406
11500.0 8.0 0.6187 0.3095 -0.6437 0.2605 0.00011996 0.8063
12000.0 8.0 0.6741 0.0933 -0.384 0.1619 0.000129491 0.8657
12500.0 8.0 0.6981 -0.0677 -0.1663 0.0772 0.000137309 0.9198
13000.0 8.0 0.7157 -0.2136 0.0304 0.0028 0.000143863 0.9691
13500.0 8.0 0.7338 -0.3499 0.2154 -0.0684 0.000151206 1.0143
14000.0 8.0 0.7445 -0.4434 0.35 -0.1245 0.000159335 1.0559
14500.0 8.0 0.74 -0.4703 0.3991 -0.1479 0.000167822 1.0942
15000.0 8.0 0.7301 -0.467 0.4034 -0.1519 0.000176466 1.1296
15500.0 8.0 0.7208 -0.4593 0.3973 -0.1506 0.000185044 1.1624
16000.0 8.0 0.7152 -0.4595 0.397 -0.1504 0.000193936 1.1929
16500.0 8.0 0.6968 -0.4304 0.3674 -0.1394 0.000203017 1.2213
17000.0 8.0 0.7136 -0.4829 0.4194 -0.1579 0.000212053 1.2479
20000.0 8.0 0.7384 -0.6176 0.5546 -0.2058 0.000269624 1.3763
25000.0 8.0 0.868 -1.0022 0.9294 -0.3372 0.000381033 1.5154
30000.0 8.0 0.8019 -0.8878 0.7666 -0.2656 0.00053025 1.6043
35000.0 8.0 0.545 -0.4456 0.3381 -0.1122 0.0006912 1.6658
40000.0 8.0 0.4135 -0.2744 0.2027 -0.0697 0.000816731 1.7109
45000.0 8.0 0.3546 -0.2331 0.1886 -0.0692 0.000920381 1.7453
50000.0 8.0 0.3257 -0.2374 0.2125 -0.081 0.00101272 1.7724
55000.0 8.0 0.3132 -0.2621 0.2511 -0.0971 0.00109603 1.7944
60000.0 8.0 0.3086 -0.2949 0.2942 -0.1141 0.00117561 1.8124
3750.0 8.25 2.3653 -3.4268 2.9356 -0.9906 3.49369e-06 -2.6874
4000.0 8.25 2.1384 -3.1657 2.773 -0.9507 4.2018e-06 -2.3398
4250.0 8.25 1.9228 -2.775 2.4167 -0.8276 5.01447e-06 -2.0349
4500.0 8.25 1.8218 -2.5921 2.2467 -0.7678 6.05155e-06 -1.7655
4750.0 8.25 1.7783 -2.5188 2.181 -0.7452 7.35627e-06 -1.5261
5000.0 8.25 1.7211 -2.3079 1.9208 -0.6384 9.44573e-06 -1.3123
5250.0 8.25 1.5095 -1.7508 1.3341 -0.4184 1.14682e-05 -1.1203
5500.0 8.25 1.3702 -1.3777 0.9498 -0.2765 1.37277e-05 -0.9472
5750.0 8.25 1.1969 -0.9132 0.4771 -0.1041 1.61946e-05 -0.7904
6000.0 8.25 0.9843 -0.3563 -0.0773 0.0951 1.88445e-05 -0.6479
6250.0 8.25 0.7143 0.3038 -0.7022 0.3111 2.16749e-05 -0.518
6500.0 8.25 0.4407 0.9404 -1.2796 0.5033 2.46803e-05 -0.3991
7000.0 8.25 0.053 1.7448 -1.9228 0.6891 3.1219e-05 -0.1894
7500.0 8.25 -0.0483 1.8361 -1.8768 0.6333 3.84972e-05 -0.0109
8000.0 8.25 -0.0478 1.7746 -1.7739 0.5824 4.65362e-05 0.1427
8500.0 8.25 -0.0248 1.7489 -1.7849 0.5918 5.53681e-05 0.276
9000.0 8.25 0.0136 1.7537 -1.8852 0.6481 6.50206e-05 0.3926
9500.0 8.25 0.1043 1.657 -1.9153 0.6891 7.55084e-05 0.4954
10000.0 8.25 0.26 1.3619 -1.7275 0.6492 8.66819e-05 0.5864
10500.0 8.25 0.4439 0.9039 -1.3122 0.5134 9.82072e-05 0.6677
11000.0 8.25 0.5943 0.463 -0.8603 0.3517 0.000109431 0.7406
11500.0 8.25 0.6992 0.1371 -0.5119 0.2245 0.000119969 0.8063
12000.0 8.25 0.7731 -0.1156 -0.2242 0.1164 0.000129942 0.8657
12500.0 8.25 0.8071 -0.2815 -0.0103 0.0329 0.00013907 0.9198
13000.0 8.25 0.809 -0.3776 0.1364 -0.0256 0.000146337 0.9691
13500.0 8.25 0.8056 -0.4568 0.2596 -0.0732 0.000152906 1.0143
14000.0 8.25 0.8051 -0.5375 0.3863 -0.1243 0.000160337 1.0559
14500.0 8.25 0.7982 -0.5842 0.4749 -0.1646 0.000168561 1.0942
15000.0 8.25 0.7822 -0.5846 0.5019 -0.1813 0.000177151 1.1296
15500.0 8.25 0.7632 -0.5604 0.489 -0.1803 0.000185855 1.1624
16000.0 8.25 0.748 -0.5389 0.4714 -0.1756 0.000194566 1.1929
16500.0 8.25 0.7389 -0.5286 0.4611 -0.1721 0.000203594 1.2213
17000.0 8.25 0.7343 -0.5306 0.4632 -0.1727 0.000212917 1.2479
20000.0 8.25 0.7588 -0.6627 0.5963 -0.2201 0.000270538 1.3763
25000.0 8.25 0.8743 -1.0157 0.9408 -0.3408 0.000382545 1.5154
30000.0 8.25 0.8012 -0.888 0.7658 -0.265 0.00053247 1.6043
35000.0 8.25 0.5439 -0.4454 0.338 -0.1121 0.000692134 1.6658
40000.0 8.25 0.4036 -0.2528 0.1812 -0.0618 0.000816591 1.7109
45000.0 8.25 0.3508 -0.2233 0.178 -0.0652 0.000919359 1.7453
50000.0 8.25 0.3201 -0.2225 0.1967 -0.0751 0.0010104 1.7724
55000.0 8.25 0.3045 -0.2396 0.2271 -0.088 0.00109348 1.7944
60000.0 8.25 0.2975 -0.2654 0.2627 -0.1022 0.00117095 1.8124
65000.0 8.25 0.1498 0.3088 -0.3659 0.1334 0.00141166 1.8276
70000.0 8.25 0.112 0.3579 -0.4041 0.1456 0.00148924 1.8405
75000.0 8.25 0.0799 0.3978 -0.4346 0.1553 0.00156483 1.8516
80000.0 8.25 0.0527 0.4291 -0.4571 0.1622 0.00163877 1.8613
85000.0 8.25 0.029 0.4557 -0.4764 0.1681 0.00171147 1.8698
90000.0 8.25 0.0087 0.4767 -0.4906 0.1724 0.00178382 1.8773
100000.0 8.25 -0.0291 0.5165 -0.5186 0.1809 0.00192698 1.89
3750.0 8.5 2.392 -3.4213 2.9106 -0.9782 3.5648e-06 -2.6874
4000.0 8.5 2.2021 -3.274 2.8714 -0.9848 4.29548e-06 -2.3398
4250.0 8.5 1.9692 -2.8602 2.4985 -0.8568 5.10894e-06 -2.0349
4500.0 8.5 1.8444 -2.6291 2.2821 -0.7805 6.13472e-06 -1.7655
4750.0 8.5 1.7888 -2.5313 2.1921 -0.7491 7.42033e-06 -1.5261
5000.0 8.5 1.7066 -2.249 1.8487 -0.6092 9.50792e-06 -1.3123
5250.0 8.5 1.5487 -1.8451 1.4293 -0.4532 1.15379e-05 -1.1203
5500.0 8.5 1.3994 -1.4549 1.0282 -0.3052 1.3809e-05 -0.9472
5750.0 8.5 1.2608 -1.0797 0.6441 -0.1643 1.6295e-05 -0.7904
6000.0 8.5 1.0695 -0.5763 0.1385 0.0183 1.89627e-05 -0.6479
6250.0 8.5 0.8274 0.0226 -0.4358 0.2188 2.18036e-05 -0.518
6500.0 8.5 0.5704 0.6321 -0.9996 0.4102 2.48111e-05 -0.3991
7000.0 8.5 0.1382 1.5707 -1.7938 0.6556 3.13485e-05 -0.1894
7500.0 8.5 -0.021 1.796 -1.8668 0.6383 3.86026e-05 -0.0109
8000.0 8.5 -0.0328 1.7406 -1.7481 0.5763 4.65922e-05 0.1427
8500.0 8.5 -0.0109 1.7012 -1.7323 0.573 5.53275e-05 0.276
9000.0 8.5 0.0224 1.7102 -1.8293 0.6263 6.48495e-05 0.3926
9500.0 8.5 0.1082 1.63 -1.8793 0.6753 7.51808e-05 0.4954
10000.0 8.5 0.263 1.3562 -1.7277 0.6521 8.62155e-05 0.5864
10500.0 8.5 0.4662 0.8714 -1.3037 0.5178 9.7717e-05 0.6677
11000.0 8.5 0.6402 0.3776 -0.8072 0.3421 0.000109113 0.7406
11500.0 8.5 0.7706 -0.0228 -0.3817 0.1863 0.000119923 0.8063
12000.0 8.5 0.8655 -0.3264 -0.0476 0.062 0.000130167 0.8657
12500.0 8.5 0.9205 -0.5363 0.2036 -0.0348 0.000139907 0.9198
13000.0 8.5 0.9324 -0.6426 0.3557 -0.0957 0.000148678 0.9691
13500.0 8.5 0.9152 -0.678 0.4338 -0.1285 0.000155635 1.0143
14000.0 8.5 0.895 -0.7018 0.4954 -0.1539 0.000162249 1.0559
14500.0 8.5 0.8764 -0.7261 0.5608 -0.1826 0.000169703 1.0942
15000.0 8.5 0.8551 -0.7338 0.6099 -0.2088 0.000178005 1.1296
15500.0 8.5 0.8282 -0.7074 0.6125 -0.2173 0.000186704 1.1624
16000.0 8.5 0.8002 -0.6627 0.5837 -0.2119 0.000195596 1.1929
16500.0 8.5 0.778 -0.6234 0.5509 -0.2025 0.00020452 1.2213
17000.0 8.5 0.765 -0.6037 0.5327 -0.1967 0.000213645 1.2479
20000.0 8.5 0.7799 -0.7104 0.641 -0.2356 0.000271539 1.3763
25000.0 8.5 0.8886 -1.0461 0.9682 -0.35 0.000384126 1.5154
30000.0 8.5 0.7955 -0.8782 0.7558 -0.2614 0.000534913 1.6043
35000.0 8.5 0.5436 -0.4472 0.3406 -0.1132 0.00069323 1.6658
40000.0 8.5 0.4145 -0.2769 0.2042 -0.0699 0.000816474 1.7109
45000.0 8.5 0.3491 -0.2181 0.1717 -0.0626 0.000918622 1.7453
50000.0 8.5 0.3172 -0.2121 0.1843 -0.0701 0.00100751 1.7724
55000.0 8.5 0.3001 -0.2255 0.211 -0.0817 0.00108975 1.7944
60000.0 8.5 0.2896 -0.2451 0.241 -0.094 0.00116882 1.8124
65000.0 8.5 0.1691 0.2691 -0.3279 0.1199 0.00140739 1.8276
70000.0 8.5 0.1318 0.3182 -0.3666 0.1324 0.00148376 1.8405
75000.0 8.5 0.0998 0.3591 -0.3984 0.1426 0.00155824 1.8516
80000.0 8.5 0.0722 0.3926 -0.4238 0.1507 0.00163126 1.8613
85000.0 8.5 0.0482 0.421 -0.4454 0.1576 0.00170326 1.8698
90000.0 8.5 0.0272 0.4449 -0.463 0.1632 0.00177441 1.8773
100000.0 8.5 -0.0119 0.4898 -0.4968 0.174 0.00191512 1.89
3750.0 8.75 2.3966 -3.3605 2.8309 -0.9463 3.63309e-06 -2.6874
4000.0 8.75 2.2609 -3.3637 2.9484 -1.0105 4.39023e-06 -2.3398
4250.0 8.75 2.0209 -2.9534 2.5868 -0.8882 5.20794e-06 -2.0349
4500.0 8.75 1.871 -2.6736 2.3247 -0.7958 6.22493e-06 -1.7655
4750.0 8.75 1.8048 -2.5553 2.2149 -0.7574 7.49215e-06 -1.5261
5000.0 8.75 1.7761 -2.4236 2.0352 -0.6799 9.58002e-06 -1.3123
5250.0 8.75 1.5919 -1.9474 1.5334 -0.4916 1.16115e-05 -1.1203
5500.0 8.75 1.4306 -1.5317 1.1048 -0.333 1.38966e-05 -0.9472
5750.0 8.75 1.2828 -1.1463 0.7145 -0.1909 1.64006e-05 -0.7904
6000.0 8.75 1.1189 -0.7164 0.2834 -0.0353 1.9091e-05 -0.6479
6250.0 8.75 0.9203 -0.2138 -0.2071 0.1383 2.1948e-05 -0.518
6500.0 8.75 0.6904 0.3413 -0.7294 0.3183 2.49684e-05 -0.3991
7000.0 8.75 0.2377 1.3608 -1.6293 0.6095 3.15073e-05 -0.1894
7500.0 8.75 0.0256 1.7117 -1.818 0.6311 3.87474e-05 -0.0109
8000.0 8.75 -0.0109 1.6935 -1.713 0.5679 4.66793e-05 0.1427
8500.0 8.75 0.0061 1.6434 -1.667 0.549 5.53372e-05 0.276
9000.0 8.75 0.0356 1.6474 -1.7468 0.5931 6.47469e-05 0.3926
9500.0 8.75 0.1083 1.5974 -1.8231 0.6502 7.49126e-05 0.4954
10000.0 8.75 0.2489 1.3783 -1.7404 0.6551 8.57979e-05 0.5864
10500.0 8.75 0.462 0.8975 -1.3428 0.5359 9.72298e-05 0.6677
11000.0 8.75 0.6649 0.3415 -0.7955 0.3449 0.000108755 0.7406
11500.0 8.75 0.8175 -0.1171 -0.3155 0.1706 0.000119806 0.8063
12000.0 8.75 0.9377 -0.4942 0.0949 0.0179 0.000130304 0.8657
12500.0 8.75 1.0159 -0.7611 0.4 -0.0982 0.000140374 0.9198
13000.0 8.75 1.0486 -0.9134 0.5939 -0.1747 0.000149944 0.9691
13500.0 8.75 1.0395 -0.9602 0.6823 -0.2122 0.000158456 1.0143
14000.0 8.75 1.0103 -0.9508 0.707 -0.2247 0.000165284 1.0559
14500.0 8.75 0.9767 -0.9276 0.7149 -0.2301 0.000171925 1.0942
15000.0 8.75 0.9449 -0.9086 0.7314 -0.2406 0.000179425 1.1296
15500.0 8.75 0.9112 -0.8786 0.739 -0.2508 0.000187692 1.1624
16000.0 8.75 0.8746 -0.829 0.7211 -0.2525 0.000196425 1.1929
16500.0 8.75 0.8392 -0.7668 0.6782 -0.2431 0.000205328 1.2213
17000.0 8.75 0.8051 -0.6991 0.621 -0.2263 0.000214373 1.2479
20000.0 8.75 0.8018 -0.7598 0.6873 -0.2515 0.000272615 1.3763
25000.0 8.75 0.9 -1.0703 0.9895 -0.357 0.000385813 1.5154
30000.0 8.75 0.7976 -0.8843 0.7606 -0.2628 0.000537426 1.6043
35000.0 8.75 0.544 -0.4501 0.3436 -0.1142 0.000694443 1.6658
40000.0 8.75 0.4154 -0.2792 0.2062 -0.0705 0.000816607 1.7109
45000.0 8.75 0.3496 -0.2177 0.1701 -0.0617 0.000918078 1.7453
50000.0 8.75 0.3174 -0.2101 0.181 -0.0686 0.0010058 1.7724
55000.0 8.75 0.2984 -0.218 0.2018 -0.0779 0.00108708 1.7944
60000.0 8.75 0.2875 -0.2345 0.2277 -0.0885 0.00116391 1.8124
3750.0 9.0 2.3807 -3.2528 2.7063 -0.8988 3.69214e-06 -2.6874
4000.0 9.0 2.3105 -3.4245 2.9939 -1.0244 4.48494e-06 -2.3398
4250.0 9.0 2.0767 -3.0517 2.6787 -0.9207 5.31041e-06 -2.0349
4500.0 9.0 1.903 -2.7284 2.3773 -0.8148 6.32215e-06 -1.7655
4750.0 9.0 1.8181 -2.5715 2.2296 -0.7627 7.57851e-06 -1.5261
5000.0 9.0 1.8058 -2.4851 2.0968 -0.7025 9.65971e-06 -1.3123
5250.0 9.0 1.6449 -2.0733 1.6626 -0.5394 1.16896e-05 -1.1203
5500.0 9.0 1.4593 -1.5981 1.1693 -0.3561 1.39857e-05 -0.9472
5750.0 9.0 1.3187 -1.2377 0.8057 -0.2239 1.6512e-05 -0.7904
6000.0 9.0 1.1663 -0.8413 0.4088 -0.0809 1.92312e-05 -0.6479
6250.0 9.0 1.0022 -0.4175 -0.0117 0.0699 2.2115e-05 -0.518
6500.0 9.0 0.7948 0.0822 -0.4827 0.2324 2.51493e-05 -0.3991
7000.0 9.0 0.3533 1.1019 -1.409 0.5412 3.17e-05 -0.1894
7500.0 9.0 0.0799 1.6162 -1.765 0.6242 3.89306e-05 -0.0109
8000.0 9.0 0.0155 1.6421 -1.6795 0.5616 4.68233e-05 0.1427
8500.0 9.0 0.0262 1.5809 -1.5993 0.5247 5.54039e-05 0.276
9000.0 9.0 0.0544 1.5659 -1.6413 0.5506 6.46926e-05 0.3926
9500.0 9.0 0.1051 1.5636 -1.7567 0.619 7.47026e-05 0.4954
10000.0 9.0 0.2257 1.4079 -1.7454 0.6512 8.54631e-05 0.5864
10500.0 9.0 0.4351 0.9678 -1.4119 0.5607 9.67922e-05 0.6677
11000.0 9.0 0.6613 0.3757 -0.848 0.3689 0.000108383 0.7406
11500.0 9.0 0.8396 -0.1521 -0.301 0.1712 0.000119662 0.8063
12000.0 9.0 0.9816 -0.5889 0.1674 -0.002 0.000130389 0.8657
12500.0 9.0 1.0843 -0.9217 0.5379 -0.1419 0.0001407 0.9198
13000.0 9.0 1.1395 -1.132 0.7887 -0.2393 0.000150684 0.9691
13500.0 9.0 1.1497 -1.2236 0.9201 -0.2933 0.000160154 1.0143
14000.0 9.0 1.127 -1.2248 0.9556 -0.3106 0.00016853 1.0559
14500.0 9.0 1.0914 -1.1854 0.9427 -0.3084 0.000175321 1.0942
15000.0 9.0 1.0486 -1.1274 0.9102 -0.2988 0.000181999 1.1296
15500.0 9.0 1.0067 -1.0723 0.8841 -0.2928 0.00018947 1.1624
16000.0 9.0 0.9639 -1.0126 0.8573 -0.2893 0.000197657 1.1929
16500.0 9.0 0.9203 -0.944 0.8202 -0.2837 0.00020645 1.2213
17000.0 9.0 0.8789 -0.8699 0.7687 -0.2718 0.000215401 1.2479
20000.0 9.0 0.8253 -0.8143 0.7391 -0.2695 0.000273791 1.3763
25000.0 9.0 0.9071 -1.0874 1.0046 -0.362 0.000387452 1.5154
30000.0 9.0 0.798 -0.8868 0.7612 -0.2625 0.000539878 1.6043
35000.0 9.0 0.5486 -0.4617 0.3548 -0.1181 0.000695755 1.6658
40000.0 9.0 0.4167 -0.2831 0.2099 -0.0717 0.000816723 1.7109
45000.0 9.0 0.3532 -0.2251 0.1767 -0.0638 0.000917577 1.7453
50000.0 9.0 0.3191 -0.2118 0.1812 -0.0683 0.00100414 1.7724
55000.0 9.0 0.2985 -0.215 0.1969 -0.0757 0.00108481 1.7944
60000.0 9.0 0.2868 -0.2293 0.221 -0.0858 0.00116033 1.8124
65000.0 9.0 0.209 0.1846 -0.2455 0.0903 0.00140037 1.8276
70000.0 9.0 0.1738 0.2305 -0.2816 0.102 0.00147518 1.8405
75000.0 9.0 0.1437 0.2686 -0.3111 0.1114 0.00154795 1.8516
80000.0 9.0 0.1173 0.3012 -0.3364 0.1196 0.00161914 1.8613
85000.0 9.0 0.0941 0.3295 -0.3583 0.1267 0.00168912 1.8698
90000.0 9.0 0.0737 0.3534 -0.3765 0.1325 0.00175814 1.8773
100000.0 9.0 0.0351 0.4007 -0.4141 0.1451 0.00189399 1.89
3750.0 9.25 2.3472 -3.1074 2.5477 -0.8402 3.73907e-06 -2.6874
4000.0 9.25 2.3478 -3.4502 3.0019 -1.0243 4.576e-06 -2.3398
4250.0 9.25 2.1354 -3.1514 2.7702 -0.9526 5.41575e-06 -2.0349
4500.0 9.25 1.9409 -2.7942 2.4402 -0.8373 6.42543e-06 -1.7655
4750.0 9.25 1.839 -2.6034 2.2601 -0.7737 7.66398e-06 -1.5261
5000.0 9.25 1.8566 -2.6094 2.2305 -0.7536 9.75073e-06 -1.3123
5250.0 9.25 1.709 -2.2297 1.826 -0.6005 1.17739e-05 -1.1203
5500.0 9.25 1.5007 -1.6935 1.2639 -0.3903 1.40775e-05 -0.9472
5750.0 9.25 1.3524 -1.319 0.8851 -0.2522 1.66249e-05 -0.7904
6000.0 9.25 1.2137 -0.9616 0.5271 -0.1229 1.93751e-05 -0.6479
6250.0 9.25 1.0541 -0.5559 0.1271 0.0196 2.22937e-05 -0.518
6500.0 9.25 0.8791 -0.1264 -0.2833 0.1626 2.53573e-05 -0.3991
7000.0 9.25 0.4685 0.8389 -1.1779 0.4669 3.19263e-05 -0.1894
7500.0 9.25 0.1533 1.4753 -1.67 0.603 3.91444e-05 -0.0109
8000.0 9.25 0.0492 1.5817 -1.6453 0.5571 4.70129e-05 0.1427
8500.0 9.25 0.0461 1.5254 -1.5432 0.5056 5.55274e-05 0.276
9000.0 9.25 0.0718 1.4912 -1.5443 0.5115 6.47031e-05 0.3926
9500.0 9.25 0.11 1.5028 -1.6572 0.5746 7.45634e-05 0.4954
10000.0 9.25 0.2074 1.4076 -1.7054 0.6272 8.51482e-05 0.5864
10500.0 9.25 0.3927 1.0592 -1.4848 0.582 9.6355e-05 0.6677
11000.0 9.25 0.6296 0.4748 -0.9553 0.4092 0.000107951 0.7406
11500.0 9.25 0.8306 -0.1017 -0.3708 0.201 0.00011943 0.8063
12000.0 9.25 0.9949 -0.5995 0.1565 0.0076 0.000130409 0.8657
12500.0 9.25 1.1223 -1.0009 0.5954 -0.1568 0.00014094 0.9198
13000.0 9.25 1.2023 -1.2784 0.914 -0.2792 0.000151176 0.9691
13500.0 9.25 1.2329 -1.4233 1.0983 -0.3529 0.000161133 1.0143
14000.0 9.25 1.2253 -1.4617 1.1712 -0.3849 0.00017056 1.0559
14500.0 9.25 1.1948 -1.4323 1.1698 -0.388 0.000178918 1.0942
15000.0 9.25 1.153 -1.3673 1.126 -0.374 0.000185839 1.1296
15500.0 9.25 1.1081 -1.2924 1.0705 -0.3554 0.000192506 1.1624
16000.0 9.25 1.0614 -1.2141 1.0144 -0.3374 0.000199805 1.1929
16500.0 9.25 1.0111 -1.1299 0.9582 -0.3218 0.000208003 1.2213
17000.0 9.25 0.9456 -1.0093 0.8762 -0.3016 0.000216616 1.2479
20000.0 9.25 0.8537 -0.8783 0.7988 -0.29 0.000274974 1.3763
25000.0 9.25 0.9242 -1.1215 1.034 -0.3715 0.000389505 1.5154
30000.0 9.25 0.7964 -0.8856 0.759 -0.2614 0.000542585 1.6043
35000.0 9.25 0.548 -0.4642 0.3582 -0.1195 0.000696889 1.6658
40000.0 9.25 0.4217 -0.2945 0.2209 -0.0755 0.000816994 1.7109
45000.0 9.25 0.356 -0.2316 0.1831 -0.066 0.000917305 1.7453
50000.0 9.25 0.3229 -0.218 0.186 -0.0696 0.00100282 1.7724
55000.0 9.25 0.3003 -0.217 0.1981 -0.0759 0.00108362 1.7944
60000.0 9.25 0.287 -0.2263 0.2162 -0.0835 0.00115771 1.8124
3750.0 9.5 2.3094 -2.9579 2.3869 -0.7812 3.77936e-06 -2.6874
4000.0 9.5 2.3716 -3.439 2.9705 -1.0095 4.6602e-06 -2.3398
4250.0 9.5 2.1929 -3.241 2.8484 -0.979 5.52168e-06 -2.0349
4500.0 9.5 1.9844 -2.8698 2.5127 -0.8634 6.53286e-06 -1.7655
4750.0 9.5 1.8632 -2.6414 2.2964 -0.7868 7.76502e-06 -1.5261
5000.0 9.5 1.884 -2.6654 2.2886 -0.7754 9.92042e-06 -1.3123
5250.0 9.5 1.6764 -2.1184 1.6967 -0.5494 1.18577e-05 -1.1203
5500.0 9.5 1.5377 -1.776 1.3457 -0.42 1.41717e-05 -0.9472
5750.0 9.5 1.3939 -1.4157 0.9796 -0.2859 1.67393e-05 -0.7904
6000.0 9.5 1.2608 -1.0751 0.6373 -0.1619 1.95247e-05 -0.6479
6250.0 9.5 1.1059 -0.6848 0.2524 -0.0247 2.2481e-05 -0.518
6500.0 9.5 0.9465 -0.2945 -0.121 0.1053 2.55853e-05 -0.3991
7000.0 9.5 0.5859 0.5577 -0.9168 0.3784 3.21926e-05 -0.1894
7500.0 9.5 0.2408 1.2996 -1.5408 0.5698 3.94042e-05 -0.0109
8000.0 9.5 0.0879 1.5194 -1.6177 0.5571 4.72492e-05 0.1427
8500.0 9.5 0.0691 1.4713 -1.4961 0.4916 5.57152e-05 0.276
9000.0 9.5 0.0926 1.4127 -1.4475 0.4736 6.47916e-05 0.3926
9500.0 9.5 0.1243 1.418 -1.5343 0.5221 7.45271e-05 0.4954
10000.0 9.5 0.1959 1.379 -1.6281 0.5877 8.49187e-05 0.5864
10500.0 9.5 0.3453 1.1436 -1.5345 0.5908 9.59595e-05 0.6677
11000.0 9.5 0.5756 0.6175 -1.0926 0.4564 0.000107506 0.7406
11500.0 9.5 0.7944 0.0158 -0.5007 0.2502 0.000119136 0.8063
12000.0 9.5 0.9761 -0.5259 0.0644 0.045 0.000130371 0.8657
12500.0 9.5 1.1263 -0.9881 0.5614 -0.1393 0.000141136 0.9198
13000.0 9.5 1.2332 -1.3383 0.9526 -0.2878 0.000151583 0.9691
13500.0 9.5 1.2888 -1.5513 1.2058 -0.3868 0.000161819 1.0143
14000.0 9.5 1.3 -1.6409 1.3308 -0.4385 0.000171797 1.0559
14500.0 9.5 1.2804 -1.6393 1.358 -0.453 0.000181251 1.0942
15000.0 9.5 1.2452 -1.5887 1.3299 -0.4457 0.000189708 1.1296
15500.0 9.5 1.2011 -1.5102 1.2683 -0.4247 0.000196756 1.1624
16000.0 9.5 1.1551 -1.4229 1.1961 -0.3996 0.00020353 1.1929
16500.0 9.5 1.1061 -1.3306 1.1213 -0.3742 0.000210702 1.2213
17000.0 9.5 1.0526 -1.2322 1.0457 -0.3504 0.000218669 1.2479
20000.0 9.5 0.7612 -0.7131 0.8676 -0.4148 0.000309335 1.3763
25000.0 9.5 0.9359 -1.1475 1.0563 -0.3785 0.000391322 1.5154
30000.0 9.5 0.7959 -0.887 0.7591 -0.2611 0.000545436 1.6043
35000.0 9.5 0.5507 -0.4729 0.3675 -0.123 0.000698346 1.6658
40000.0 9.5 0.4267 -0.3066 0.2329 -0.0797 0.000817446 1.7109
45000.0 9.5 0.3606 -0.242 0.1929 -0.0694 0.000917312 1.7453
50000.0 9.5 0.328 -0.2273 0.1942 -0.0723 0.0010009 1.7724
55000.0 9.5 0.306 -0.2254 0.2042 -0.0776 0.00108 1.7944
60000.0 9.5 0.2915 -0.232 0.2197 -0.0843 0.00115482 1.8124
65000.0 9.5 0.2471 0.1023 -0.1643 0.061 0.00139491 1.8276
70000.0 9.5 0.2148 0.1432 -0.1957 0.071 0.00146861 1.8405
75000.0 9.5 0.187 0.1773 -0.2217 0.0792 0.00154008 1.8516
80000.0 9.5 0.1626 0.2066 -0.2443 0.0866 0.00161002 1.8613
85000.0 9.5 0.1417 0.2302 -0.2615 0.0919 0.0016786 1.8698
90000.0 9.5 0.1228 0.252 -0.2782 0.0973 0.00174603 1.8773
100000.0 9.5 0.0877 0.2936 -0.3109 0.1082 0.00187844 1.89
