Teff log(g) a1 a2 a3 a4 I1 beaming
3750.0 5.0 1.7491 -2.468 2.071 -0.6903 3.62496e-06 -1.8463
4000.0 5.0 1.7031 -2.459 2.1052 -0.7116 4.52488e-06 -1.5565
4250.0 5.0 1.6865 -2.438 2.1016 -0.714 5.67952e-06 -1.3031
4500.0 5.0 1.5637 -2.026 1.6384 -0.5336 7.12628e-06 -1.0799
4750.0 5.0 1.2909 -1.2423 0.8236 -0.2305 8.84059e-06 -0.882
5000.0 5.0 0.7874 0.0916 -0.5041 0.245 1.08876e-05 -0.7057
5250.0 5.0 0.2658 1.3632 -1.6973 0.6494 1.29688e-05 -0.5478
5500.0 5.0 -0.0697 2.0437 -2.2175 0.79 1.51913e-05 -0.4058
5750.0 5.0 -0.1797 2.0894 -2.0641 0.6825 1.75555e-05 -0.2774
6000.0 5.0 -0.1606 1.81 -1.6009 0.4718 2.00472e-05 -0.1609
6250.0 5.0 -0.0833 1.4178 -1.0639 0.2478 2.26729e-05 -0.0548
6500.0 5.0 0.0074 1.0462 -0.5981 0.0631 2.54413e-05 0.0422
7000.0 5.0 0.1451 0.5607 -0.0357 -0.1515 3.15073e-05 0.2127
7500.0 5.0 0.2066 0.3851 0.146 -0.2235 3.83449e-05 0.3578
8000.0 5.0 0.2148 0.435 0.0395 -0.1826 4.58986e-05 0.4823
8500.0 5.0 0.2587 0.4599 -0.1168 -0.0987 5.38743e-05 0.5904
9000.0 5.0 0.4387 0.0438 0.1978 -0.1752 6.14397e-05 0.6848
9500.0 5.0 0.5705 -0.2704 0.386 -0.1896 6.66189e-05 0.7679
10000.0 5.0 0.6111 -0.351 0.4057 -0.1751 7.21078e-05 0.8416
10500.0 5.0 0.6052 -0.3173 0.3467 -0.1498 7.77698e-05 0.9074
11000.0 5.0 0.6189 -0.3485 0.3562 -0.1486 8.34414e-05 0.9663
11500.0 5.0 0.6515 -0.4506 0.4486 -0.1789 8.91973e-05 1.0195
12000.0 5.0 0.6397 -0.4316 0.4236 -0.1689 9.47386e-05 1.0677
12500.0 5.0 0.6437 -0.463 0.4535 -0.1791 0.000100404 1.1114
13000.0 5.0 0.6466 -0.4915 0.4826 -0.1897 0.000106067 1.1514
13500.0 5.0 0.6119 -0.4302 0.4201 -0.1665 0.000111786 1.1881
14000.0 5.0 0.6504 -0.5404 0.5325 -0.2076 0.000117523 1.2218
14500.0 5.0 0.5661 -0.3587 0.3473 -0.1393 0.000123329 1.2529
15000.0 5.0 0.6549 -0.5871 0.5811 -0.2253 0.000129143 1.2816
15500.0 5.0 0.6555 -0.605 0.5999 -0.2322 0.000135032 1.3083
16000.0 5.0 0.5719 -0.4192 0.4088 -0.1613 0.000140999 1.3331
16500.0 5.0 0.6631 -0.6516 0.647 -0.249 0.000146989 1.3563
17000.0 5.0 0.6699 -0.6811 0.6771 -0.2599 0.000153074 1.3779
20000.0 5.0 0.7322 -0.8887 0.8835 -0.3333 0.000191221 1.4826
25000.0 5.0 0.9102 -1.3077 1.2655 -0.4619 0.000263763 1.5966
30000.0 5.0 0.9182 -1.2606 1.1475 -0.404 0.000364911 1.6697
35000.0 5.0 0.8583 -1.2725 1.1894 -0.4263 0.000486772 1.7205
40000.0 5.0 0.9481 -1.5953 1.5454 -0.5616 0.00058156 1.7578
45000.0 5.0 1.0568 -1.9041 1.8666 -0.6796 0.000661341 1.7864
50000.0 5.0 1.1615 -2.1726 2.1361 -0.7766 0.000735514 1.8089
55000.0 5.0 1.2508 -2.3839 2.3414 -0.8491 0.000804946 1.8272
60000.0 5.0 1.3265 -2.5501 2.4978 -0.9032 0.000872819 1.8423
3750.0 5.25 1.7851 -2.5511 2.1574 -0.7226 3.67953e-06 -1.8463
4000.0 5.25 1.7162 -2.4942 2.1436 -0.7263 4.56408e-06 -1.5565
4250.0 5.25 1.6931 -2.4652 2.1321 -0.7259 5.70101e-06 -1.3031
4500.0 5.25 1.6111 -2.1736 1.7988 -0.5947 7.12596e-06 -1.0799
4750.0 5.25 1.3807 -1.4991 1.0846 -0.3263 8.82717e-06 -0.882
5000.0 5.25 0.9503 -0.3333 -0.0925 0.1009 1.08904e-05 -0.7057
5250.0 5.25 0.4397 0.9479 -1.3239 0.5279 1.29656e-05 -0.5478
5500.0 5.25 0.0372 1.8441 -2.0946 0.7675 1.51864e-05 -0.4058
5750.0 5.25 -0.1458 2.1073 -2.1822 0.7509 1.75456e-05 -0.2774
6000.0 5.25 -0.175 1.9652 -1.8641 0.5922 2.00347e-05 -0.1609
6250.0 5.25 -0.1295 1.6538 -1.403 0.3919 2.26554e-05 -0.0548
6500.0 5.25 -0.0544 1.3046 -0.9401 0.2017 2.54124e-05 0.0422
7000.0 5.25 0.0904 0.7523 -0.2677 -0.0636 3.14198e-05 0.2127
7500.0 5.25 0.1677 0.506 0.005 -0.1706 3.81646e-05 0.3578
8000.0 5.25 0.1836 0.5134 -0.0454 -0.1511 4.56239e-05 0.4823
8500.0 5.25 0.2078 0.5777 -0.2266 -0.0634 5.35975e-05 0.5904
9000.0 5.25 0.3385 0.3129 -0.065 -0.0904 6.14089e-05 0.6848
9500.0 5.25 0.4984 -0.0991 0.2575 -0.1644 6.7368e-05 0.7679
10000.0 5.25 0.5699 -0.262 0.3298 -0.1526 7.22841e-05 0.8416
10500.0 5.25 0.5931 -0.3092 0.3477 -0.1516 7.79781e-05 0.9074
11000.0 5.25 0.6032 -0.3267 0.342 -0.145 8.36216e-05 0.9663
11500.0 5.25 0.6131 -0.3573 0.3568 -0.1465 8.92361e-05 1.0195
12000.0 5.25 0.6217 -0.3958 0.3887 -0.1562 9.48573e-05 1.0677
12500.0 5.25 0.6258 -0.427 0.4179 -0.1661 0.000100501 1.1114
13000.0 5.25 0.6274 -0.4521 0.4429 -0.175 0.000106148 1.1514
13500.0 5.25 0.6287 -0.476 0.4673 -0.1838 0.000111846 1.1881
14000.0 5.25 0.6288 -0.4961 0.4883 -0.1914 0.000117577 1.2218
14500.0 5.25 0.6296 -0.5165 0.5095 -0.1991 0.00012335 1.2529
15000.0 5.25 0.6289 -0.5326 0.5263 -0.2051 0.00012917 1.2816
15500.0 5.25 0.632 -0.5563 0.551 -0.2141 0.000135033 1.3083
16000.0 5.25 0.6339 -0.5762 0.5716 -0.2216 0.000140967 1.3331
16500.0 5.25 0.629 -0.5789 0.5744 -0.2224 0.000146962 1.3563
17000.0 5.25 0.6405 -0.6192 0.6151 -0.2371 0.000153012 1.3779
20000.0 5.25 0.6677 -0.7454 0.7391 -0.2803 0.000191008 1.4826
25000.0 5.25 0.8573 -1.1982 1.1578 -0.423 0.000262962 1.5966
30000.0 5.25 0.8643 -1.1554 1.0461 -0.3675 0.000361912 1.6697
35000.0 5.25 0.7542 -1.0546 0.9766 -0.3496 0.000481692 1.7205
40000.0 5.25 0.808 -1.3072 1.2679 -0.4626 0.000575293 1.7578
45000.0 5.25 0.8969 -1.5834 1.5617 -0.5718 0.000653388 1.7864
50000.0 5.25 0.9887 -1.8353 1.8196 -0.6655 0.000725541 1.8089
55000.0 5.25 1.0726 -2.0478 2.031 -0.7412 0.000792427 1.8272
60000.0 5.25 1.1477 -2.226 2.2035 -0.8018 0.000857195 1.8423
3750.0 5.5 1.8316 -2.6533 2.2613 -0.7609 3.74113e-06 -1.8463
4000.0 5.5 1.7317 -2.5306 2.182 -0.7408 4.60889e-06 -1.5565
4250.0 5.5 1.6983 -2.4841 2.1529 -0.7339 5.72846e-06 -1.3031
4500.0 5.5 1.6404 -2.2666 1.8998 -0.6332 7.13058e-06 -1.0799
4750.0 5.5 1.4493 -1.7016 1.2946 -0.4042 8.81747e-06 -0.882
5000.0 5.5 1.0871 -0.6992 0.2669 -0.0269 1.09001e-05 -0.7057
5250.0 5.5 0.6159 0.5104 -0.9148 0.3896 1.297e-05 -0.5478
5500.0 5.5 0.1688 1.5613 -1.8716 0.7048 1.51866e-05 -0.4058
5750.0 5.5 -0.0895 2.0496 -2.2097 0.7836 1.75438e-05 -0.2774
6000.0 5.5 -0.1699 2.0547 -2.0496 0.6828 2.00284e-05 -0.1609
6250.0 5.5 -0.1534 1.8248 -1.6733 0.5123 2.26449e-05 -0.0548
6500.0 5.5 -0.1027 1.5346 -1.263 0.3375 2.53942e-05 0.0422
7000.0 5.5 0.0314 0.9758 -0.5517 0.0489 3.13518e-05 0.2127
7500.0 5.5 0.1225 0.6593 -0.1821 -0.098 3.80107e-05 0.3578
8000.0 5.5 0.1488 0.6133 -0.1602 -0.1072 4.53748e-05 0.4823
8500.0 5.5 0.1623 0.6872 -0.3343 -0.0267 5.33106e-05 0.5904
9000.0 5.5 0.2739 0.4895 -0.2465 -0.0282 6.13452e-05 0.6848
9500.0 5.5 0.4618 -0.0086 0.1914 -0.155 6.82045e-05 0.7679
10000.0 5.5 0.572 -0.2889 0.3782 -0.1795 7.29392e-05 0.8416
10500.0 5.5 0.5809 -0.298 0.3445 -0.152 7.82579e-05 0.9074
11000.0 5.5 0.5912 -0.315 0.3387 -0.1454 8.38773e-05 0.9663
11500.0 5.5 0.5984 -0.3335 0.339 -0.1415 8.94772e-05 1.0195
12000.0 5.5 0.6071 -0.3681 0.3638 -0.1478 9.50541e-05 1.0677
12500.0 5.5 0.6104 -0.3955 0.3873 -0.1551 0.000100673 1.1114
13000.0 5.5 0.6111 -0.4181 0.4089 -0.1624 0.000106334 1.1514
13500.0 5.5 0.6146 -0.4474 0.4391 -0.1734 0.000111985 1.1881
14000.0 5.5 0.6117 -0.4606 0.453 -0.1785 0.000117709 1.2218
14500.0 5.5 0.612 -0.4799 0.473 -0.1856 0.000123474 1.2529
15000.0 5.5 0.6121 -0.4977 0.4914 -0.1922 0.00012928 1.2816
15500.0 5.5 0.6124 -0.5152 0.5099 -0.199 0.000135145 1.3083
16000.0 5.5 0.5827 -0.4619 0.4567 -0.1794 0.000141074 1.3331
16500.0 5.5 0.6148 -0.5503 0.5459 -0.2118 0.000147036 1.3563
17000.0 5.5 0.6178 -0.5706 0.5662 -0.219 0.00015309 1.3779
20000.0 5.5 0.6714 -0.7601 0.7548 -0.2861 0.000190955 1.4826
25000.0 5.5 0.8397 -1.1686 1.1313 -0.4138 0.00026254 1.5966
30000.0 5.5 0.82 -1.0672 0.9607 -0.3368 0.00036002 1.6697
35000.0 5.5 0.6686 -0.8716 0.796 -0.2842 0.000477922 1.7205
40000.0 5.5 0.6889 -1.0538 1.0198 -0.3732 0.000570452 1.7578
45000.0 5.5 0.7563 -1.2896 1.277 -0.4698 0.000647235 1.7864
50000.0 5.5 0.8329 -1.5157 1.513 -0.5565 0.000717784 1.8089
55000.0 5.5 0.906 -1.7123 1.7116 -0.6281 0.000782685 1.8272
60000.0 5.5 0.975 -1.8866 1.8842 -0.6897 0.00084524 1.8423
3750.0 5.75 1.8853 -2.7666 2.3746 -0.8023 3.80465e-06 -1.8463
4000.0 5.75 1.7509 -2.5715 2.2237 -0.7563 4.65942e-06 -1.5565
4250.0 5.75 1.7053 -2.5034 2.1731 -0.7415 5.76149e-06 -1.3031
4500.0 5.75 1.7298 -2.5506 2.2259 -0.7618 7.14597e-06 -1.0799
4750.0 5.75 1.4976 -1.8491 1.4504 -0.4627 8.81123e-06 -0.882
5000.0 5.75 1.2014 -1.0137 0.5814 -0.1404 1.09213e-05 -0.7057
5250.0 5.75 0.7808 0.089 -0.5112 0.25 1.29806e-05 -0.5478
5500.0 5.75 0.3182 1.2162 -1.5726 0.6113 1.51951e-05 -0.4058
5750.0 5.75 -0.0037 1.8966 -2.1252 0.7725 1.75503e-05 -0.2774
6000.0 5.75 -0.1348 2.0485 -2.1242 0.7307 2.00297e-05 -0.1609
6250.0 5.75 -0.1607 1.939 -1.8755 0.6062 2.26385e-05 -0.0548
6500.0 5.75 -0.1319 1.7119 -1.5327 0.4558 2.53836e-05 0.0422
7000.0 5.75 -0.024 1.2057 -0.8586 0.175 3.12996e-05 0.2127
7500.0 5.75 0.0732 0.8408 -0.413 -0.0056 3.78824e-05 0.3578
8000.0 5.75 0.1102 0.739 -0.3134 -0.0467 4.51549e-05 0.4823
8500.0 5.75 0.1207 0.7967 -0.4511 0.0159 5.30262e-05 0.5904
9000.0 5.75 0.21 0.666 -0.4305 0.0362 6.11522e-05 0.6848
9500.0 5.75 0.3603 0.2789 -0.0958 -0.0612 6.85747e-05 0.7679
10000.0 5.75 0.5065 -0.1297 0.2548 -0.1536 7.38613e-05 0.8416
10500.0 5.75 0.5669 -0.2775 0.3341 -0.152 7.86554e-05 0.9074
11000.0 5.75 0.5812 -0.3076 0.3394 -0.1471 8.41782e-05 0.9663
11500.0 5.75 0.5867 -0.3181 0.3309 -0.1402 8.97713e-05 1.0195
12000.0 5.75 0.5942 -0.3446 0.3444 -0.1419 9.53303e-05 1.0677
12500.0 5.75 0.5974 -0.3697 0.3639 -0.1472 0.000100894 1.1114
13000.0 5.75 0.5993 -0.394 0.3861 -0.1544 0.000106522 1.1514
13500.0 5.75 0.5991 -0.4137 0.4052 -0.1609 0.000112196 1.1881
14000.0 5.75 0.5987 -0.4326 0.4248 -0.168 0.00011791 1.2218
14500.0 5.75 0.5983 -0.4506 0.4436 -0.1748 0.000123669 1.2529
15000.0 5.75 0.5976 -0.4665 0.4601 -0.1807 0.000129476 1.2816
15500.0 5.75 0.5975 -0.483 0.4773 -0.1869 0.000135334 1.3083
16000.0 5.75 0.5981 -0.5001 0.4954 -0.1936 0.000141247 1.3331
16500.0 5.75 0.5994 -0.5172 0.5126 -0.1996 0.000147221 1.3563
17000.0 5.75 0.5601 -0.4414 0.4368 -0.1717 0.000153283 1.3779
20000.0 5.75 0.6522 -0.7176 0.7116 -0.2701 0.000191062 1.4826
25000.0 5.75 0.8352 -1.1639 1.1276 -0.4126 0.000262408 1.5966
30000.0 5.75 0.7842 -0.9945 0.8896 -0.3111 0.000358927 1.6697
35000.0 5.75 0.6007 -0.7242 0.6498 -0.231 0.000475217 1.7205
40000.0 5.75 0.5925 -0.8447 0.8134 -0.2985 0.000566608 1.7578
45000.0 5.75 0.6394 -1.0388 1.0312 -0.3813 0.000642275 1.7864
50000.0 5.75 0.7 -1.2338 1.2382 -0.4579 0.000711398 1.8089
55000.0 5.75 0.7614 -1.4101 1.4196 -0.5239 0.00077482 1.8272
60000.0 5.75 0.821 -1.5692 1.5793 -0.5812 0.000835706 1.8423
3750.0 6.0 1.9504 -2.9008 2.5064 -0.8501 3.87455e-06 -1.8463
4000.0 6.0 1.775 -2.6205 2.2727 -0.7743 4.71604e-06 -1.5565
4250.0 6.0 1.7136 -2.5219 2.1918 -0.7484 5.80031e-06 -1.3031
4500.0 6.0 1.7209 -2.5408 2.2187 -0.7598 7.16319e-06 -1.0799
4750.0 6.0 1.5434 -1.9879 1.5994 -0.5191 8.80923e-06 -0.882
5000.0 6.0 1.2943 -1.2737 0.8444 -0.2362 1.09398e-05 -0.7057
5250.0 6.0 0.9326 -0.3067 -0.1264 0.1147 1.30035e-05 -0.5478
5500.0 6.0 0.4768 0.8333 -1.2237 0.4962 1.52099e-05 -0.4058
5750.0 6.0 0.1045 1.6718 -1.9569 0.7284 1.75621e-05 -0.2774
6000.0 6.0 -0.0851 1.9903 -2.1345 0.753 2.00376e-05 -0.1609
6250.0 6.0 -0.1462 1.9817 -1.9944 0.6684 2.26421e-05 -0.0548
6500.0 6.0 -0.1416 1.8229 -1.7236 0.5436 2.53752e-05 0.0422
7000.0 6.0 -0.0658 1.4058 -1.1426 0.2959 3.12643e-05 0.2127
7500.0 6.0 0.0245 1.0362 -0.6717 0.1006 3.77802e-05 0.3578
8000.0 6.0 0.0706 0.8839 -0.4999 0.0293 4.49645e-05 0.4823
8500.0 6.0 0.0827 0.9115 -0.5858 0.0683 5.27582e-05 0.5904
9000.0 6.0 0.1471 0.8452 -0.6241 0.1066 6.09208e-05 0.6848
9500.0 6.0 0.2953 0.4765 -0.3107 0.0148 6.87297e-05 0.7679
10000.0 6.0 0.4675 -0.0233 0.1656 -0.1344 7.50168e-05 0.8416
10500.0 6.0 0.5435 -0.23 0.3085 -0.1536 7.9411e-05 0.9074
11000.0 6.0 0.5718 -0.2978 0.3369 -0.148 8.45821e-05 0.9663
11500.0 6.0 0.5781 -0.3107 0.3312 -0.1419 9.01219e-05 1.0195
12000.0 6.0 0.5824 -0.3238 0.3286 -0.1373 9.56619e-05 1.0677
12500.0 6.0 0.587 -0.3484 0.3452 -0.1411 0.000101222 1.1114
13000.0 6.0 0.5891 -0.3716 0.3646 -0.1469 0.000106824 1.1514
13500.0 6.0 0.5896 -0.3924 0.3844 -0.1535 0.000112475 1.1881
14000.0 6.0 0.5891 -0.411 0.4033 -0.1602 0.000118181 1.2218
14500.0 6.0 0.588 -0.4271 0.4198 -0.166 0.000123934 1.2529
15000.0 6.0 0.5873 -0.443 0.4363 -0.1719 0.000129739 1.2816
15500.0 6.0 0.5865 -0.4577 0.4515 -0.1773 0.000135597 1.3083
16000.0 6.0 0.5871 -0.4748 0.4694 -0.1838 0.000141512 1.3331
16500.0 6.0 0.5864 -0.4874 0.4821 -0.1883 0.000147487 1.3563
17000.0 6.0 0.5899 -0.509 0.504 -0.1961 0.000153526 1.3779
20000.0 6.0 0.6378 -0.6843 0.6776 -0.2575 0.000191304 1.4826
25000.0 6.0 0.8175 -1.1254 1.0893 -0.3987 0.000262526 1.5966
30000.0 6.0 0.7225 -0.8586 0.7544 -0.262 0.000358499 1.6697
35000.0 6.0 0.5478 -0.6085 0.5347 -0.1891 0.000473303 1.7205
40000.0 6.0 0.5158 -0.6754 0.6448 -0.2372 0.000563636 1.7578
45000.0 6.0 0.5441 -0.8296 0.8239 -0.3062 0.000638224 1.7864
50000.0 6.0 0.5912 -0.9978 1.0061 -0.3742 0.000705978 1.8089
55000.0 6.0 0.6409 -1.1513 1.1663 -0.4328 0.00076805 1.8272
60000.0 6.0 0.6943 -1.3022 1.3197 -0.4882 0.000831315 1.8423
65000.0 6.0 0.3034 -0.3026 0.327 -0.1319 0.000988803 1.8549
70000.0 6.0 0.3431 -0.4244 0.4536 -0.1781 0.00105254 1.8657
75000.0 6.0 0.386 -0.5458 0.5774 -0.223 0.00111623 1.875
80000.0 6.0 0.4312 -0.6662 0.6988 -0.2668 0.00118 1.8831
85000.0 6.0 0.4772 -0.7831 0.8152 -0.3086 0.00124397 1.8902
90000.0 6.0 0.5225 -0.8929 0.9228 -0.3469 0.00130828 1.8965
100000.0 6.0 0.6094 -1.0985 1.1243 -0.4188 0.0014393 1.9072
3750.0 6.25 2.0254 -3.0515 2.6524 -0.9025 3.94817e-06 -1.8463
4000.0 6.25 1.8057 -2.6815 2.3328 -0.7962 4.77868e-06 -1.5565
4250.0 6.25 1.7258 -2.5465 2.216 -0.7572 5.84445e-06 -1.3031
4500.0 6.25 1.7136 -2.5281 2.2058 -0.7551 7.18644e-06 -1.0799
4750.0 6.25 1.5831 -2.1063 1.7268 -0.5674 8.81128e-06 -0.882
5000.0 6.25 1.3403 -1.4062 0.9754 -0.2833 1.09767e-05 -0.7057
5250.0 6.25 1.0563 -0.6384 0.2013 -0.0022 1.30259e-05 -0.5478
5500.0 6.25 0.6369 0.4325 -0.8453 0.3671 1.52321e-05 -0.4058
5750.0 6.25 0.2327 1.3845 -1.7167 0.6561 1.7582e-05 -0.2774
6000.0 6.25 -0.0191 1.8818 -2.0875 0.7532 2.00528e-05 -0.1609
6250.0 6.25 -0.1183 1.9762 -2.0529 0.7063 2.26501e-05 -0.0548
6500.0 6.25 -0.1436 1.9033 -1.8747 0.6155 2.53749e-05 0.0422
7000.0 6.25 -0.0942 1.5629 -1.3773 0.3983 3.12361e-05 0.2127
7500.0 6.25 -0.0177 1.2242 -0.9328 0.211 3.76973e-05 0.3578
8000.0 6.25 0.0323 1.0406 -0.7115 0.1178 4.4801e-05 0.4823
8500.0 6.25 0.048 1.035 -0.7439 0.1332 5.25105e-05 0.5904
9000.0 6.25 0.0927 1.0097 -0.8112 0.1778 6.0657e-05 0.6848
9500.0 6.25 0.2305 0.6847 -0.5485 0.1037 6.87022e-05 0.7679
10000.0 6.25 0.3683 0.2823 -0.1565 -0.0241 7.5709e-05 0.8416
10500.0 6.25 0.498 -0.1093 0.2101 -0.1327 8.06135e-05 0.9074
11000.0 6.25 0.5577 -0.2711 0.3207 -0.1471 8.51828e-05 0.9663
11500.0 6.25 0.5707 -0.3026 0.3288 -0.1423 9.05665e-05 1.0195
12000.0 6.25 0.5746 -0.313 0.3233 -0.1368 9.6088e-05 1.0677
12500.0 6.25 0.5789 -0.3317 0.3312 -0.1369 0.000101628 1.1114
13000.0 6.25 0.5814 -0.3535 0.3477 -0.1412 0.000107204 1.1514
13500.0 6.25 0.582 -0.3736 0.3656 -0.1469 0.000112833 1.1881
14000.0 6.25 0.5812 -0.3903 0.3815 -0.1521 0.000118524 1.2218
14500.0 6.25 0.5803 -0.407 0.3987 -0.1582 0.000124267 1.2529
15000.0 6.25 0.5797 -0.4232 0.4154 -0.1641 0.00013007 1.2816
15500.0 6.25 0.5781 -0.4368 0.4302 -0.1696 0.000135928 1.3083
16000.0 6.25 0.5786 -0.4531 0.4464 -0.1751 0.000141846 1.3331
16500.0 6.25 0.5794 -0.4694 0.4633 -0.1812 0.000147824 1.3563
17000.0 6.25 0.5811 -0.4863 0.4798 -0.1869 0.00015387 1.3779
20000.0 6.25 0.6299 -0.6635 0.6557 -0.2493 0.000191658 1.4826
25000.0 6.25 0.8037 -1.093 1.0563 -0.3866 0.000262836 1.5966
30000.0 6.25 0.7318 -0.8847 0.7814 -0.2719 0.000358468 1.6697
35000.0 6.25 0.508 -0.5208 0.447 -0.1571 0.000472051 1.7205
40000.0 6.25 0.4564 -0.5431 0.5125 -0.1889 0.000561384 1.7578
45000.0 6.25 0.4699 -0.6648 0.66 -0.2467 0.00063494 1.7864
50000.0 6.25 0.5055 -0.8101 0.8204 -0.3069 0.000703141 1.8089
55000.0 6.25 0.5459 -0.9453 0.9636 -0.3597 0.000765156 1.8272
60000.0 6.25 0.5869 -1.0686 1.0901 -0.4055 0.000823954 1.8423
3750.0 6.5 2.1081 -3.2144 2.8086 -0.9583 4.02428e-06 -1.8463
4000.0 6.5 1.8443 -2.7576 2.407 -0.823 4.84758e-06 -1.5565
4250.0 6.5 1.74 -2.5731 2.2417 -0.7665 5.89507e-06 -1.3031
4500.0 6.5 1.7108 -2.522 2.199 -0.7525 7.21623e-06 -1.0799
4750.0 6.5 1.6115 -2.1893 1.8149 -0.6006 8.81825e-06 -0.882
5000.0 6.5 1.4039 -1.5984 1.1817 -0.3612 1.10102e-05 -0.7057
5250.0 6.5 1.1587 -0.9198 0.4836 -0.1043 1.30691e-05 -0.5478
5500.0 6.5 0.7885 0.0448 -0.4728 0.2377 1.52648e-05 -0.4058
5750.0 6.5 0.3763 1.0455 -1.4146 0.5587 1.76131e-05 -0.2774
6000.0 6.5 0.0684 1.7108 -1.9721 0.7277 2.00801e-05 -0.1609
6250.0 6.5 -0.0797 1.9364 -2.0716 0.7288 2.2673e-05 -0.0548
6500.0 6.5 -0.1233 1.9117 -1.9418 0.655 2.53879e-05 0.0422
7000.0 6.5 -0.107 1.669 -1.5521 0.4781 3.12247e-05 0.2127
7500.0 6.5 -0.0449 1.3737 -1.1569 0.3096 3.76413e-05 0.3578
8000.0 6.5 -0.0003 1.194 -0.9308 0.2127 4.46676e-05 0.4823
8500.0 6.5 0.019 1.1604 -0.919 0.2085 5.22965e-05 0.5904
9000.0 6.5 0.0499 1.1556 -0.9908 0.2499 6.04e-05 0.6848
9500.0 6.5 0.1675 0.8957 -0.7977 0.1999 6.85976e-05 0.7679
10000.0 6.5 0.3084 0.4917 -0.4031 0.0684 7.60649e-05 0.8416
10500.0 6.5 0.4305 0.103 -0.0071 -0.0629 8.19858e-05 0.9074
11000.0 6.5 0.5285 -0.1937 0.2589 -0.1354 8.62319e-05 0.9663
11500.0 6.5 0.5617 -0.2848 0.3153 -0.1393 9.11438e-05 1.0195
12000.0 6.5 0.5695 -0.3057 0.3195 -0.1361 9.65988e-05 1.0677
12500.0 6.5 0.5724 -0.318 0.3197 -0.1333 0.000102121 1.1114
13000.0 6.5 0.5689 -0.3216 0.315 -0.1294 0.000107686 1.1514
13500.0 6.5 0.5768 -0.3574 0.3482 -0.1405 0.000113284 1.1881
14000.0 6.5 0.5754 -0.3719 0.3608 -0.1442 0.000118953 1.2218
14500.0 6.5 0.5754 -0.391 0.3808 -0.1514 0.000124686 1.2529
15000.0 6.5 0.5746 -0.4065 0.3966 -0.1569 0.000130483 1.2816
15500.0 6.5 0.5729 -0.4195 0.4102 -0.1618 0.00013634 1.3083
16000.0 6.5 0.5729 -0.435 0.426 -0.1673 0.000142261 1.3331
16500.0 6.5 0.5738 -0.4517 0.4431 -0.1734 0.000148246 1.3563
17000.0 6.5 0.5754 -0.4691 0.4609 -0.1798 0.000154296 1.3779
20000.0 6.5 0.6239 -0.6447 0.6347 -0.2413 0.00019213 1.4826
25000.0 6.5 0.7953 -1.0711 1.0333 -0.3781 0.000263334 1.5966
30000.0 6.5 0.7143 -0.8468 0.7437 -0.2583 0.000358853 1.6697
35000.0 6.5 0.4776 -0.453 0.3791 -0.1323 0.000471305 1.7205
40000.0 6.5 0.4109 -0.4398 0.4086 -0.1509 0.000559656 1.7578
45000.0 6.5 0.4128 -0.5356 0.5304 -0.1993 0.000632319 1.7864
50000.0 6.5 0.4376 -0.6572 0.668 -0.2515 0.000699136 1.8089
55000.0 6.5 0.4688 -0.773 0.7925 -0.2976 0.000759759 1.8272
60000.0 6.5 0.5019 -0.8804 0.9041 -0.3383 0.000817301 1.8423
65000.0 6.5 0.0851 0.2072 -0.1908 0.058 0.000966974 1.8549
70000.0 6.5 0.0937 0.1479 -0.122 0.0317 0.0010261 1.8657
75000.0 6.5 0.1081 0.0823 -0.0495 0.0047 0.00108478 1.875
80000.0 6.5 0.1275 0.0105 0.0277 -0.0238 0.00114326 1.8831
85000.0 6.5 0.15 -0.0639 0.1057 -0.0524 0.00120165 1.8902
90000.0 6.5 0.1753 -0.1402 0.1845 -0.0811 0.00126012 1.8965
100000.0 6.5 0.2259 -0.2877 0.3356 -0.1359 0.00137807 1.9072
3750.0 6.75 2.1957 -3.381 2.9654 -1.0137 4.102e-06 -1.8463
4000.0 6.75 1.8919 -2.8511 2.4976 -0.8556 4.9223e-06 -1.5565
4250.0 6.75 1.7584 -2.6065 2.2736 -0.778 5.95176e-06 -1.3031
4500.0 6.75 1.7167 -2.5333 2.2093 -0.7561 7.25236e-06 -1.0799
4750.0 6.75 1.7266 -2.5124 2.17 -0.7373 8.83455e-06 -0.882
5000.0 6.75 1.4346 -1.6932 1.282 -0.3988 1.10554e-05 -0.7057
5250.0 6.75 1.2426 -1.152 0.7183 -0.1896 1.31059e-05 -0.5478
5500.0 6.75 0.9183 -0.2935 -0.1437 0.1217 1.53061e-05 -0.4058
5750.0 6.75 0.5258 0.6818 -1.0798 0.447 1.76525e-05 -0.2774
6000.0 6.75 0.1829 1.458 -1.7644 0.6664 2.01183e-05 -0.1609
6250.0 6.75 -0.0148 1.8212 -2.0088 0.7211 2.27019e-05 -0.0548
6500.0 6.75 -0.1015 1.9097 -1.9926 0.6873 2.54093e-05 0.0422
7000.0 6.75 -0.1126 1.7412 -1.6796 0.5376 3.12184e-05 0.2127
7500.0 6.75 -0.0646 1.4923 -1.3401 0.3912 3.75938e-05 0.3578
8000.0 6.75 -0.0212 1.319 -1.1246 0.2998 4.45617e-05 0.4823
8500.0 6.75 -0.0033 1.2775 -1.0942 0.2865 5.21081e-05 0.5904
9000.0 6.75 0.0208 1.277 -1.1569 0.3209 6.01582e-05 0.6848
9500.0 6.75 0.1136 1.0908 -1.0398 0.297 6.84276e-05 0.7679
10000.0 6.75 0.2553 0.6923 -0.6527 0.1667 7.62486e-05 0.8416
10500.0 6.75 0.3653 0.3383 -0.2813 0.038 8.29669e-05 0.9074
11000.0 6.75 0.4771 -0.03 0.0954 -0.0857 8.77595e-05 0.9663
11500.0 6.75 0.5421 -0.2283 0.2641 -0.1265 9.20493e-05 1.0195
12000.0 6.75 0.5636 -0.2906 0.3048 -0.1313 9.72072e-05 1.0677
12500.0 6.75 0.5698 -0.3117 0.3141 -0.1315 0.000102697 1.1114
13000.0 6.75 0.5719 -0.3265 0.3202 -0.1315 0.000108235 1.1514
13500.0 6.75 0.5729 -0.3423 0.3308 -0.1338 0.000113827 1.1881
14000.0 6.75 0.5731 -0.3597 0.346 -0.1385 0.000119474 1.2218
14500.0 6.75 0.5718 -0.3742 0.36 -0.143 0.000125189 1.2529
15000.0 6.75 0.5714 -0.3916 0.3782 -0.1496 0.000130976 1.2816
15500.0 6.75 0.571 -0.4077 0.3951 -0.1556 0.000136829 1.3083
16000.0 6.75 0.5706 -0.4223 0.4101 -0.1609 0.000142751 1.3331
16500.0 6.75 0.5719 -0.4403 0.4287 -0.1677 0.000148739 1.3563
17000.0 6.75 0.5727 -0.4553 0.4437 -0.1729 0.0001548 1.3779
20000.0 6.75 0.6203 -0.6289 0.6156 -0.2337 0.000192699 1.4826
25000.0 6.75 0.7872 -1.0476 1.0075 -0.3682 0.000263994 1.5966
30000.0 6.75 0.6812 -0.772 0.668 -0.2305 0.00035962 1.6697
35000.0 6.75 0.4554 -0.403 0.3287 -0.1138 0.000470983 1.7205
40000.0 6.75 0.3783 -0.3646 0.3326 -0.123 0.000558381 1.7578
45000.0 6.75 0.3695 -0.4363 0.4305 -0.1628 0.000630176 1.7864
50000.0 6.75 0.3857 -0.5383 0.5484 -0.2079 0.000696059 1.8089
55000.0 6.75 0.4086 -0.6382 0.6583 -0.2488 0.000756436 1.8272
60000.0 6.75 0.4355 -0.7304 0.7546 -0.2839 0.000811595 1.8423
3750.0 7.0 2.284 -3.5417 3.1134 -1.0653 4.18016e-06 -1.8463
4000.0 7.0 1.9491 -2.9634 2.6058 -0.8944 5.00209e-06 -1.5565
4250.0 7.0 1.7811 -2.648 2.3134 -0.7922 6.01492e-06 -1.3031
4500.0 7.0 1.7231 -2.543 2.2176 -0.7589 7.29531e-06 -1.0799
4750.0 7.0 1.7476 -2.6011 2.281 -0.7831 8.85735e-06 -0.882
5000.0 7.0 1.462 -1.7775 1.372 -0.4327 1.11022e-05 -0.7057
5250.0 7.0 1.2902 -1.2962 0.8689 -0.2457 1.31564e-05 -0.5478
5500.0 7.0 1.0377 -0.6094 0.1681 0.0106 1.53619e-05 -0.4058
5750.0 7.0 0.6723 0.3157 -0.7338 0.3285 1.77026e-05 -0.2774
6000.0 7.0 0.3135 1.1566 -1.5021 0.5838 2.01681e-05 -0.1609
6250.0 7.0 0.066 1.6615 -1.8979 0.6952 2.27476e-05 -0.0548
6500.0 7.0 -0.0567 1.8422 -1.9728 0.6934 2.54471e-05 0.0422
7000.0 7.0 -0.1058 1.7696 -1.7531 0.5757 3.12327e-05 0.2127
7500.0 7.0 -0.0698 1.5597 -1.4606 0.4483 3.75715e-05 0.3578
8000.0 7.0 -0.0346 1.4157 -1.2823 0.3723 4.44823e-05 0.4823
8500.0 7.0 -0.0142 1.3676 -1.246 0.3577 5.19585e-05 0.5904
9000.0 7.0 0.0067 1.3686 -1.3034 0.3885 5.99436e-05 0.6848
9500.0 7.0 0.0762 1.2473 -1.2503 0.3858 6.82304e-05 0.7679
10000.0 7.0 0.2111 0.8792 -0.8994 0.2683 7.6314e-05 0.8416
10500.0 7.0 0.3219 0.5264 -0.5272 0.1366 8.35151e-05 0.9074
11000.0 7.0 0.4143 0.2037 -0.1756 0.013 8.93742e-05 0.9663
11500.0 7.0 0.5036 -0.0983 0.1308 -0.0855 9.35305e-05 1.0195
12000.0 7.0 0.5511 -0.2475 0.2596 -0.1173 9.80779e-05 1.0677
12500.0 7.0 0.5679 -0.3015 0.3008 -0.1262 0.000103382 1.1114
13000.0 7.0 0.5726 -0.323 0.3144 -0.1289 0.000108903 1.1514
13500.0 7.0 0.5739 -0.3387 0.3248 -0.1312 0.000114461 1.1881
14000.0 7.0 0.5744 -0.3544 0.3369 -0.1344 0.000120088 1.2218
14500.0 7.0 0.5716 -0.3646 0.3459 -0.1371 0.000125805 1.2529
15000.0 7.0 0.5699 -0.3781 0.3596 -0.1418 0.000131582 1.2816
15500.0 7.0 0.5717 -0.3994 0.3818 -0.1498 0.000137421 1.3083
16000.0 7.0 0.572 -0.4165 0.4 -0.1564 0.000143338 1.3331
16500.0 7.0 0.5729 -0.4331 0.417 -0.1624 0.000149331 1.3563
17000.0 7.0 0.5723 -0.445 0.4289 -0.1665 0.000155402 1.3779
20000.0 7.0 0.6223 -0.6247 0.6076 -0.23 0.000193372 1.4826
25000.0 7.0 0.7838 -1.0335 0.9905 -0.3615 0.000264833 1.5966
30000.0 7.0 0.689 -0.7893 0.6849 -0.2366 0.000360568 1.6697
35000.0 7.0 0.4375 -0.3622 0.2878 -0.0988 0.000471056 1.7205
40000.0 7.0 0.3529 -0.3055 0.2727 -0.101 0.000557533 1.7578
45000.0 7.0 0.3387 -0.3643 0.3574 -0.136 0.00062855 1.7864
50000.0 7.0 0.3468 -0.4479 0.4573 -0.1746 0.000693318 1.8089
55000.0 7.0 0.3637 -0.5313 0.5497 -0.209 0.000751072 1.8272
60000.0 7.0 0.3843 -0.6121 0.6358 -0.2406 0.000806133 1.8423
65000.0 7.0 -0.0283 0.4894 -0.484 0.1667 0.000951895 1.8549
70000.0 7.0 -0.0433 0.483 -0.467 0.1591 0.00100751 1.8657
75000.0 7.0 -0.051 0.4646 -0.4393 0.1478 0.0010624 1.875
80000.0 7.0 -0.0531 0.438 -0.4052 0.1345 0.00111687 1.8831
85000.0 7.0 -0.0507 0.4052 -0.3662 0.1196 0.00117114 1.8902
90000.0 7.0 -0.0446 0.3671 -0.3232 0.1035 0.00122526 1.8965
100000.0 7.0 -0.03 0.2899 -0.2368 0.071 0.00133392 1.9072
3750.0 7.25 2.3701 -3.6887 3.2445 -1.1102 4.25599e-06 -1.8463
4000.0 7.25 2.0152 -3.0916 2.7285 -0.9381 5.08578e-06 -1.5565
4250.0 7.25 1.8096 -2.7006 2.3636 -0.8102 6.08434e-06 -1.3031
4500.0 7.25 1.7343 -2.5615 2.2345 -0.7648 7.34457e-06 -1.0799
4750.0 7.25 1.7236 -2.5473 2.227 -0.7634 8.88358e-06 -0.882
5000.0 7.25 1.4944 -1.8689 1.4685 -0.4688 1.11512e-05 -0.7057
5250.0 7.25 1.3457 -1.4514 1.0289 -0.3045 1.3217e-05 -0.5478
5500.0 7.25 1.1199 -0.8374 0.3985 -0.0732 1.5421e-05 -0.4058
5750.0 7.25 0.8062 -0.0256 -0.4059 0.2144 1.77651e-05 -0.2774
6000.0 7.25 0.4525 0.826 -1.2038 0.4861 2.02289e-05 -0.1609
6250.0 7.25 0.1656 1.4501 -1.7335 0.6498 2.28047e-05 -0.0548
6500.0 7.25 -0.0012 1.7476 -1.9261 0.6901 2.54962e-05 0.0422
7000.0 7.25 -0.0965 1.785 -1.8072 0.6053 3.12605e-05 0.2127
7500.0 7.25 -0.0715 1.6035 -1.544 0.4885 3.7561e-05 0.3578
8000.0 7.25 -0.0382 1.4717 -1.3859 0.4224 4.44116e-05 0.4823
8500.0 7.25 -0.0191 1.4333 -1.3653 0.4153 5.18166e-05 0.5904
9000.0 7.25 0.0035 1.4305 -1.419 0.4451 5.97337e-05 0.6848
9500.0 7.25 0.0636 1.3392 -1.3975 0.4536 6.80164e-05 0.7679
10000.0 7.25 0.1817 1.0327 -1.1188 0.3632 7.62615e-05 0.8416
10500.0 7.25 0.296 0.6741 -0.7417 0.2282 8.38368e-05 0.9074
11000.0 7.25 0.3746 0.3978 -0.4356 0.1177 9.0441e-05 0.9663
11500.0 7.25 0.4544 0.1017 -0.1067 0.0015 9.54104e-05 1.0195
12000.0 7.25 0.524 -0.1401 0.1385 -0.0766 9.9459e-05 1.0677
12500.0 7.25 0.5609 -0.2644 0.2536 -0.1086 0.000104243 1.1114
13000.0 7.25 0.5757 -0.3194 0.304 -0.1235 0.000109632 1.1514
13500.0 7.25 0.5798 -0.3444 0.3261 -0.1306 0.000115184 1.1881
14000.0 7.25 0.5794 -0.3578 0.3362 -0.1332 0.000120796 1.2218
14500.0 7.25 0.5796 -0.3736 0.3504 -0.1378 0.000126487 1.2529
15000.0 7.25 0.5798 -0.3907 0.3671 -0.1434 0.00013224 1.2816
15500.0 7.25 0.5777 -0.4026 0.3798 -0.148 0.000138078 1.3083
16000.0 7.25 0.5769 -0.4165 0.3943 -0.1531 0.00014399 1.3331
16500.0 7.25 0.5766 -0.4306 0.409 -0.1584 0.000149983 1.3563
17000.0 7.25 0.5789 -0.4493 0.4279 -0.165 0.000156051 1.3779
20000.0 7.25 0.6262 -0.6234 0.6018 -0.2271 0.000194098 1.4826
25000.0 7.25 0.7821 -1.0218 0.9753 -0.3552 0.000265782 1.5966
30000.0 7.25 0.6807 -0.7696 0.6645 -0.229 0.000361778 1.6697
35000.0 7.25 0.4304 -0.3453 0.2701 -0.0922 0.000471345 1.7205
40000.0 7.25 0.3382 -0.2695 0.2355 -0.0873 0.000556938 1.7578
45000.0 7.25 0.3155 -0.3078 0.2995 -0.1147 0.00062721 1.7864
50000.0 7.25 0.3184 -0.3789 0.3866 -0.1485 0.000690578 1.8089
55000.0 7.25 0.3305 -0.4519 0.4689 -0.1794 0.000747627 1.8272
60000.0 7.25 0.3467 -0.5234 0.5461 -0.2078 0.00080259 1.8423
3750.0 7.5 2.4493 -3.8083 3.3433 -1.1424 4.33064e-06 -1.8463
4000.0 7.5 2.0881 -3.2304 2.8597 -0.9846 5.17264e-06 -1.5565
4250.0 7.5 1.8451 -2.767 2.4274 -0.8331 6.1603e-06 -1.3031
4500.0 7.5 1.7485 -2.5849 2.256 -0.7724 7.40097e-06 -1.0799
4750.0 7.5 1.7247 -2.5466 2.2249 -0.7625 8.91635e-06 -0.882
5000.0 7.5 1.5287 -1.9603 1.5642 -0.5046 1.12097e-05 -0.7057
5250.0 7.5 1.3768 -1.545 1.1282 -0.3418 1.32809e-05 -0.5478
5500.0 7.5 1.1957 -1.0449 0.6088 -0.1497 1.54946e-05 -0.4058
5750.0 7.5 0.9225 -0.3297 -0.1076 0.1085 1.78371e-05 -0.2774
6000.0 7.5 0.5915 0.4863 -0.8884 0.3797 2.03055e-05 -0.1609
6250.0 7.5 0.2834 1.1871 -1.5125 0.5826 2.28801e-05 -0.0548
6500.0 7.5 0.0719 1.6077 -1.8347 0.6711 2.55672e-05 0.0422
7000.0 7.5 -0.0769 1.7704 -1.828 0.6224 3.13024e-05 0.2127
7500.0 7.5 -0.0706 1.6286 -1.5974 0.5152 3.75755e-05 0.3578
8000.0 7.5 -0.0367 1.4998 -1.4478 0.454 4.43721e-05 0.4823
8500.0 7.5 -0.0153 1.463 -1.4367 0.4529 5.17135e-05 0.5904
9000.0 7.5 0.01 1.4591 -1.4945 0.4859 5.95672e-05 0.6848
9500.0 7.5 0.0627 1.3959 -1.5068 0.5077 6.78037e-05 0.7679
10000.0 7.5 0.1757 1.1206 -1.2706 0.4344 7.61649e-05 0.8416
10500.0 7.5 0.2924 0.7639 -0.9005 0.3022 8.40487e-05 0.9074
11000.0 7.5 0.3681 0.5026 -0.6126 0.1972 9.10887e-05 0.9663
11500.0 7.5 0.4284 0.2705 -0.346 0.0999 9.7114e-05 1.0195
12000.0 7.5 0.4928 0.0164 -0.0597 -0.0019 0.000101443 1.0677
12500.0 7.5 0.545 -0.177 0.142 -0.0674 0.000105608 1.1114
13000.0 7.5 0.5757 -0.2918 0.2587 -0.1043 0.000110571 1.1514
13500.0 7.5 0.5883 -0.348 0.3179 -0.1247 0.000116023 1.1881
14000.0 7.5 0.5909 -0.3735 0.3447 -0.1345 0.000121621 1.2218
14500.0 7.5 0.5898 -0.388 0.3594 -0.1397 0.000127278 1.2529
15000.0 7.5 0.5882 -0.4002 0.3715 -0.144 0.000132981 1.2816
15500.0 7.5 0.58 -0.3961 0.3672 -0.142 0.000138876 1.3083
16000.0 7.5 0.578 -0.4077 0.3797 -0.1465 0.000144785 1.3331
16500.0 7.5 0.5803 -0.4278 0.4005 -0.1541 0.000150766 1.3563
17000.0 7.5 0.5829 -0.4474 0.4205 -0.1612 0.000156833 1.3779
20000.0 7.5 0.6331 -0.6283 0.6017 -0.226 0.000194938 1.4826
25000.0 7.5 0.7878 -1.0265 0.9764 -0.3548 0.000266888 1.5966
30000.0 7.5 0.6746 -0.7546 0.6488 -0.2231 0.000363263 1.6697
35000.0 7.5 0.4208 -0.3224 0.2469 -0.0837 0.000471975 1.7205
40000.0 7.5 0.3262 -0.239 0.2037 -0.0754 0.000556702 1.7578
45000.0 7.5 0.2956 -0.2583 0.2482 -0.0956 0.00062631 1.7864
50000.0 7.5 0.298 -0.3278 0.3338 -0.129 0.000688926 1.8089
55000.0 7.5 0.306 -0.3918 0.4073 -0.1567 0.000745522 1.8272
60000.0 7.5 0.3178 -0.4525 0.4735 -0.1811 0.000798347 1.8423
65000.0 7.5 -0.1655 0.7155 -0.6997 0.2453 0.000897435 1.8549
70000.0 7.5 -0.1906 0.7373 -0.7133 0.2493 0.000948896 1.8657
75000.0 7.5 -0.2092 0.7479 -0.7163 0.2493 0.00099933 1.875
80000.0 7.5 -0.2233 0.7525 -0.7151 0.2483 0.00104876 1.8831
85000.0 7.5 -0.2326 0.7489 -0.706 0.2443 0.00109811 1.8902
90000.0 7.5 -0.2381 0.7384 -0.6905 0.238 0.00114705 1.8965
100000.0 7.5 -0.2475 0.7182 -0.6616 0.2264 0.00124485 1.9072
3750.0 7.75 2.5169 -3.8952 3.4082 -1.1621 4.39856e-06 -1.8463
4000.0 7.75 2.1671 -3.3776 2.9973 -1.033 5.26146e-06 -1.5565
4250.0 7.75 1.8886 -2.8493 2.5063 -0.8613 6.24203e-06 -1.3031
4500.0 7.75 1.7664 -2.6148 2.2839 -0.7823 7.46464e-06 -1.0799
4750.0 7.75 1.7305 -2.5543 2.2309 -0.7644 8.95622e-06 -0.882
5000.0 7.75 1.5689 -2.0628 1.6708 -0.5442 1.12726e-05 -0.7057
5250.0 7.75 1.3985 -1.6108 1.1983 -0.3682 1.33465e-05 -0.5478
5500.0 7.75 1.2409 -1.1772 0.7467 -0.2008 1.55747e-05 -0.4058
5750.0 7.75 1.0173 -0.582 0.1432 0.0186 1.79294e-05 -0.2774
6000.0 7.75 0.7223 0.1591 -0.5776 0.2725 2.03967e-05 -0.1609
6250.0 7.75 0.4134 0.8831 -1.242 0.495 2.29741e-05 -0.0548
6500.0 7.75 0.1704 1.397 -1.6672 0.6234 2.56544e-05 0.0422
7000.0 7.75 -0.0473 1.732 -1.8269 0.6324 3.13683e-05 0.2127
7500.0 7.75 -0.0597 1.6223 -1.6144 0.5279 3.76025e-05 0.3578
8000.0 7.75 -0.0329 1.508 -1.4771 0.4708 4.43567e-05 0.4823
8500.0 7.75 -0.011 1.4746 -1.4744 0.4744 5.16323e-05 0.5904
9000.0 7.75 0.0135 1.4809 -1.5495 0.5155 5.94092e-05 0.6848
9500.0 7.75 0.0769 1.4008 -1.5535 0.5369 6.76133e-05 0.7679
10000.0 7.75 0.1806 1.1724 -1.3798 0.4894 7.60155e-05 0.8416
10500.0 7.75 0.3049 0.8081 -1.011 0.3591 8.4149e-05 0.9074
11000.0 7.75 0.3902 0.5245 -0.7031 0.2465 9.15468e-05 0.9663
11500.0 7.75 0.4458 0.3202 -0.4712 0.1614 9.81666e-05 1.0195
12000.0 7.75 0.4912 0.1241 -0.2381 0.0753 0.000103588 1.0677
12500.0 7.75 0.5369 -0.0763 -0.0062 -0.0082 0.000107632 1.1114
13000.0 7.75 0.5746 -0.233 0.1655 -0.0661 0.000111959 1.1514
13500.0 7.75 0.5982 -0.3363 0.2807 -0.1061 0.000117048 1.1881
14000.0 7.75 0.6078 -0.3927 0.3481 -0.1317 0.000122547 1.2218
14500.0 7.75 0.6078 -0.4164 0.3781 -0.1439 0.000128196 1.2529
15000.0 7.75 0.6041 -0.4257 0.39 -0.1489 0.000133963 1.2816
15500.0 7.75 0.6019 -0.4369 0.4027 -0.1536 0.000139709 1.3083
16000.0 7.75 0.6015 -0.4505 0.4168 -0.1587 0.00014565 1.3331
16500.0 7.75 0.601 -0.4644 0.4318 -0.1642 0.000151629 1.3563
17000.0 7.75 0.6047 -0.4864 0.4542 -0.1722 0.000157686 1.3779
20000.0 7.75 0.6472 -0.6497 0.6182 -0.2309 0.00019586 1.4826
25000.0 7.75 0.7906 -1.0252 0.9719 -0.3526 0.000268161 1.5966
30000.0 7.75 0.6722 -0.7471 0.6404 -0.2199 0.000364963 1.6697
35000.0 7.75 0.4168 -0.3119 0.2359 -0.0796 0.000472829 1.7205
40000.0 7.75 0.3191 -0.2193 0.1825 -0.0673 0.000556736 1.7578
45000.0 7.75 0.2899 -0.2411 0.2293 -0.0884 0.000625649 1.7864
50000.0 7.75 0.2838 -0.2897 0.2934 -0.1138 0.000687018 1.8089
55000.0 7.75 0.2883 -0.3449 0.3581 -0.1384 0.000742317 1.8272
60000.0 7.75 0.297 -0.3995 0.4184 -0.1607 0.00079596 1.8423
65000.0 7.75 -0.0536 0.5874 -0.5992 0.212 0.000937268 1.8549
70000.0 7.75 -0.0854 0.6221 -0.6236 0.2194 0.000989127 1.8657
75000.0 7.75 -0.1112 0.6476 -0.6404 0.2243 0.0010399 1.875
80000.0 7.75 -0.1321 0.6653 -0.6506 0.2271 0.0010896 1.8831
85000.0 7.75 -0.1483 0.675 -0.6536 0.2272 0.00113919 1.8902
90000.0 7.75 -0.1608 0.6785 -0.651 0.2255 0.00118833 1.8965
100000.0 7.75 -0.1841 0.6865 -0.6487 0.2234 0.0012864 1.9072
3750.0 8.0 2.5657 -3.9355 3.4263 -1.1649 4.46672e-06 -1.8463
4000.0 8.0 2.2478 -3.5213 3.1283 -1.0784 5.35059e-06 -1.5565
4250.0 8.0 1.9409 -2.9488 2.6014 -0.8953 6.32849e-06 -1.3031
4500.0 8.0 1.7907 -2.6583 2.3254 -0.7972 7.53469e-06 -1.0799
4750.0 8.0 1.7381 -2.5635 2.2383 -0.7668 9.00371e-06 -0.882
5000.0 8.0 1.6183 -2.1873 1.8014 -0.5931 1.13421e-05 -0.7057
5250.0 8.0 1.4348 -1.706 1.296 -0.404 1.34211e-05 -0.5478
5500.0 8.0 1.2919 -1.317 0.891 -0.2538 1.56628e-05 -0.4058
5750.0 8.0 1.1034 -0.8085 0.3687 -0.0623 1.8031e-05 -0.2774
6000.0 8.0 0.8381 -0.1357 -0.2931 0.1728 2.05038e-05 -0.1609
6250.0 8.0 0.5461 0.5632 -0.9477 0.3965 2.30836e-05 -0.0548
6500.0 8.0 0.2829 1.1469 -1.4573 0.5596 2.57623e-05 0.0422
7000.0 8.0 -0.0085 1.6736 -1.8089 0.6372 3.14562e-05 0.2127
7500.0 8.0 -0.0456 1.6074 -1.622 0.5371 3.76576e-05 0.3578
8000.0 8.0 -0.0357 1.5239 -1.5042 0.4837 4.43616e-05 0.4823
8500.0 8.0 -0.0047 1.4656 -1.4772 0.4796 5.15774e-05 0.5904
9000.0 8.0 0.0231 1.469 -1.5546 0.5232 5.92836e-05 0.6848
9500.0 8.0 0.0887 1.3967 -1.5771 0.554 6.74398e-05 0.7679
10000.0 8.0 0.1984 1.1736 -1.4242 0.5177 7.58549e-05 0.8416
10500.0 8.0 0.3304 0.8094 -1.0701 0.396 8.41796e-05 0.9074
11000.0 8.0 0.4275 0.4979 -0.7374 0.2747 9.18783e-05 0.9663
11500.0 8.0 0.4932 0.2746 -0.4913 0.1846 9.88854e-05 1.0195
12000.0 8.0 0.5387 0.0971 -0.2843 0.1078 0.000105147 1.0677
12500.0 8.0 0.5675 -0.0559 -0.0939 0.0362 0.000110052 1.1114
13000.0 8.0 0.5926 -0.1962 0.0763 -0.0258 0.000114045 1.1514
13500.0 8.0 0.6132 -0.3101 0.2109 -0.0733 0.000118562 1.1881
14000.0 8.0 0.6295 -0.4018 0.3236 -0.1153 0.000123694 1.2218
14500.0 8.0 0.6338 -0.4513 0.3912 -0.1431 0.000129237 1.2529
15000.0 8.0 0.6303 -0.4706 0.4219 -0.1568 0.000134957 1.2816
15500.0 8.0 0.6253 -0.48 0.4387 -0.165 0.000140677 1.3083
16000.0 8.0 0.6209 -0.4859 0.4474 -0.1688 0.000146599 1.3331
16500.0 8.0 0.6004 -0.4534 0.4166 -0.1578 0.000152665 1.3563
17000.0 8.0 0.6205 -0.5118 0.4746 -0.1786 0.000158682 1.3779
20000.0 8.0 0.6571 -0.6624 0.6269 -0.2333 0.000196915 1.4826
25000.0 8.0 0.7975 -1.0322 0.9755 -0.3532 0.000269563 1.5966
30000.0 8.0 0.6699 -0.7399 0.6326 -0.217 0.000366889 1.6697
35000.0 8.0 0.415 -0.3061 0.2296 -0.0772 0.000473891 1.7205
40000.0 8.0 0.3158 -0.2081 0.17 -0.0626 0.000556978 1.7578
45000.0 8.0 0.2838 -0.2219 0.2081 -0.0803 0.000625291 1.7864
50000.0 8.0 0.2751 -0.2643 0.2661 -0.1036 0.000686039 1.8089
55000.0 8.0 0.2765 -0.3121 0.3232 -0.1253 0.000740799 1.8272
60000.0 8.0 0.2824 -0.3603 0.3773 -0.1455 0.000793072 1.8423
3750.0 8.25 2.5976 -3.9222 3.3862 -1.1457 4.52405e-06 -1.8463
4000.0 8.25 2.3269 -3.6541 3.2462 -1.1187 5.43874e-06 -1.5565
4250.0 8.25 2.0019 -3.0642 2.711 -0.9342 6.41875e-06 -1.3031
4500.0 8.25 1.82 -2.7107 2.3753 -0.815 7.61118e-06 -1.0799
4750.0 8.25 1.7451 -2.5695 2.2425 -0.7681 9.05891e-06 -0.882
5000.0 8.25 1.6787 -2.3408 1.9642 -0.6546 1.1417e-05 -0.7057
5250.0 8.25 1.4647 -1.7812 1.3731 -0.4325 1.35024e-05 -0.5478
5500.0 8.25 1.3236 -1.4069 0.985 -0.2888 1.57572e-05 -0.4058
5750.0 8.25 1.1493 -0.9435 0.5103 -0.115 1.81418e-05 -0.2774
6000.0 8.25 0.9363 -0.3885 -0.0458 0.0853 2.06281e-05 -0.1609
6250.0 8.25 0.6695 0.259 -0.6611 0.2982 2.32118e-05 -0.0548
6500.0 8.25 0.405 0.8653 -1.2091 0.4798 2.58919e-05 0.0422
7000.0 8.25 0.0488 1.5709 -1.7498 0.6284 3.15723e-05 0.2127
7500.0 8.25 -0.0278 1.5844 -1.6223 0.5439 3.7739e-05 0.3578
8000.0 8.25 -0.0171 1.4815 -1.4712 0.4755 4.43974e-05 0.4823
8500.0 8.25 0.0048 1.4372 -1.4497 0.471 5.15492e-05 0.5904
9000.0 8.25 0.0315 1.4438 -1.5307 0.5162 5.91808e-05 0.6848
9500.0 8.25 0.0949 1.3887 -1.5798 0.5589 6.72762e-05 0.7679
10000.0 8.25 0.2102 1.1737 -1.452 0.5359 7.56836e-05 0.8416
10500.0 8.25 0.3532 0.8059 -1.1131 0.4241 8.41225e-05 0.9074
11000.0 8.25 0.4726 0.4399 -0.7299 0.2855 9.21158e-05 0.9663
11500.0 8.25 0.5524 0.1822 -0.4525 0.1844 9.94316e-05 1.0195
12000.0 8.25 0.6126 -0.0231 -0.2229 0.0998 0.000106163 1.0677
12500.0 8.25 0.6455 -0.17 -0.0439 0.0321 0.000112109 1.1114
13000.0 8.25 0.6555 -0.2694 0.0904 -0.0196 0.000116669 1.1514
13500.0 8.25 0.6609 -0.3521 0.2012 -0.061 0.000120708 1.1881
14000.0 8.25 0.6673 -0.4297 0.3037 -0.0989 0.000125297 1.2218
14500.0 8.25 0.6699 -0.4897 0.3898 -0.1333 0.000130517 1.2529
15000.0 8.25 0.6663 -0.5245 0.4487 -0.1595 0.000136102 1.2816
15500.0 8.25 0.6575 -0.5342 0.4748 -0.1729 0.000141844 1.3083
16000.0 8.25 0.6491 -0.5372 0.4884 -0.181 0.000147703 1.3331
16500.0 8.25 0.6436 -0.5416 0.4982 -0.186 0.000153634 1.3563
17000.0 8.25 0.6389 -0.5433 0.5008 -0.187 0.000159831 1.3779
20000.0 8.25 0.676 -0.6951 0.6553 -0.2427 0.000198048 1.4826
25000.0 8.25 0.8013 -1.0342 0.9755 -0.3529 0.000271118 1.5966
30000.0 8.25 0.6689 -0.7348 0.6264 -0.2146 0.000368996 1.6697
35000.0 8.25 0.4161 -0.3066 0.2293 -0.0769 0.000475122 1.7205
40000.0 8.25 0.3083 -0.1891 0.1511 -0.0558 0.000557482 1.7578
45000.0 8.25 0.2813 -0.2108 0.1951 -0.0752 0.000625157 1.7864
50000.0 8.25 0.2704 -0.2473 0.2469 -0.0962 0.000685021 1.8089
55000.0 8.25 0.269 -0.2884 0.2971 -0.1154 0.000739604 1.8272
60000.0 8.25 0.2724 -0.3301 0.3445 -0.133 0.00079047 1.8423
65000.0 8.25 -0.0165 0.5236 -0.5434 0.1932 0.000930942 1.8549
70000.0 8.25 -0.051 0.567 -0.5777 0.2044 0.000981158 1.8657
75000.0 8.25 -0.0802 0.6029 -0.6059 0.2136 0.00103009 1.875
80000.0 8.25 -0.1047 0.6303 -0.6259 0.2199 0.00107793 1.8831
85000.0 8.25 -0.1259 0.6538 -0.6437 0.2257 0.00112503 1.8902
90000.0 8.25 -0.1436 0.6708 -0.6551 0.2291 0.00117193 1.8965
100000.0 8.25 -0.1774 0.7055 -0.6801 0.2369 0.00126486 1.9072
3750.0 8.5 2.6079 -3.8576 3.2955 -1.1085 4.57266e-06 -1.8463
4000.0 8.5 2.4008 -3.7669 3.3409 -1.1499 5.52449e-06 -1.5565
4250.0 8.5 2.0703 -3.1916 2.8305 -0.9764 6.51161e-06 -1.3031
4500.0 8.5 1.8555 -2.7757 2.4373 -0.8372 7.69417e-06 -1.0799
4750.0 8.5 1.7601 -2.5925 2.2634 -0.7755 9.12176e-06 -0.882
5000.0 8.5 1.6664 -2.2879 1.8984 -0.6278 1.14929e-05 -0.7057
5250.0 8.5 1.5049 -1.8781 1.4715 -0.4686 1.35877e-05 -0.5478
5500.0 8.5 1.3534 -1.4858 1.066 -0.3187 1.58572e-05 -0.4058
5750.0 8.5 1.2128 -1.1089 0.6772 -0.1754 1.82641e-05 -0.2774
6000.0 8.5 1.0204 -0.6062 0.1695 0.0085 2.07699e-05 -0.1609
6250.0 8.5 0.7794 -0.0145 -0.4002 0.2077 2.33654e-05 -0.0548
6500.0 8.5 0.5282 0.574 -0.9446 0.3922 2.60465e-05 0.0422
7000.0 8.5 0.1245 1.4225 -1.6462 0.604 3.1714e-05 0.2127
7500.0 8.5 -0.0059 1.5581 -1.6248 0.5528 3.78474e-05 0.3578
8000.0 8.5 -0.0044 1.4539 -1.4512 0.4711 4.44622e-05 0.4823
8500.0 8.5 0.0175 1.3954 -1.4039 0.4546 5.15474e-05 0.5904
9000.0 8.5 0.0398 1.4061 -1.4821 0.497 5.91106e-05 0.6848
9500.0 8.5 0.0982 1.3704 -1.5553 0.5495 6.7134e-05 0.7679
10000.0 8.5 0.2102 1.1864 -1.4759 0.5481 7.55117e-05 0.8416
10500.0 8.5 0.3676 0.8094 -1.1491 0.4459 8.40299e-05 0.9074
11000.0 8.5 0.5056 0.4073 -0.7406 0.301 9.22558e-05 0.9663
11500.0 8.5 0.6103 0.0804 -0.3923 0.1738 9.98752e-05 1.0195
12000.0 8.5 0.6887 -0.1676 -0.1235 0.0753 0.000106932 1.0677
12500.0 8.5 0.7404 -0.3533 0.0904 -0.005 0.000113464 1.1114
13000.0 8.5 0.7565 -0.4548 0.223 -0.0561 0.000119158 1.1514
13500.0 8.5 0.7487 -0.5012 0.3003 -0.0872 0.000123541 1.1881
14000.0 8.5 0.7376 -0.5351 0.3609 -0.1112 0.000127649 1.2218
14500.0 8.5 0.7268 -0.5651 0.4165 -0.1334 0.000132289 1.2529
15000.0 8.5 0.7171 -0.5952 0.4753 -0.1588 0.000137544 1.2816
15500.0 8.5 0.7043 -0.6088 0.5165 -0.1796 0.000143173 1.3083
16000.0 8.5 0.6891 -0.6063 0.5354 -0.1919 0.000149001 1.3331
16500.0 8.5 0.6765 -0.601 0.5443 -0.199 0.0001549 1.3563
17000.0 8.5 0.6686 -0.6 0.5505 -0.2033 0.000160956 1.3779
20000.0 8.5 0.6965 -0.7317 0.6879 -0.2539 0.000199308 1.4826
25000.0 8.5 0.8138 -1.0526 0.9898 -0.3573 0.000272774 1.5966
30000.0 8.5 0.6642 -0.7233 0.615 -0.2106 0.000371334 1.6697
35000.0 8.5 0.4187 -0.3102 0.2323 -0.0779 0.000476508 1.7205
40000.0 8.5 0.3208 -0.2101 0.1682 -0.0611 0.000557979 1.7578
45000.0 8.5 0.2813 -0.2052 0.1871 -0.0718 0.000625243 1.7864
50000.0 8.5 0.2686 -0.2357 0.2323 -0.0903 0.000683655 1.8089
55000.0 8.5 0.2651 -0.272 0.2779 -0.1079 0.000737658 1.8272
60000.0 8.5 0.2648 -0.3069 0.3191 -0.1233 0.000789569 1.8423
65000.0 8.5 0.0094 0.4731 -0.4961 0.1765 0.000928726 1.8549
70000.0 8.5 -0.0248 0.5171 -0.5313 0.1882 0.000978097 1.8657
75000.0 8.5 -0.054 0.5537 -0.5604 0.1978 0.00102625 1.875
80000.0 8.5 -0.079 0.5837 -0.5838 0.2054 0.00107348 1.8831
85000.0 8.5 -0.1004 0.6084 -0.6027 0.2116 0.00112005 1.8902
90000.0 8.5 -0.1194 0.6298 -0.6193 0.217 0.00116609 1.8965
100000.0 8.5 -0.155 0.6709 -0.6517 0.2278 0.00125729 1.9072
3750.0 8.75 2.5931 -3.733 3.147 -1.051 4.61059e-06 -1.8463
4000.0 8.75 2.465 -3.849 3.4021 -1.1684 5.60544e-06 -1.5565
4250.0 8.75 2.1443 -3.3248 2.9534 -1.0193 6.60533e-06 -1.3031
4500.0 8.75 1.8987 -2.8552 2.5131 -0.8642 7.78217e-06 -1.0799
4750.0 8.75 1.7827 -2.6312 2.3002 -0.7886 9.19097e-06 -0.882
5000.0 8.75 1.7374 -2.4662 2.0886 -0.6998 1.15799e-05 -0.7057
5250.0 8.75 1.5496 -1.9846 1.5804 -0.5089 1.36769e-05 -0.5478
5500.0 8.75 1.3854 -1.5649 1.1458 -0.3477 1.59635e-05 -0.4058
5750.0 8.75 1.2359 -1.1782 0.7517 -0.2037 1.83914e-05 -0.2774
6000.0 8.75 1.0705 -0.7486 0.3183 -0.0469 2.09219e-05 -0.1609
6250.0 8.75 0.8707 -0.2475 -0.1728 0.1273 2.3535e-05 -0.0548
6500.0 8.75 0.6435 0.2951 -0.6844 0.3036 2.62285e-05 0.0422
7000.0 8.75 0.2144 1.2383 -1.5068 0.5667 3.18876e-05 0.2127
7500.0 8.75 0.0332 1.4939 -1.5956 0.5524 3.79936e-05 0.3578
8000.0 8.75 0.0141 1.417 -1.4264 0.4661 4.45525e-05 0.4823
8500.0 8.75 0.0336 1.3429 -1.3452 0.4331 5.15793e-05 0.5904
9000.0 8.75 0.0539 1.3464 -1.4055 0.4664 5.90734e-05 0.6848
9500.0 8.75 0.1012 1.3372 -1.5016 0.5257 6.70151e-05 0.7679
10000.0 8.75 0.1992 1.2085 -1.4919 0.5527 7.53413e-05 0.8416
10500.0 8.75 0.3624 0.8493 -1.2073 0.4717 8.38953e-05 0.9074
11000.0 8.75 0.5249 0.4004 -0.7661 0.3186 9.2318e-05 0.9663
11500.0 8.75 0.6483 0.0274 -0.3766 0.1779 0.000100214 1.0195
12000.0 8.75 0.7521 -0.2918 -0.0341 0.0521 0.000107562 1.0677
12500.0 8.75 0.8251 -0.5288 0.229 -0.046 0.000114462 1.1114
13000.0 8.75 0.8616 -0.6753 0.4045 -0.113 0.000120855 1.1514
13500.0 8.75 0.861 -0.7315 0.4909 -0.1479 0.000126379 1.1881
14000.0 8.75 0.8398 -0.7335 0.5188 -0.1608 0.000130711 1.2218
14500.0 8.75 0.8143 -0.7222 0.5308 -0.1673 0.000134871 1.2529
15000.0 8.75 0.7904 -0.7144 0.5476 -0.1759 0.000139563 1.2816
15500.0 8.75 0.7673 -0.7067 0.568 -0.1876 0.000144793 1.3083
16000.0 8.75 0.7445 -0.696 0.5863 -0.2003 0.000150411 1.3331
16500.0 8.75 0.7233 -0.6805 0.5956 -0.21 0.000156231 1.3563
17000.0 8.75 0.7033 -0.6623 0.5986 -0.2171 0.000162184 1.3779
20000.0 8.75 0.7181 -0.7696 0.7205 -0.2646 0.000200683 1.4826
25000.0 8.75 0.824 -1.0665 1.0001 -0.3604 0.000274572 1.5966
30000.0 8.75 0.6676 -0.727 0.6167 -0.2109 0.000373766 1.6697
35000.0 8.75 0.423 -0.3177 0.239 -0.0802 0.000478022 1.7205
40000.0 8.75 0.3244 -0.2141 0.1704 -0.0615 0.000558724 1.7578
45000.0 8.75 0.2842 -0.2063 0.1862 -0.0711 0.000625492 1.7864
50000.0 8.75 0.2696 -0.2314 0.2253 -0.0872 0.000683102 1.8089
55000.0 8.75 0.2644 -0.2634 0.2667 -0.1033 0.000736438 1.8272
60000.0 8.75 0.2635 -0.2949 0.3037 -0.1171 0.000786837 1.8423
3750.0 9.0 2.5553 -3.5591 2.9537 -0.9785 4.62949e-06 -1.8463
4000.0 9.0 2.5153 -3.8911 3.4211 -1.1714 5.67886e-06 -1.5565
4250.0 9.0 2.2208 -3.457 3.0728 -1.0605 6.69743e-06 -1.3031
4500.0 9.0 1.9504 -2.9511 2.6041 -0.8966 7.87419e-06 -1.0799
4750.0 9.0 1.8056 -2.6692 2.336 -0.8015 9.27395e-06 -0.882
5000.0 9.0 1.7694 -2.5336 2.1562 -0.7247 1.16748e-05 -0.7057
5250.0 9.0 1.6042 -2.115 1.7145 -0.5586 1.37712e-05 -0.5478
5500.0 9.0 1.4158 -1.6356 1.2156 -0.3729 1.60709e-05 -0.4058
5750.0 9.0 1.2725 -1.2714 0.8456 -0.2378 1.85244e-05 -0.2774
6000.0 9.0 1.1189 -0.8756 0.4471 -0.0937 2.10863e-05 -0.1609
6250.0 9.0 0.9518 -0.4484 0.0211 0.0593 2.3727e-05 -0.0548
6500.0 9.0 0.7452 0.0431 -0.4432 0.2195 2.64346e-05 0.0422
7000.0 9.0 0.3212 1.0034 -1.3097 0.5067 3.20973e-05 0.2127
7500.0 9.0 0.079 1.4214 -1.5651 0.5532 3.81784e-05 0.3578
8000.0 9.0 0.036 1.3786 -1.4059 0.4643 4.46924e-05 0.4823
8500.0 9.0 0.0522 1.2877 -1.2866 0.4123 5.16545e-05 0.5904
9000.0 9.0 0.0738 1.268 -1.307 0.4272 5.90642e-05 0.6848
9500.0 9.0 0.1036 1.2955 -1.4311 0.4938 6.69136e-05 0.7679
10000.0 9.0 0.1833 1.2263 -1.4885 0.5462 7.52044e-05 0.8416
10500.0 9.0 0.341 0.9133 -1.2739 0.4962 8.37567e-05 0.9074
11000.0 9.0 0.5227 0.4413 -0.8303 0.3474 9.2321e-05 0.9663
11500.0 9.0 0.6696 0.0079 -0.3837 0.1872 0.00010048 1.0195
12000.0 9.0 0.792 -0.3601 0.0052 0.0452 0.00010809 1.0677
12500.0 9.0 0.8887 -0.659 0.33 -0.0753 0.00011527 1.1114
13000.0 9.0 0.9478 -0.8628 0.5628 -0.1635 0.000122089 1.1514
13500.0 9.0 0.9668 -0.9645 0.6943 -0.2153 0.000128406 1.1881
14000.0 9.0 0.9526 -0.9784 0.7341 -0.2329 0.000133852 1.2218
14500.0 9.0 0.9228 -0.9473 0.7232 -0.231 0.000138197 1.2529
15000.0 9.0 0.8868 -0.902 0.6985 -0.2243 0.000142406 1.2816
15500.0 9.0 0.8516 -0.8585 0.6767 -0.2188 0.000147106 1.3083
16000.0 9.0 0.8173 -0.8174 0.6608 -0.2169 0.000152277 1.3331
16500.0 9.0 0.786 -0.7835 0.6554 -0.2209 0.000157907 1.3563
17000.0 9.0 0.759 -0.7553 0.6541 -0.2271 0.000163804 1.3779
20000.0 9.0 0.7428 -0.816 0.7623 -0.2789 0.000202192 1.4826
25000.0 9.0 0.8316 -1.0774 1.0086 -0.3632 0.00027653 1.5966
30000.0 9.0 0.6704 -0.7296 0.6171 -0.2106 0.000376346 1.6697
35000.0 9.0 0.4308 -0.3315 0.2509 -0.0841 0.000479643 1.7205
40000.0 9.0 0.3296 -0.2223 0.1775 -0.0639 0.000559606 1.7578
45000.0 9.0 0.2895 -0.2123 0.1894 -0.0716 0.00062591 1.7864
50000.0 9.0 0.2725 -0.2309 0.2221 -0.0854 0.00068273 1.8089
55000.0 9.0 0.2653 -0.2578 0.2579 -0.0995 0.000735622 1.8272
60000.0 9.0 0.2629 -0.2858 0.2919 -0.1123 0.000785128 1.8423
65000.0 9.0 0.0632 0.3649 -0.3926 0.1397 0.000925435 1.8549
70000.0 9.0 0.0313 0.4052 -0.4244 0.15 0.00097368 1.8657
75000.0 9.0 0.0038 0.4395 -0.4517 0.1591 0.00102062 1.875
80000.0 9.0 -0.0201 0.4686 -0.4749 0.1668 0.00106655 1.8831
85000.0 9.0 -0.0412 0.4943 -0.4957 0.1738 0.00111171 1.8902
90000.0 9.0 -0.0595 0.5151 -0.5118 0.1791 0.00115626 1.8965
100000.0 9.0 -0.0949 0.5591 -0.5484 0.1917 0.00124407 1.9072
3750.0 9.25 2.4987 -3.3478 2.7286 -0.8959 4.62621e-06 -1.8463
4000.0 9.25 2.5483 -3.8869 3.3923 -1.1568 5.73913e-06 -1.5565
4250.0 9.25 2.2976 -3.582 3.1819 -1.0973 6.78544e-06 -1.3031
4500.0 9.25 2.0108 -3.0625 2.7092 -0.9339 7.968e-06 -1.0799
4750.0 9.25 1.8389 -2.7285 2.3925 -0.8217 9.35178e-06 -0.882
5000.0 9.25 1.8223 -2.6627 2.2944 -0.7772 1.17826e-05 -0.7057
5250.0 9.25 1.6699 -2.2755 1.8823 -0.6213 1.38716e-05 -0.5478
5500.0 9.25 1.4586 -1.7349 1.3145 -0.4088 1.61803e-05 -0.4058
5750.0 9.25 1.3073 -1.3554 0.9286 -0.2676 1.86584e-05 -0.2774
6000.0 9.25 1.1665 -0.9961 0.5665 -0.1364 2.12543e-05 -0.1609
6250.0 9.25 1.0045 -0.5886 0.1628 0.0078 2.39306e-05 -0.0548
6500.0 9.25 0.8281 -0.1614 -0.2464 0.1504 2.66672e-05 0.0422
7000.0 9.25 0.4289 0.76 -1.0968 0.4386 3.23414e-05 0.2127
7500.0 9.25 0.1428 1.3064 -1.4953 0.5408 3.83943e-05 0.3578
8000.0 9.25 0.0638 1.3349 -1.3881 0.4653 4.48716e-05 0.4823
8500.0 9.25 0.0704 1.2396 -1.2392 0.3964 5.17719e-05 0.5904
9000.0 9.25 0.0926 1.1951 -1.2154 0.3907 5.90954e-05 0.6848
9500.0 9.25 0.1146 1.2255 -1.3267 0.4485 6.68466e-05 0.7679
10000.0 9.25 0.1758 1.2054 -1.4325 0.5175 7.50412e-05 0.8416
10500.0 9.25 0.3101 0.981 -1.3259 0.5104 8.35728e-05 0.9074
11000.0 9.25 0.4983 0.5282 -0.9282 0.3848 9.22267e-05 0.9663
11500.0 9.25 0.6643 0.0567 -0.455 0.218 0.000100623 1.0195
12000.0 9.25 0.8059 -0.3624 -0.0178 0.0596 0.000108505 1.0677
12500.0 9.25 0.9249 -0.7207 0.3655 -0.0817 0.000115938 1.1114
13000.0 9.25 1.0084 -0.9889 0.6634 -0.1938 0.000123039 1.1514
13500.0 9.25 1.0485 -1.1447 0.85 -0.2664 0.000129824 1.1881
14000.0 9.25 1.051 -1.1999 0.9325 -0.3004 0.000136114 1.2218
14500.0 9.25 1.028 -1.1831 0.9373 -0.3048 0.000141564 1.2529
15000.0 9.25 0.9912 -1.1266 0.8976 -0.2922 0.000146012 1.2816
15500.0 9.25 0.9504 -1.0597 0.8467 -0.2754 0.000150259 1.3083
16000.0 9.25 0.9085 -0.9905 0.795 -0.2586 0.000154869 1.3331
16500.0 9.25 0.8639 -0.9193 0.7459 -0.244 0.000160066 1.3563
17000.0 9.25 0.8133 -0.8434 0.7069 -0.2378 0.000165487 1.3779
20000.0 9.25 0.772 -0.8698 0.809 -0.2944 0.000203757 1.4826
25000.0 9.25 0.848 -1.1021 1.0274 -0.3689 0.000278573 1.5966
30000.0 9.25 0.6724 -0.7327 0.6194 -0.2115 0.000379035 1.6697
35000.0 9.25 0.4362 -0.3434 0.2632 -0.0887 0.000481324 1.7205
40000.0 9.25 0.3378 -0.2362 0.1894 -0.0679 0.000560503 1.7578
45000.0 9.25 0.295 -0.2206 0.1963 -0.0739 0.000626402 1.7864
50000.0 9.25 0.2777 -0.2361 0.2246 -0.0858 0.000682476 1.8089
55000.0 9.25 0.2669 -0.2553 0.2533 -0.0973 0.000735298 1.8272
60000.0 9.25 0.2631 -0.2796 0.2834 -0.1088 0.000783949 1.8423
3750.0 9.5 2.4373 -3.1322 2.5018 -0.8132 4.61186e-06 -1.8463
4000.0 9.5 2.5633 -3.8366 3.3162 -1.1249 5.78181e-06 -1.5565
4250.0 9.5 2.3689 -3.6849 3.2653 -1.1243 6.86517e-06 -1.3031
4500.0 9.5 2.0786 -3.185 2.8236 -0.9742 8.0595e-06 -1.0799
4750.0 9.5 1.8788 -2.8006 2.4613 -0.8464 9.44206e-06 -0.882
5000.0 9.5 1.8522 -2.7245 2.358 -0.801 1.19752e-05 -0.7057
5250.0 9.5 1.6414 -2.1747 1.7637 -0.5742 1.39719e-05 -0.5478
5500.0 9.5 1.4979 -1.8232 1.4025 -0.4408 1.6292e-05 -0.4058
5750.0 9.5 1.3502 -1.4557 1.0274 -0.303 1.87933e-05 -0.2774
6000.0 9.5 1.2145 -1.1115 0.6793 -0.1764 2.14277e-05 -0.1609
6250.0 9.5 1.0572 -0.7191 0.2906 -0.0376 2.4144e-05 -0.0548
6500.0 9.5 0.8954 -0.3279 -0.0848 0.0934 2.69199e-05 0.0422
7000.0 9.5 0.5406 0.4947 -0.8504 0.3552 3.26265e-05 0.2127
7500.0 9.5 0.2203 1.1578 -1.3928 0.5169 3.86567e-05 0.3578
8000.0 9.5 0.0954 1.2918 -1.3791 0.4715 4.50948e-05 0.4823
8500.0 9.5 0.0905 1.1958 -1.2034 0.3865 5.19423e-05 0.5904
9000.0 9.5 0.1138 1.1214 -1.1273 0.3566 5.91844e-05 0.6848
9500.0 9.5 0.1336 1.1365 -1.2053 0.398 6.6848e-05 0.7679
10000.0 9.5 0.1759 1.1543 -1.3376 0.4728 7.49201e-05 0.8416
10500.0 9.5 0.2787 1.0297 -1.3429 0.5081 8.33748e-05 0.9074
11000.0 9.5 0.4578 0.6404 -1.0365 0.4217 9.20745e-05 0.9663
11500.0 9.5 0.6381 0.1529 -0.5647 0.2599 0.00010067 1.0195
12000.0 9.5 0.7939 -0.3014 -0.0978 0.0924 0.000108823 1.0677
12500.0 9.5 0.9316 -0.708 0.3303 -0.0639 0.000116508 1.1114
13000.0 9.5 1.0394 -1.0393 0.6906 -0.1983 0.000123851 1.1514
13500.0 9.5 1.1045 -1.261 0.9436 -0.2951 0.000130932 1.1881
14000.0 9.5 1.1272 -1.3695 1.0812 -0.3499 0.000137719 1.2218
14500.0 9.5 1.1169 -1.3856 1.1208 -0.3679 0.000144035 1.2529
15000.0 9.5 1.088 -1.3464 1.0996 -0.3625 0.000149572 1.2816
15500.0 9.5 1.0478 -1.2751 1.0419 -0.343 0.000154195 1.3083
16000.0 9.5 1.0033 -1.1909 0.9704 -0.3184 0.000158474 1.3331
16500.0 9.5 0.9579 -1.1065 0.9006 -0.2947 0.00016302 1.3563
17000.0 9.5 0.9091 -1.0193 0.8326 -0.2729 0.000168155 1.3779
20000.0 9.5 0.8176 -1.1338 1.3116 -0.5473 0.000226987 1.4826
25000.0 9.5 0.8599 -1.12 1.0405 -0.3726 0.000280758 1.5966
30000.0 9.5 0.6754 -0.737 0.6221 -0.2122 0.00038185 1.6697
35000.0 9.5 0.4437 -0.3584 0.2775 -0.0938 0.000483099 1.7205
40000.0 9.5 0.3463 -0.2512 0.2026 -0.0723 0.000561535 1.7578
45000.0 9.5 0.3024 -0.2326 0.2063 -0.0771 0.000627072 1.7864
50000.0 9.5 0.284 -0.2435 0.2293 -0.087 0.000681834 1.8089
55000.0 9.5 0.2736 -0.2616 0.2559 -0.0976 0.000733621 1.8272
60000.0 9.5 0.2681 -0.2823 0.2824 -0.1077 0.000782585 1.8423
65000.0 9.5 0.1158 0.2574 -0.2888 0.1025 0.00092323 1.8549
70000.0 9.5 0.0868 0.2923 -0.3159 0.1112 0.000970647 1.8657
75000.0 9.5 0.0618 0.322 -0.3389 0.1188 0.00101665 1.875
80000.0 9.5 0.04 0.3476 -0.3591 0.1255 0.00106167 1.8831
85000.0 9.5 0.0214 0.3678 -0.3741 0.1303 0.00110581 1.8902
90000.0 9.5 0.0044 0.3872 -0.3896 0.1356 0.00114924 1.8965
100000.0 9.5 -0.0279 0.4264 -0.4224 0.147 0.00123462 1.9072
