Teff	log(g)	T_BB_U	T_BB_B	T_BB_V	T_BB_R	T_BB_I
1500.0	4.0	1572.43029	1664.80704	1459.84450	1595.52559	1609.16072
1500.0	4.5	1581.90523	1688.66292	1421.74668	1582.32805	1633.43771
1500.0	5.0	1604.60563	1718.74386	1384.01625	1561.80285	1637.83403
1500.0	5.5	1630.48747	1751.28624	1373.27099	1559.88940	1658.39366
1600.0	4.0	1598.53117	1683.34786	1548.66271	1656.16529	1656.80207
1600.0	4.5	1645.11441	1754.86055	1521.32298	1682.91463	1720.54166
1600.0	5.0	1642.00970	1753.33065	1454.75103	1630.58968	1696.25866
1600.0	5.5	1655.63765	1777.88755	1444.32359	1633.09599	1717.54237
1700.0	4.0	1697.85774	1769.83405	1684.74731	1722.30086	1708.80856
1700.0	4.5	1720.22215	1792.07977	1711.16225	1744.75401	1722.77158
1700.0	5.0	1735.89396	1798.55290	1731.88114	1745.31586	1716.49918
1700.0	5.5	1713.86220	1780.93139	1741.77546	1755.03818	1721.44910
1800.0	4.0	1749.78578	1865.74269	1747.44991	1824.17514	1856.22050
1800.0	4.5	1723.04518	1866.87875	1701.30167	1818.72763	1856.26732
1800.0	5.0	1711.82275	1872.36792	1684.08096	1812.51413	1851.21001
1800.0	5.5	1691.18302	1838.51878	1616.81955	1758.54799	1791.12183
1900.0	4.0	1805.87537	1911.03515	1801.07087	1871.05563	1923.34847
1900.0	4.5	1770.56001	1926.15590	1767.82159	1884.32326	1953.70000
1900.0	5.0	1732.60618	1905.02505	1724.12183	1851.77308	1905.47191
1900.0	5.5	1720.14177	1887.99399	1674.39578	1818.45425	1873.10315
2000.0	4.0	1744.92125	1803.96139	1750.55261	1821.38559	1877.90059
2000.0	4.5	1693.77335	1756.43207	1725.33221	1789.63121	1825.21705
2000.0	5.0	1736.33417	1808.41750	1775.47107	1845.18751	1890.77503
2000.0	5.5	1696.77565	1751.03340	1716.74298	1779.35596	1806.34926
2100.0	4.0	1784.08564	1837.40426	1772.95275	1844.54557	1913.63869
2100.0	4.5	1754.06838	1832.93671	1778.72428	1859.25749	1935.44541
2100.0	5.0	1761.72851	1852.60144	1805.38038	1890.90683	1973.17402
2100.0	5.5	1773.05912	1862.44172	1816.75102	1909.83338	1998.70835
2200.0	4.0	1908.15511	1946.26876	1830.55054	1913.26061	2021.13959
2200.0	4.5	1867.45183	1936.84537	1852.39864	1935.02906	2041.49297
2200.0	5.0	1853.07954	1932.83753	1869.58208	1954.37628	2062.69388
2200.0	5.5	2323.91752	2082.64395	1893.45693	1977.38400	2093.83149
2300.0	4.0	2091.34728	2102.30824	1942.39143	2016.04864	2154.98330
2300.0	4.5	2005.07146	2071.06245	1937.95506	2026.75657	2176.57278
2300.0	5.0	1917.50088	2015.64441	1920.57780	2019.49371	2167.19923
2300.0	5.5	1876.62316	1988.26672	1914.29815	2026.28010	2181.90043
2400.0	4.0	2235.98440	2237.48495	2067.15193	2128.87370	2286.96560
2400.0	4.5	2135.03483	2197.03142	2046.97243	2126.81545	2300.58459
2400.0	5.0	2036.52045	2140.24469	2021.02640	2117.90184	2297.57349
2400.0	5.5	1960.97541	2089.10753	1992.07173	2110.43813	2301.41386
2500.0	4.0	2367.02399	2365.72106	2211.53525	2262.69086	2425.69507
2500.0	4.5	2261.17435	2317.76791	2174.39474	2243.66457	2428.64500
2500.0	5.0	2168.52387	2272.12429	2152.38608	2239.46912	2438.44476
2500.0	5.5	2074.59265	2211.80366	2103.23702	2215.96949	2433.01472
2600.0	4.0	2486.86626	2482.38804	2317.89533	2363.42819	2546.79401
2600.0	4.5	2378.77309	2432.38372	2286.48796	2347.94896	2548.75579
2600.0	5.0	2279.56640	2387.91986	2263.41905	2345.37792	2563.95555
2600.0	5.5	2174.10032	2327.69198	2213.69596	2322.93351	2563.51559
2600.0	6.0	2095.54871	2283.99355	2174.55854	2318.13335	2586.34929
2700.0	4.0	2598.33454	2597.93585	2444.14846	2480.83368	2668.79804
2700.0	4.5	2504.22340	2556.09109	2419.91077	2471.45150	2676.83815
2700.0	5.0	2414.70923	2519.36394	2406.78982	2475.10243	2696.92319
2700.0	5.5	2302.78431	2454.38925	2353.43473	2448.15811	2692.22323
2700.0	6.0	2217.94385	2411.83580	2312.80577	2440.31266	2713.77314
2800.0	4.0	2710.52502	2715.82870	2564.68404	2593.94605	2791.13925
2800.0	4.5	2618.50629	2672.23116	2541.35963	2583.93377	2794.50204
2800.0	5.0	2531.24625	2637.90687	2529.48594	2589.65393	2816.44369
2800.0	5.5	2418.71503	2573.64339	2478.16222	2564.69177	2811.71888
2800.0	6.0	2333.92929	2532.58543	2440.43216	2559.22937	2835.39790
2900.0	4.0	2816.97013	2832.95278	2692.31438	2713.73000	2913.15151
2900.0	4.5	2733.37610	2791.84465	2673.49543	2706.64823	2914.55051
2900.0	5.0	2653.60329	2760.72492	2663.62736	2714.08777	2935.42754
2900.0	5.5	2543.03027	2696.72878	2613.88656	2689.34723	2930.31587
2900.0	6.0	2463.61390	2661.11614	2583.46942	2689.05295	2957.03902
3000.0	4.0	2907.77220	2936.08192	2803.37644	2818.78503	3021.07288
3000.0	4.5	2840.62069	2906.37803	2797.10771	2822.76293	3027.91997
3000.0	5.0	2767.54084	2879.82803	2792.17839	2832.31480	3048.92110
3000.0	5.5	2660.09648	2815.66629	2743.00279	2809.24413	3041.45992
3000.0	6.0	2585.78501	2784.46659	2717.30257	2813.02239	3070.49399
3100.0	4.0	2989.15017	3037.28194	2922.21712	2935.62635	3129.13347
3100.0	4.5	2945.16104	3025.39208	2935.88503	2956.73733	3146.22455
3100.0	5.0	2877.81456	2995.99188	2925.97627	2960.01162	3158.23985
3100.0	5.5	2805.39457	2963.17377	2909.27265	2963.82926	3174.49619
3100.0	6.0	2716.10198	2910.89430	2859.68396	2944.86661	3181.31975
3200.0	4.0	3070.16788	3140.08412	3033.33644	3042.18672	3237.73775
3200.0	4.5	3038.54334	3132.88612	3051.82401	3067.15868	3253.34915
3200.0	5.0	2982.71288	3109.36682	3050.02557	3077.45117	3264.54096
3200.0	5.5	2915.32679	3078.21615	3036.28567	3082.89105	3279.18756
3200.0	6.0	2830.21153	3029.98785	2990.95709	3066.29264	3286.29528
3300.0	4.0	3144.21257	3239.11470	3143.39671	3148.64787	3343.24713
3300.0	4.5	3121.11885	3232.92256	3162.92761	3175.58867	3354.37578
3300.0	5.0	3081.21439	3218.44275	3171.42013	3195.43589	3368.81627
3300.0	5.5	3023.07822	3191.86575	3161.88217	3202.78130	3381.19718
3300.0	6.0	2946.59437	3148.46844	3124.64106	3190.60898	3389.41807
3400.0	4.0	3210.99138	3335.46361	3256.64392	3260.66238	3445.09037
3400.0	4.5	3198.82088	3331.98377	3276.20014	3289.05990	3455.25390
3400.0	5.0	3172.98649	3324.89272	3290.62934	3313.70844	3471.22227
3400.0	5.5	3125.71160	3301.38650	3284.22235	3322.44997	3481.96610
3400.0	6.0	3060.52225	3264.12330	3255.22971	3314.38221	3490.33799
3500.0	4.0	3279.95240	3437.82719	3374.02463	3378.23059	3553.71732
3500.0	4.5	3272.10467	3429.00786	3385.89224	3399.90032	3554.62458
3500.0	5.0	3258.40496	3427.33982	3404.86059	3429.12083	3572.32619
3500.0	5.5	3221.01713	3406.71538	3400.08325	3437.14137	3580.53476
3500.0	6.0	3167.88236	3376.04041	3380.20776	3434.41527	3590.36527
