Teff	log(g)	T_BB_U	T_BB_B	T_BB_V	T_BB_R	T_BB_I
2300.0	4.0	2187.47547	2267.19496	2145.57669	2282.86360	2495.83840
2300.0	4.5	2260.63371	2271.33714	2103.25421	2189.76730	2340.17234
2300.0	5.0	2075.29671	2343.14743	2310.30152	2418.46329	2612.59974
2300.0	5.5	2046.01091	2373.28420	2384.94869	2494.08104	2675.21464
2300.0	6.0	2051.87267	2267.27600	2213.20903	2319.50900	2464.59719
2400.0	4.0	2447.70122	2339.11400	2123.30009	2201.04753	2367.25661
2400.0	4.5	2221.69816	2371.81055	2297.69064	2399.75162	2624.49344
2400.0	5.0	2277.14779	2336.00110	2186.12129	2283.21487	2461.88748
2400.0	5.5	2106.93665	2426.13635	2454.96889	2544.03024	2743.30641
2400.0	6.0	2085.46245	2467.52996	2531.05880	2626.41740	2802.03334
2500.0	4.0	2388.86914	2480.31833	2384.13629	2453.76273	2671.37292
2500.0	4.5	2471.83999	2410.52571	2214.69824	2295.17780	2485.18646
2500.0	5.0	2232.10014	2434.34525	2395.77858	2486.35447	2724.36886
2500.0	5.5	2176.92162	2467.48015	2487.30660	2565.41068	2790.77121
2500.0	6.0	2140.75116	2533.41319	2607.99223	2690.66562	2865.95223
2600.0	4.0	2469.04451	2552.83500	2462.64822	2518.13189	2728.38561
2600.0	4.5	2395.95178	2538.42003	2478.97715	2539.18428	2760.81046
2600.0	5.0	2324.03544	2530.89407	2507.76021	2571.80344	2802.82850
2600.0	5.5	2258.43307	2543.41937	2564.34629	2627.75886	2858.88532
2600.0	6.0	2288.37823	2414.84221	2317.25533	2427.30551	2658.34775
2700.0	4.0	2737.89172	2644.24332	2455.33032	2503.39538	2696.79498
2700.0	4.5	2498.81891	2650.95723	2612.08296	2648.32303	2850.94364
2700.0	5.0	2422.15137	2638.50713	2634.04165	2674.12333	2885.28984
2700.0	5.5	2502.78810	2552.53206	2411.87867	2492.51675	2733.43225
2700.0	6.0	2395.85743	2511.72076	2406.60595	2503.03760	2752.26230
2800.0	4.0	2831.96484	2751.17106	2576.74847	2614.57603	2808.72462
2800.0	4.5	2779.27296	2736.00911	2573.29330	2615.00920	2821.89889
2800.0	5.0	2526.16982	2748.13807	2760.86927	2787.79947	2969.55734
2800.0	5.5	2450.22030	2739.00796	2786.20838	2818.89824	3004.58358
2800.0	6.0	2505.93183	2621.85173	2519.94545	2599.47090	2856.63975
2900.0	4.0	2923.22739	2855.95545	2693.41677	2722.69116	2917.29188
2900.0	4.5	2876.78346	2845.97046	2698.80020	2729.62821	2931.87766
2900.0	5.0	2635.31080	2857.25872	2881.93709	2902.20507	3054.22353
2900.0	5.5	2727.01411	2789.02853	2678.56215	2723.75890	2956.42114
2900.0	6.0	2620.25009	2743.77139	2657.26860	2716.61304	2966.10355
3000.0	4.0	2887.73180	3001.47976	2992.97780	2996.16009	3109.72918
3000.0	4.5	2973.54218	2956.23069	2823.36825	2845.26159	3041.40122
3000.0	5.0	2748.17092	2964.53940	2998.17934	3016.06129	3140.10738
3000.0	5.5	2837.22634	2908.06037	2814.62902	2847.73860	3065.44088
3000.0	6.0	2737.78190	2867.00153	2797.87786	2842.41694	3075.29613
3100.0	4.0	2989.68812	3108.38830	3113.45903	3114.35211	3203.72838
3100.0	4.5	2931.93186	3087.52651	3108.32073	3116.58534	3208.41290
3100.0	5.0	3014.92301	3049.24880	2950.72214	2968.84529	3159.50053
3100.0	5.5	2945.51931	3024.71828	2947.23944	2971.80940	3171.66010
3100.0	6.0	2698.68328	3035.53959	3123.31281	3165.63966	3269.13732
3200.0	4.0	3179.88832	3166.92394	3032.86377	3042.56838	3240.72923
3200.0	4.5	3155.19059	3169.46743	3062.49765	3072.26459	3254.69396
3200.0	5.0	2975.83648	3170.75846	3214.29705	3231.87205	3307.94015
3200.0	5.5	3050.90405	3138.38213	3075.86067	3094.86279	3275.38346
3200.0	6.0	2816.66960	3133.38185	3217.27334	3261.16973	3347.18899
3300.0	4.0	3253.81099	3266.01871	3145.28880	3150.51243	3343.91035
3300.0	4.5	3145.98502	3297.00390	3332.16413	3340.94179	3390.18136
3300.0	5.0	3089.78024	3274.12454	3320.66853	3338.39819	3395.91745
3300.0	5.5	3020.56267	3252.77058	3313.87564	3343.22418	3409.75969
3300.0	6.0	2939.36595	3232.56627	3311.87126	3355.63390	3428.57204
3400.0	4.0	3322.31810	3364.10110	3261.26383	3263.88477	3445.28054
3400.0	4.5	3250.44234	3401.74987	3440.59371	3451.58491	3482.97479
3400.0	5.0	3201.43450	3377.58045	3426.11237	3444.47852	3485.64721
3400.0	5.5	3249.54358	3355.65745	3319.42201	3333.75543	3476.93510
3400.0	6.0	3187.17244	3331.90539	3316.12534	3339.34348	3485.99031
3500.0	4.0	3385.41270	3531.06941	3564.19794	3573.92537	3583.33866
3500.0	4.5	3389.79851	3473.11106	3414.19644	3419.80724	3560.10057
3500.0	5.0	3310.46563	3481.33839	3530.10279	3550.04346	3577.00702
3500.0	5.5	3256.87761	3458.59198	3517.44019	3545.51691	3585.97223
3500.0	6.0	3189.46653	3435.94953	3506.80203	3546.68681	3600.61161
3600.0	4.0	3482.03877	3635.38268	3668.58238	3682.71759	3677.74438
3600.0	4.5	3455.30044	3611.15965	3650.11301	3668.41042	3670.74143
3600.0	5.0	3454.44690	3571.96165	3546.65982	3558.58291	3667.66883
3600.0	5.5	3370.69167	3562.77450	3619.85509	3648.19814	3677.22731
3600.0	6.0	3310.96952	3539.61353	3607.36165	3645.22651	3689.98039
3700.0	4.0	3512.25822	3667.60152	3634.07233	3641.55862	3745.11313
3700.0	4.5	3528.63843	3671.86776	3652.48988	3665.04291	3757.08897
3700.0	5.0	3531.47825	3671.75018	3662.11593	3677.87956	3765.98275
3700.0	5.5	3516.39980	3662.56927	3662.96996	3682.29259	3770.89291
3700.0	6.0	3486.36108	3648.89371	3661.17697	3685.94508	3779.03529
3800.0	4.0	3582.90110	3779.80391	3763.80744	3773.89838	3849.88674
3800.0	4.5	3662.63340	3825.97075	3859.08673	3881.75048	3862.69044
3800.0	5.0	3633.90568	3800.81489	3840.01445	3866.77693	3859.64734
3800.0	5.5	3594.31805	3775.85715	3824.47731	3855.39659	3863.05503
3800.0	6.0	3550.17432	3754.49306	3814.16562	3850.84183	3874.85952
3900.0	4.0	3785.51878	3967.89532	3990.35933	4004.78629	3971.35889
3900.0	4.5	3770.07806	3940.81170	3968.35667	3989.38984	3965.47712
3900.0	5.0	3747.21881	3914.85990	3948.29269	3974.36809	3959.95797
3900.0	5.5	3708.43347	3886.52644	3928.85162	3960.14455	3958.70443
3900.0	6.0	3670.66333	3854.50758	3883.73873	3914.97202	3976.72011
4000.0	4.0	3897.61925	4089.42275	4103.04038	4111.23882	4072.34116
4000.0	4.5	3753.76223	3995.54094	4016.44156	4040.04749	4064.39869
4000.0	5.0	3857.83635	4030.54051	4057.48749	4080.92311	4062.84857
4000.0	5.5	3768.89899	3969.10180	4000.80613	4033.27947	4070.71081
4000.0	6.0	3782.69595	3976.87504	4023.72919	4060.23064	4065.53628
4100.0	4.0	3845.43859	4152.35380	4173.83092	4188.28293	4178.11241
4100.0	4.5	3997.21585	4187.37485	4200.76524	4211.52821	4178.80522
4100.0	5.0	3972.85525	4152.69916	4172.72248	4191.61393	4169.99477
4100.0	5.5	3938.77756	4119.60532	4148.30149	4175.15534	4162.93187
4100.0	6.0	3851.91342	4063.82079	4106.59863	4146.06854	4179.93191
4200.0	4.0	4142.89924	4347.43535	4341.67332	4331.51531	4280.59112
4200.0	4.5	4111.83295	4315.49376	4321.57710	4325.37284	4287.73949
4200.0	5.0	4084.99395	4275.55017	4289.76498	4303.23335	4277.63912
4200.0	5.5	3943.59728	4187.22625	4231.49052	4271.13915	4281.34280
4200.0	6.0	3942.95784	4171.62575	4219.16309	4262.32874	4284.60868
4300.0	4.0	4066.92677	4405.46635	4434.08137	4442.57699	4397.84717
4300.0	4.5	4237.28856	4447.21689	4445.12021	4439.66628	4396.07310
4300.0	5.0	4034.36373	4338.54928	4379.54067	4413.08754	4399.72315
4300.0	5.5	4033.20406	4306.18857	4353.42248	4395.06603	4395.56249
4300.0	6.0	4133.09546	4331.52041	4357.99391	4385.20595	4374.13519
4400.0	4.0	4403.76172	4601.80748	4577.98360	4543.68295	4481.63533
4400.0	4.5	4168.94951	4512.53162	4545.24869	4562.12665	4517.76357
4400.0	5.0	4142.41852	4469.63012	4510.98237	4542.24528	4514.11037
4400.0	5.5	4286.60525	4494.33411	4506.77642	4518.08449	4493.54184
4400.0	6.0	4126.72573	4400.27694	4454.26516	4502.92845	4505.87148
4500.0	4.0	4536.48104	4723.83739	4695.85907	4650.17931	4587.30006
4500.0	4.5	4289.41952	4638.93508	4670.19321	4679.91785	4627.82860
4500.0	5.0	4453.02172	4673.34732	4669.65438	4659.85435	4617.63541
4500.0	5.5	4406.76277	4629.80497	4638.10206	4643.33457	4612.99663
4500.0	6.0	4369.73023	4586.08427	4603.17123	4619.68913	4600.12509
4600.0	4.0	4667.64805	4842.52819	4813.30473	4757.51332	4694.89706
4600.0	4.5	4410.25285	4762.06872	4792.63214	4794.29686	4738.33684
4600.0	5.0	4580.50356	4803.97036	4794.83518	4775.81388	4727.41002
4600.0	5.5	4533.12170	4762.93208	4765.96321	4762.73794	4727.25294
4600.0	6.0	4323.78209	4649.47453	4705.27167	4754.47098	4737.64286
4700.0	4.0	4796.37424	4956.79377	4926.35122	4861.60112	4799.39656
4700.0	4.5	4761.33246	4949.71912	4922.53416	4872.05517	4811.14497
4700.0	5.0	4712.55392	4929.52317	4914.79886	4884.46281	4831.71963
4700.0	5.5	4664.97917	4896.25622	4894.42808	4882.01264	4841.69521
4700.0	6.0	4611.78927	4850.27750	4859.79964	4863.35173	4834.03836
4800.0	4.0	4666.00661	5011.02157	5044.30869	5011.67908	4949.78138
4800.0	4.5	4889.45779	5062.93862	5034.52867	4974.92712	4914.73442
4800.0	5.0	4843.89597	5051.40192	5032.04651	4990.69737	4934.56365
4800.0	5.5	4792.85815	5025.04606	5019.16288	4998.02920	4952.89083
4800.0	6.0	4544.70075	4916.56771	4969.81872	5013.19214	4977.90784
4900.0	4.0	4790.00940	5129.04068	5163.05657	5121.95678	5059.90657
4900.0	4.5	4776.51863	5121.65727	5152.77830	5126.95785	5066.82208
4900.0	5.0	4747.85832	5109.83513	5142.33852	5135.36925	5077.04094
4900.0	5.5	4926.07902	5150.12711	5139.76093	5108.02064	5059.01116
4900.0	6.0	4660.45861	5048.71720	5099.90620	5138.06702	5095.76013
5000.0	4.0	5187.53137	5297.59789	5259.03518	5172.92425	5112.49822
5000.0	4.5	4897.92579	5237.16259	5268.95461	5234.48559	5173.78533
5000.0	5.0	4869.65211	5227.25949	5259.83313	5243.41501	5183.98737
5000.0	5.5	4831.30266	5208.89995	5247.05082	5252.65986	5196.62467
5000.0	6.0	4778.97369	5175.13520	5223.41125	5253.56598	5204.56770
5100.0	4.0	5052.90731	5347.29112	5380.81741	5326.71326	5262.80424
5100.0	4.5	5044.20384	5346.46093	5377.50786	5334.72717	5271.61942
5100.0	5.0	5010.95021	5333.80250	5365.21216	5339.20379	5277.46209
5100.0	5.5	5156.01637	5346.74622	5334.43345	5284.31153	5233.61844
5100.0	6.0	5094.07758	5321.28547	5320.83404	5290.43977	5247.00770
5200.0	4.0	5184.93605	5468.74125	5497.00868	5435.82477	5371.84541
5200.0	4.5	5386.73265	5487.78267	5452.01948	5366.30428	5309.98756
5200.0	5.0	5339.87710	5470.91878	5446.59088	5374.13828	5322.42322
5200.0	5.5	5286.12589	5457.80430	5442.93557	5384.52730	5334.68410
5200.0	6.0	5037.70941	5410.58518	5454.45036	5464.67564	5409.70279
5300.0	4.0	5305.12899	5585.07246	5611.01744	5545.03455	5481.36599
5300.0	4.5	5515.03713	5603.14346	5561.25575	5469.41228	5412.61748
5300.0	5.0	5268.33631	5571.43553	5600.88414	5557.92075	5496.13579
5300.0	5.5	5414.81216	5565.91030	5548.08595	5482.81450	5434.83081
5300.0	6.0	5348.02126	5538.51241	5532.08042	5483.53068	5440.64797
5400.0	4.0	5659.11540	5723.30456	5663.58193	5560.36633	5502.52491
5400.0	4.5	5418.00227	5694.47450	5717.81300	5654.95054	5592.29070
5400.0	5.0	5590.05272	5687.31556	5653.70176	5570.24803	5520.74547
5400.0	5.5	5538.97932	5669.89051	5647.66081	5576.22463	5530.08599
5400.0	6.0	5495.84695	5667.91374	5657.34220	5599.78787	5556.59833
5500.0	4.0	5773.34221	5835.50028	5767.36639	5659.95608	5601.87724
5500.0	4.5	5744.99513	5809.73934	5757.07175	5659.72739	5607.67437
5500.0	5.0	5521.73435	5803.26105	5826.31555	5769.02601	5707.54682
5500.0	5.5	5466.69177	5773.24953	5806.96255	5769.28393	5712.56030
5500.0	6.0	5623.00062	5774.15999	5759.39609	5694.92240	5653.31223
5600.0	4.0	5872.08168	5934.13257	5856.80269	5745.03677	5686.09448
5600.0	4.5	5662.30229	5926.77797	5939.70079	5865.29932	5802.14323
5600.0	5.0	5635.27631	5904.17946	5926.88401	5866.97764	5809.12813
5600.0	5.5	5597.15164	5890.51583	5921.37631	5876.50797	5820.55651
5600.0	6.0	5546.23996	5875.32585	5915.33743	5889.56989	5835.15608
5700.0	4.0	5784.43845	6059.15299	6058.31547	5969.99845	5902.85840
5700.0	4.5	5957.41930	6013.52810	5944.59198	5839.01357	5786.78666
5700.0	5.0	5921.48136	5982.43692	5929.12805	5833.85070	5788.07531
5700.0	5.5	5721.98271	6003.23795	6030.41884	5979.08140	5923.79840
5700.0	6.0	5830.95229	5946.00304	5921.24236	5846.54686	5808.02571
5800.0	4.0	6088.51793	6163.74606	6065.01605	5943.73459	5882.09543
5800.0	4.5	6066.17870	6120.08433	6041.34323	5932.37810	5881.13825
5800.0	5.0	6038.54144	6091.98637	6030.05644	5930.32979	5884.97207
5800.0	5.5	5845.69346	6115.64585	6138.46470	6080.90986	6026.16882
5800.0	6.0	5799.10148	6100.92271	6134.91573	6094.28255	6041.27424
5900.0	4.0	6191.06512	6280.00882	6170.54721	6043.98962	5980.13522
5900.0	4.5	6184.31215	6241.94306	6152.24103	6037.55768	5984.34507
5900.0	5.0	5998.85480	6245.81513	6251.53799	6174.67245	6117.06496
5900.0	5.5	5941.32222	6203.30296	6221.74408	6159.24380	6104.44205
5900.0	6.0	6074.24416	6156.35309	6118.17338	6033.30597	5997.44902
6000.0	4.0	6114.28849	6422.08234	6396.44534	6289.46140	6213.55233
6000.0	4.5	6121.77609	6380.51277	6368.80587	6275.88572	6212.29774
6000.0	5.0	6115.17143	6359.47293	6359.02865	6276.64357	6218.46892
6000.0	5.5	6090.21380	6340.96759	6352.76391	6283.06291	6228.70749
6000.0	6.0	6019.83539	6298.58546	6324.70260	6271.90934	6219.80813
6100.0	4.0	6208.26804	6534.31943	6500.66699	6387.02541	6306.64371
6100.0	4.5	6230.84847	6497.48544	6478.35304	6379.86094	6314.22317
6100.0	5.0	6371.55610	6423.49041	6335.17569	6221.49320	6174.83365
6100.0	5.5	6344.58078	6392.10757	6321.82740	6217.55624	6177.37567
6100.0	6.0	6139.82287	6403.06450	6425.10519	6367.63182	6318.90590
6200.0	4.0	6315.51666	6662.11918	6617.63924	6495.57794	6409.81483
6200.0	4.5	6341.07583	6617.32044	6589.53309	6484.44278	6416.05612
6200.0	5.0	6323.28213	6571.29450	6558.84436	6465.87596	6405.28962
6200.0	5.5	6449.69715	6494.88357	6416.51332	6307.95987	6268.16646
6200.0	6.0	6253.31731	6504.40049	6521.53906	6458.77892	6411.66470
6300.0	4.0	6423.55915	6796.48433	6740.81015	6609.32303	6517.02962
6300.0	4.5	6580.78682	6695.29564	6568.51148	6430.24321	6366.24725
6300.0	5.0	6451.53663	6704.05724	6683.01705	6582.95552	6520.46603
6300.0	5.5	6406.81401	6641.92734	6638.80079	6555.80368	6503.94808
6300.0	6.0	6372.03521	6614.29735	6626.08466	6557.51722	6510.92549
6400.0	4.0	6636.46123	6879.37199	6719.73856	6553.63896	6461.83106
6400.0	4.5	6548.08469	6857.14635	6813.37183	6694.54654	6618.59568
6400.0	5.0	6669.27874	6751.85905	6641.63079	6512.35926	6460.08432
6400.0	5.5	6535.63340	6770.86531	6760.94304	6671.55392	6618.97797
6400.0	6.0	6488.12258	6723.59263	6730.01382	6655.70632	6609.37923
6500.0	4.0	6609.31216	7049.21798	6975.66080	6825.35912	6717.07306
6500.0	4.5	6636.25823	6969.53509	6919.87168	6794.65920	6713.86735
6500.0	5.0	6656.25565	6934.05442	6900.75069	6788.58816	6720.50987
6500.0	5.5	6629.36894	6866.76357	6851.51606	6756.93628	6703.25324
6500.0	6.0	6598.61958	6829.20825	6830.21578	6750.22272	6703.81899
6600.0	4.0	6789.08557	7118.38813	6948.15749	6763.67055	6655.16101
6600.0	4.5	6832.10877	7031.26657	6888.55244	6730.29456	6652.32580
6600.0	5.0	6862.11804	6985.56053	6860.87952	6715.25530	6652.39582
6600.0	5.5	6749.33650	6993.57367	6972.09034	6870.82763	6815.29224
6600.0	6.0	6852.42522	6896.43378	6810.24859	6692.30519	6658.02397
6700.0	4.0	6779.46898	7301.67964	7212.68958	7041.67321	6913.18530
6700.0	4.5	6909.28262	7145.21458	6999.27697	6833.59489	6749.22088
6700.0	5.0	6946.33002	7094.96191	6967.07814	6815.18590	6748.08478
6700.0	5.5	6851.11954	7104.99849	7078.49625	6971.08074	6913.17733
6700.0	6.0	6820.71202	7048.48220	7039.16440	6947.31220	6899.74293
6800.0	4.0	6935.41352	7361.81851	7182.09740	6976.03234	6846.67454
6800.0	4.5	6912.31049	7341.36354	7272.42180	7121.38696	7018.80281
6800.0	5.0	7027.34776	7205.37844	7075.27055	6916.65911	6844.54645
6800.0	5.5	7026.26570	7128.36746	7019.89719	6880.87124	6830.79627
6800.0	6.0	6927.87934	7157.84273	7143.84471	7045.81181	6996.98580
6900.0	4.0	7006.55225	7484.91691	7300.58544	7082.59582	6941.55554
6900.0	4.5	6994.82563	7462.28897	7388.28333	7227.54711	7115.58811
6900.0	5.0	7106.45672	7317.00732	7185.40643	7019.54713	6941.52299
6900.0	5.5	7038.91621	7320.09366	7285.43381	7165.31848	7101.00557
6900.0	6.0	7030.35071	7266.52363	7248.86962	7144.82567	7094.32079
