Teff	log(g)	T_BB_u	T_BB_g	T_BB_r	T_BB_i	T_BB_z
3750.0	5.00	3958.63626	3986.31159	3895.77975	3880.79820	3836.08409
4000.0	5.00	4174.87621	4184.56600	4088.27652	4072.38130	4030.89541
4250.0	5.00	4412.05105	4408.37053	4307.02245	4289.21497	4250.73992
4500.0	5.00	4672.29690	4655.99071	4548.95782	4528.38550	4493.38732
4750.0	5.00	4959.29169	4922.48099	4805.19296	4779.50521	4747.99831
5000.0	5.00	5251.24066	5218.22295	5087.76885	5055.31979	5027.19389
5250.0	5.00	5564.87745	5494.04639	5347.10348	5306.86943	5281.77998
5500.0	5.00	5856.49331	5764.17796	5603.20664	5555.77861	5533.87659
5750.0	5.00	6133.25900	6031.44908	5857.24107	5802.37353	5783.79098
6000.0	5.00	6396.90087	6297.93524	6110.49377	6047.89943	6032.52522
6250.0	5.00	6646.66011	6565.65579	6364.33407	6293.53880	6280.89308
6500.0	5.00	6880.05999	6835.40205	6620.13601	6540.35153	6529.73201
7000.0	5.00	7296.66089	7388.33426	7146.52659	7045.39773	7035.05188
7500.0	5.00	7660.84189	7969.10390	7701.90571	7571.73130	7554.33522
8000.0	5.00	7998.27688	8580.60562	8284.92126	8113.70358	8081.09544
8500.0	5.00	8332.04003	9216.40690	8878.71892	8649.46703	8593.93719
9000.0	5.00	8660.20034	9868.96798	9440.57846	9125.91733	9041.64274
9500.0	5.00	8936.61718	10454.01004	9846.84493	9432.96493	9325.98971
10000.0	5.00	9256.62404	10918.55222	10231.67001	9757.73197	9642.55672
10500.0	5.00	9601.25287	11316.94619	10594.98105	10090.12801	9978.03704
11000.0	5.00	9966.98370	11692.70861	10943.65575	10415.87925	10314.29419
11500.0	5.00	10346.74515	12053.19910	11285.59784	10740.58224	10653.64761
12000.0	5.00	10701.45483	12396.58830	11612.94337	11050.62000	10973.63586
12500.0	5.00	11061.89903	12734.77769	11940.04116	11364.06823	11297.03206
13000.0	5.00	11417.43488	13067.27369	12263.23381	11674.87005	11615.43844
13500.0	5.00	11770.71771	13397.58740	12585.43809	11985.31067	11932.47039
14000.0	5.00	12120.82871	13725.73633	12905.93403	12294.24151	12247.00162
14500.0	5.00	12471.81946	14053.28579	13226.24211	12603.32759	12561.42645
15000.0	5.00	12819.82378	14379.84238	13545.30505	12910.85690	12874.15039
15500.0	5.00	13169.70224	14706.88557	13865.20836	13219.44082	13187.74848
16000.0	5.00	13521.63332	15034.81518	14186.15398	13529.15955	13502.65040
16500.0	5.00	13872.54891	15363.10211	14507.07072	13838.42425	13817.40002
17000.0	5.00	14226.59837	15693.47863	14830.21173	14149.96395	14134.66802
20000.0	5.00	16406.30675	17723.07510	16814.13281	16060.68726	16084.14208
25000.0	5.00	20440.84223	21469.95776	20468.09980	19566.63254	19668.99965
30000.0	5.00	25862.31840	26397.39651	25360.08293	24294.57878	24538.13413
35000.0	5.00	31855.52689	31775.98583	30901.58971	29782.39312	30311.10873
40000.0	5.00	36401.48629	35938.23189	35156.50822	33980.28873	34738.00978
45000.0	5.00	40204.22440	39450.99667	38725.99628	37490.48885	38439.19242
50000.0	5.00	43730.44597	42721.77371	42039.32287	40742.10789	41866.24098
55000.0	5.00	47043.18638	45798.72142	45145.29189	43781.82109	45064.52828
60000.0	5.00	50305.53627	48828.20186	48191.07468	46752.17466	48182.26092
3750.0	5.25	3982.61009	4003.28804	3910.26215	3893.89149	3848.46856
4000.0	5.25	4190.47610	4195.01072	4097.08509	4080.47768	4038.68459
4250.0	5.25	4421.75825	4413.80206	4311.31872	4293.11903	4254.47222
4500.0	5.25	4675.73100	4656.50188	4549.04184	4528.43742	4493.32452
4750.0	5.25	4952.96216	4917.72146	4802.41184	4777.80409	4746.47596
5000.0	5.25	5231.88107	5212.41086	5086.62442	5056.23316	5028.64733
5250.0	5.25	5552.43457	5488.35324	5345.35195	5307.39541	5282.93312
5500.0	5.25	5848.37087	5758.53673	5601.25393	5556.22344	5535.04012
5750.0	5.25	6126.73637	6024.34432	5854.48303	5802.60903	5784.89439
6000.0	5.25	6391.82835	6288.65526	6106.73996	6047.84635	6033.59842
6250.0	5.25	6644.16810	6553.59671	6359.45528	6293.01181	6281.86424
6500.0	5.25	6882.12593	6820.33235	6613.53492	6538.97575	6530.27467
7000.0	5.25	7311.72789	7365.08573	7133.93123	7040.25794	7032.93773
7500.0	5.25	7687.85440	7934.64836	7680.35636	7560.96465	7547.60956
8000.0	5.25	8032.71882	8534.34238	8255.16343	8099.22420	8070.37911
8500.0	5.25	8367.24681	9158.79075	8846.06211	8639.28083	8586.57071
9000.0	5.25	8698.19973	9792.74304	9417.51582	9138.31156	9053.89571
9500.0	5.25	8981.93799	10388.17993	9871.49270	9497.84199	9381.64501
10000.0	5.25	9254.79441	10885.02171	10238.33918	9784.42044	9651.72973
10500.0	5.25	9592.42166	11300.79885	10609.77509	10118.08359	9983.29104
11000.0	5.25	9946.27872	11681.71623	10959.84609	10442.87322	10314.25902
11500.0	5.25	10308.32942	12043.73419	11297.84673	10760.19565	10641.41545
12000.0	5.25	10671.05483	12392.46033	11628.69408	11073.68692	10965.63190
12500.0	5.25	11030.74510	12732.23543	11955.11353	11385.20231	11287.07029
13000.0	5.25	11386.23449	13065.37863	12277.55720	11694.34046	11604.51886
13500.0	5.25	11738.98756	13395.75538	12598.86681	12003.31971	11920.83650
14000.0	5.25	12089.57414	13723.84461	12918.79096	12311.37613	12235.30866
14500.0	5.25	12438.97341	14050.63794	13237.87961	12618.83298	12548.89087
15000.0	5.25	12787.99756	14376.80443	13556.63443	12926.22624	12862.08862
15500.0	5.25	13137.00692	14702.79301	13875.27483	13233.38587	13174.91177
16000.0	5.25	13487.17400	15029.76326	14195.05766	13541.75680	13489.23763
16500.0	5.25	13838.60591	15357.42048	14515.58518	13850.78880	13804.25082
17000.0	5.25	14191.27748	15686.12395	14837.03679	14160.69206	14120.36487
20000.0	5.25	16363.40564	17706.75481	16813.13567	16064.32731	16065.79986
25000.0	5.25	20367.21081	21420.80429	20439.08796	19545.61132	19630.56516
30000.0	5.25	25678.10367	26247.09255	25229.54338	24176.34273	24404.24680
35000.0	5.25	31586.93817	31547.12169	30682.20322	29572.51515	30083.66575
40000.0	5.25	36074.57626	35653.76684	34880.17101	33715.75139	34457.18257
45000.0	5.25	39788.76999	39082.69401	38367.96893	37149.80731	38083.11590
50000.0	5.25	43199.64698	42246.64549	41580.65758	40309.52894	41420.22980
55000.0	5.25	46360.59493	45184.80657	44557.89898	43233.47160	44505.78649
60000.0	5.25	49427.25867	48038.34324	47443.13772	46061.63941	47486.91500
3750.0	5.50	4007.47664	4021.86551	3926.49403	3908.61648	3862.33918
4000.0	5.50	4206.14643	4206.36279	4107.00549	4089.69175	4047.57573
4250.0	5.50	4431.40541	4420.04396	4316.62605	4298.07268	4259.26532
4500.0	5.50	4679.95244	4657.95326	4549.97273	4529.25725	4494.01371
4750.0	5.50	4949.25445	4914.57548	4800.49875	4776.58723	4745.34065
5000.0	5.50	5209.51525	5207.17803	5086.41260	5058.08296	5031.03014
5250.0	5.50	5537.79790	5483.05469	5344.36470	5308.69897	5284.92951
5500.0	5.50	5839.46492	5753.62633	5600.06369	5557.40599	5536.93021
5750.0	5.50	6120.91981	6018.84640	5852.89163	5803.62618	5786.71873
6000.0	5.50	6387.85337	6281.40440	6104.06174	6048.54524	6035.30903
6250.0	5.50	6642.27224	6543.85817	6355.58381	6293.19584	6283.44691
6500.0	5.50	6883.59335	6807.55985	6608.23011	6538.50647	6531.66854
7000.0	5.50	7324.42895	7344.56775	7123.28753	7036.38214	7032.11298
7500.0	5.50	7713.33791	7903.48224	7661.27101	7551.67868	7542.81836
8000.0	5.50	8067.16292	8490.91790	8227.12754	8085.41499	8062.26439
8500.0	5.50	8405.70598	9103.86419	8813.00599	8626.61497	8579.86807
9000.0	5.50	8737.72840	9730.16897	9393.14370	9144.25597	9065.79017
9500.0	5.50	9048.90496	10339.65162	9901.77037	9564.79597	9447.38014
10000.0	5.50	9298.18482	10853.23954	10263.67615	9839.60468	9699.64425
10500.0	5.50	9597.28577	11281.38822	10625.80814	10149.65826	9999.15296
11000.0	5.50	9938.14592	11668.24815	10978.19320	10473.69056	10324.74561
11500.0	5.50	10291.30968	12034.89896	11317.40333	10790.52689	10648.56078
12000.0	5.50	10648.94125	12386.88552	11647.66074	11101.48138	10968.13507
12500.0	5.50	11006.52156	12728.96255	11973.64851	11411.11056	11286.96814
13000.0	5.50	11361.93705	13064.76329	12296.94672	11720.04413	11604.80910
13500.0	5.50	11714.07707	13394.59821	12616.34879	12026.35109	11918.35934
14000.0	5.50	12064.88892	13723.01692	12935.82784	12333.48425	12232.71718
14500.0	5.50	12414.41261	14049.82493	13254.49584	12640.24511	12546.11940
15000.0	5.50	12763.29676	14375.63938	13572.57191	12946.67626	12858.94160
15500.0	5.50	13112.50705	14701.71352	13891.21531	13253.76548	13172.37013
16000.0	5.50	13462.88713	15028.12336	14210.35951	13561.45620	13486.58063
16500.0	5.50	13813.20459	15354.79775	14529.82788	13869.30549	13800.89862
17000.0	5.50	14165.96341	15683.34114	14851.25444	14179.22526	14117.60651
20000.0	5.50	16333.10122	17697.37948	16821.46602	16077.20244	16060.10242
25000.0	5.50	20319.97472	21390.37315	20430.31236	19543.77179	19614.05586
30000.0	5.50	25557.72280	26146.46978	25151.81087	24109.19048	24325.33476
35000.0	5.50	31388.59552	31374.44798	30523.13418	29421.63491	29918.51774
40000.0	5.50	35825.32285	35431.91249	34670.52390	33515.70652	34243.04580
45000.0	5.50	39470.68232	38796.41590	38094.42820	36889.32606	37808.93201
50000.0	5.50	42798.00994	41881.89786	41230.56434	39977.81972	41074.51278
55000.0	5.50	45846.33962	44716.47584	44110.37913	42811.75213	44071.07793
60000.0	5.50	48783.20858	47451.74934	46885.58755	45540.61813	46954.42903
3750.0	5.75	4031.60763	4040.58048	3943.16274	3923.75690	3876.57374
4000.0	5.75	4222.25222	4218.76257	4118.10151	4100.04788	4057.57211
4250.0	5.75	4441.26820	4427.15456	4322.92743	4304.00771	4265.03958
4500.0	5.75	4684.99678	4660.79619	4552.49635	4531.74664	4496.44272
4750.0	5.75	4948.09688	4912.92303	4799.39139	4775.83515	4744.57330
5000.0	5.75	5185.10678	5203.31368	5087.84823	5061.50274	5034.92569
5250.0	5.75	5520.24565	5477.98737	5344.07621	5310.75720	5287.63727
5500.0	5.75	5828.99432	5749.14169	5599.49812	5559.28506	5539.56827
5750.0	5.75	6115.32094	6014.65009	5852.28000	5805.50907	5789.37980
6000.0	5.75	6385.02629	6276.10739	6102.75886	6050.02224	6037.70707
6250.0	5.75	6641.30598	6536.17352	6352.64678	6293.94863	6285.37859
6500.0	5.75	6885.53225	6797.35655	6604.02785	6538.72918	6533.54843
7000.0	5.75	7335.20303	7326.84526	7114.48929	7033.61224	7032.24459
7500.0	5.75	7736.45968	7875.73017	7644.70275	7543.93292	7539.68961
8000.0	5.75	8100.54092	8450.73435	8201.30070	8072.67972	8056.31830
8500.0	5.75	8445.30955	9051.36578	8780.16433	8612.52901	8574.08335
9000.0	5.75	8782.75276	9668.61361	9362.68143	9140.65729	9070.79603
9500.0	5.75	9104.10665	10270.35734	9897.14575	9600.84632	9492.37803
10000.0	5.75	9358.51904	10798.48741	10295.59045	9912.47726	9771.35723
10500.0	5.75	9620.34950	11254.45266	10642.83355	10188.09432	10029.51511
11000.0	5.75	9943.45786	11650.89636	10996.83452	10506.62023	10343.51401
11500.0	5.75	10286.04103	12022.41787	11338.17455	10823.64350	10664.19370
12000.0	5.75	10636.81864	12378.46723	11669.18846	11133.72876	10980.89543
12500.0	5.75	10990.23187	12722.86795	11993.84555	11440.25094	11294.94870
13000.0	5.75	11343.70730	13060.15983	12316.24538	11746.93137	11609.99254
13500.0	5.75	11695.94553	13392.40418	12636.71578	12053.64626	11924.64566
14000.0	5.75	12046.72902	13721.57428	12955.96365	12359.86541	12238.36508
14500.0	5.75	12396.48841	14048.87250	13274.45709	12665.94138	12551.66218
15000.0	5.75	12745.88106	14375.15964	13592.62103	12972.19843	12864.90767
15500.0	5.75	13095.28860	14701.08380	13910.91340	13278.69678	13178.23527
16000.0	5.75	13445.35053	15027.28120	14229.69060	13585.81715	13492.15371
16500.0	5.75	13796.40441	15354.14202	14549.31744	13893.73006	13807.21608
17000.0	5.75	14149.92362	15682.43504	14870.50522	14203.39224	14124.08527
20000.0	5.75	16315.14631	17692.61008	16837.60845	16098.17054	16065.54943
25000.0	5.75	20294.01721	21372.36218	20436.64188	19556.60412	19614.72601
30000.0	5.75	25485.07090	26080.43777	25112.23882	24079.52815	24286.37964
35000.0	5.75	31245.99697	31244.24506	30411.55655	29318.16883	29804.08614
40000.0	5.75	35631.15184	35252.11742	34506.61026	33360.43569	34075.80884
45000.0	5.75	39220.60859	38564.20480	37877.94421	36683.51979	37590.37220
50000.0	5.75	42474.00186	41580.50710	40946.31443	39707.46288	40790.63775
55000.0	5.75	45445.27701	44343.77001	43755.97802	42475.95373	43720.74897
60000.0	5.75	48286.33218	46991.50516	46449.16330	45129.23840	46529.46046
3750.0	6.00	4056.75084	4060.79150	3961.42490	3940.34886	3892.11259
4000.0	6.00	4239.15019	4232.38491	4130.49170	4111.62586	4068.72159
4250.0	6.00	4451.70253	4435.27268	4330.28830	4310.96542	4271.80913
4500.0	6.00	4690.13662	4664.08236	4555.40242	4534.52659	4499.12156
4750.0	6.00	4948.67341	4912.43805	4799.06171	4775.66197	4744.33747
5000.0	6.00	5156.49660	5199.06752	5089.12035	5064.45088	5038.28299
5250.0	6.00	5500.16535	5473.76131	5345.10795	5314.09325	5291.60051
5500.0	6.00	5816.37521	5744.94927	5599.65689	5561.85947	5542.90832
5750.0	6.00	6108.78917	6011.05439	5852.25301	5807.89896	5792.56911
6000.0	6.00	6382.33102	6272.06888	6102.18970	6052.06442	6040.58943
6250.0	6.00	6641.56071	6530.84392	6351.33384	6295.68793	6288.20224
6500.0	6.00	6888.14872	6789.26167	6600.76806	6539.38136	6535.59609
7000.0	6.00	7345.32726	7312.19922	7107.14356	7032.02265	7033.34130
7500.0	6.00	7757.12218	7851.11772	7630.46896	7537.76593	7538.20812
8000.0	6.00	8132.48919	8414.32428	8178.13415	8061.34763	8052.04210
8500.0	6.00	8485.33344	9002.18187	8748.73413	8598.20777	8569.32506
9000.0	6.00	8828.46189	9608.71198	9329.60512	9132.25464	9074.16973
9500.0	6.00	9158.14453	10208.56336	9881.46827	9620.03498	9524.74520
10000.0	6.00	9445.87048	10763.12994	10340.35325	9996.40582	9861.94470
10500.0	6.00	9673.54542	11216.24404	10669.60447	10248.36202	10090.08330
11000.0	6.00	9963.52495	11629.20277	11017.10942	10544.66707	10374.26690
11500.0	6.00	10293.99268	12005.80077	11359.69277	10859.40776	10688.18254
12000.0	6.00	10636.32990	12366.08826	11691.82830	11168.91801	11001.62690
12500.0	6.00	10984.54525	12714.40170	12017.52605	11475.05322	11314.15710
13000.0	6.00	11334.97025	13054.24961	12339.67480	11780.12636	11626.61116
13500.0	6.00	11685.69706	13388.30467	12659.77939	12085.04433	11939.28315
14000.0	6.00	12036.05556	13718.64134	12978.86955	12390.41059	12252.24914
14500.0	6.00	12385.91030	14046.75841	13297.26197	12695.86340	12565.05454
15000.0	6.00	12735.61444	14373.62894	13615.48241	13001.62127	12878.21404
15500.0	6.00	13085.52580	14699.98173	13933.84414	13307.93122	13191.59239
16000.0	6.00	13436.08027	15026.46118	14252.70210	13614.92684	13505.95452
16500.0	6.00	13787.79767	15353.50813	14572.48754	13922.87064	13821.33135
17000.0	6.00	14140.88936	15681.57206	14893.33804	14231.96308	14138.00284
20000.0	6.00	16308.55174	17690.62939	16860.07764	16126.26965	16080.94965
25000.0	6.00	20286.73532	21362.90532	20455.01652	19581.78311	19629.89507
30000.0	6.00	25450.67473	26039.91060	25102.18221	24079.44291	24279.86676
35000.0	6.00	31146.36530	31144.43843	30335.06350	29249.95913	29727.29466
40000.0	6.00	35483.52550	35106.71708	34381.63244	33243.94600	33949.15788
45000.0	6.00	39021.34420	38370.00003	37703.27248	36518.40659	37413.65951
50000.0	6.00	42207.62805	41323.57386	40708.51175	39481.51970	40551.41933
55000.0	6.00	45109.97342	44022.29962	43455.15056	42189.82876	43420.11681
60000.0	6.00	48051.72915	46764.78346	46248.69266	44945.42274	46340.13406
65000.0	6.00	57161.08116	54983.41897	53931.51476	52003.42860	53404.20363
70000.0	6.00	60171.07881	57763.78151	56741.95495	54762.31767	56322.82939
75000.0	6.00	63173.53332	60541.69976	59550.41257	57519.15884	59239.21160
80000.0	6.00	66180.62798	63326.86265	62364.91857	60280.86960	62157.17745
85000.0	6.00	69205.08558	66129.72343	65194.21348	63052.64896	65083.62032
90000.0	6.00	72252.40153	68954.47394	68043.05949	65841.26009	68023.00901
100000.0	6.00	78495.95373	74744.11326	73867.97548	71524.64413	73998.28440
3750.0	6.25	4082.37799	4081.96957	3980.74439	3957.79301	3908.31160
4000.0	6.25	4257.00986	4247.27683	4144.17648	4124.40505	4080.97290
4250.0	6.25	4462.87129	4444.39106	4338.65324	4318.86792	4279.47247
4500.0	6.25	4695.86105	4668.31531	4559.28480	4538.24312	4502.72400
4750.0	6.25	4950.27272	4912.81716	4799.40327	4776.04754	4744.63330
5000.0	6.25	5128.09801	5196.86455	5092.53324	5069.18956	5043.33815
5250.0	6.25	5475.68499	5469.18058	5346.10595	5317.26169	5295.38201
5500.0	6.25	5800.71282	5740.84530	5600.45058	5565.13767	5546.94877
5750.0	6.25	6100.54346	6007.80237	5852.88264	5810.99224	5796.44442
6000.0	6.25	6379.24014	6269.04147	6102.48667	6054.86526	6044.19790
6250.0	6.25	6642.03510	6526.86997	6350.69245	6297.82772	6291.28644
6500.0	6.25	6891.44917	6783.35847	6598.82365	6540.81269	6538.25997
7000.0	6.25	7355.12132	7299.85265	7100.62591	7031.07453	7034.78873
7500.0	6.25	7776.09140	7829.87695	7618.15990	7532.82198	7537.56719
8000.0	6.25	8162.10946	8381.24742	8157.28947	8051.31543	8049.07899
8500.0	6.25	8524.38593	8956.69656	8719.27265	8584.22495	8565.26399
9000.0	6.25	8874.82719	9551.30194	9295.32007	9120.10931	9074.89950
9500.0	6.25	9213.88837	10147.05751	9856.91068	9626.41841	9545.89321
10000.0	6.25	9526.03469	10706.49305	10352.72243	10051.27769	9930.85594
10500.0	6.25	9762.18048	11175.76459	10714.51452	10335.57401	10183.75545
11000.0	6.25	10006.30952	11598.98045	11040.42879	10594.01374	10423.85784
11500.0	6.25	10315.65846	11985.19041	11382.80356	10899.56793	10722.53109
12000.0	6.25	10648.58908	12349.16783	11716.33336	11208.52691	11032.59241
12500.0	6.25	10990.25735	12701.66763	12043.00290	11513.92079	11342.34456
13000.0	6.25	11336.34298	13044.54205	12365.16889	11817.54856	11652.04096
13500.0	6.25	11684.55486	13380.87471	12685.06182	12120.88020	11962.47009
14000.0	6.25	12033.66227	13712.79766	13003.89579	12425.00965	12273.83041
14500.0	6.25	12383.14399	14042.06473	13322.26881	12729.61031	12585.89416
15000.0	6.25	12732.96109	14369.83598	13640.55690	13034.88721	12898.65838
15500.0	6.25	13083.39543	14696.87765	13959.10364	13340.97988	13212.17545
16000.0	6.25	13434.56217	15023.91227	14278.22518	13647.87135	13526.68197
16500.0	6.25	13786.83100	15351.38777	14598.24817	13955.82029	13842.20834
17000.0	6.25	14140.75059	15679.80286	14919.51163	14265.21167	14159.41867
20000.0	6.25	16312.30336	17689.35603	16887.42030	16160.21894	16104.73385
25000.0	6.25	20294.62082	21358.12954	20481.97593	19616.23718	19656.45301
30000.0	6.25	25443.61389	26014.75774	25111.53104	24098.70682	24294.26663
35000.0	6.25	31082.16532	31068.05085	30286.87443	29210.73758	29681.60473
40000.0	6.25	35372.61828	34987.17587	34287.26290	33158.32013	33855.36137
45000.0	6.25	38862.06211	38205.02717	37561.88786	36386.52293	37271.90807
50000.0	6.25	42067.51029	41175.86197	40585.20822	39368.21976	40430.54129
55000.0	6.25	44963.58213	43869.14406	43327.47968	42073.43513	43297.63634
60000.0	6.25	47695.07515	46415.95219	45922.25305	44633.75771	46011.71397
3750.0	6.50	4108.47295	4103.97841	4000.93883	3975.84959	3924.86899
4000.0	6.50	4276.06609	4263.57057	4159.25620	4138.43368	4094.34755
4250.0	6.50	4475.15339	4454.77838	4348.25441	4327.91201	4288.21422
4500.0	6.50	4702.51532	4673.67888	4564.26545	4542.99233	4507.32834
4750.0	6.50	4952.54069	4913.99602	4800.49281	4777.12003	4745.60150
5000.0	6.50	5099.54980	5194.54687	5095.89985	5073.75244	5048.13240
5250.0	6.50	5450.33284	5466.94443	5349.60635	5322.77097	5301.44378
5500.0	6.50	5781.98998	5737.20249	5602.07683	5569.26860	5551.79917
5750.0	6.50	6089.90596	6004.90585	5854.33023	5815.02186	5801.32137
6000.0	6.50	6375.06405	6266.81859	6103.76493	6058.66148	6048.86428
6250.0	6.50	6642.79666	6524.65754	6351.55524	6301.32782	6295.68708
6500.0	6.50	6895.76811	6779.80298	6598.46742	6543.42781	6541.98772
7000.0	6.50	7365.91268	7290.96749	7096.67803	7031.45380	7037.20936
7500.0	6.50	7794.59522	7812.47359	7608.01098	7529.69390	7538.35795
8000.0	6.50	8190.01161	8352.70250	8139.59914	8043.00861	8047.31831
8500.0	6.50	8562.01643	8915.72928	8692.79077	8571.67797	8562.40755
9000.0	6.50	8920.74247	9497.75826	9262.11898	9106.91604	9075.02608
9500.0	6.50	9269.22548	10087.10096	9828.12170	9625.81537	9561.95813
10000.0	6.50	9597.32987	10648.39386	10345.25275	10081.71747	9979.66256
10500.0	6.50	9871.96722	11147.59207	10767.18255	10430.82784	10291.73141
11000.0	6.50	10086.40711	11561.56901	11077.62154	10670.26104	10507.74331
11500.0	6.50	10355.80685	11958.61645	11407.46217	10946.65314	10769.91663
12000.0	6.50	10674.77655	12328.90699	11742.62090	11252.17488	11072.22718
12500.0	6.50	11008.73245	12684.37637	12070.15800	11556.98781	11379.17691
13000.0	6.50	11349.81371	13031.17791	12393.15996	11859.73266	11686.50661
13500.0	6.50	11694.25752	13370.01321	12712.95326	12161.63433	11994.31887
14000.0	6.50	12041.20942	13703.94565	13031.53526	12464.23934	12303.69466
14500.0	6.50	12389.67345	14034.74305	13349.89429	12767.85280	12614.50069
15000.0	6.50	12739.22408	14363.61945	13668.22197	13072.56549	12926.62496
15500.0	6.50	13089.80427	14691.61319	13986.99648	13378.31240	13239.84613
16000.0	6.50	13441.46582	15019.36786	14306.42478	13685.21246	13554.32871
16500.0	6.50	13794.57985	15347.54004	14626.89809	13993.27912	13870.35547
17000.0	6.50	14149.23025	15676.54464	14948.51638	14302.70631	14187.81292
20000.0	6.50	16326.60270	17688.26454	16919.37232	16200.14619	16136.58310
25000.0	6.50	20317.41132	21356.93086	20517.08523	19659.91485	19694.09025
30000.0	6.50	25461.43256	26002.13491	25138.04127	24135.99408	24328.56090
35000.0	6.50	31046.43627	31008.08423	30259.96488	29193.59792	29659.64401
40000.0	6.50	35291.29305	34885.77756	34215.61659	33095.92185	33786.21100
45000.0	6.50	38738.95962	38064.65681	37449.56086	36283.99576	37160.85870
50000.0	6.50	41880.37871	40975.96757	40411.64543	39204.96753	40255.77359
55000.0	6.50	44710.87501	43607.97141	43091.49373	41849.08865	43058.71224
60000.0	6.50	47381.26637	46098.07101	45629.38220	44354.21579	45715.72245
65000.0	6.50	56124.56660	53967.00116	52971.21284	51081.71787	52424.63481
70000.0	6.50	58912.42411	56542.57137	55573.37733	53636.16986	55128.63517
75000.0	6.50	61668.61217	59093.78733	58152.48211	56169.64196	57811.55182
80000.0	6.50	64407.32647	61633.10170	60721.28772	58693.94342	60484.50802
85000.0	6.50	67138.48907	64168.23706	63286.02657	61214.26020	63152.87775
90000.0	6.50	69869.77135	66706.77209	65855.06437	63738.16066	65824.13093
100000.0	6.50	75356.81269	71817.24118	71029.44927	68824.28844	71209.89706
3750.0	6.75	4135.06087	4126.76604	4021.91751	3994.35183	3941.56374
4000.0	6.75	4296.38242	4281.24572	4175.68477	4153.63532	4108.72444
4250.0	6.75	4488.62833	4466.41711	4359.04979	4338.04217	4297.94512
4500.0	6.75	4710.28007	4680.23400	4570.35540	4548.74544	4512.86986
4750.0	6.75	4955.70606	4916.38389	4802.87125	4779.49576	4747.88820
5000.0	6.75	5073.42035	5193.18022	5100.31098	5079.03385	5053.59070
5250.0	6.75	5420.54099	5463.84810	5352.46007	5327.30152	5306.38572
5500.0	6.75	5759.92405	5734.15706	5604.69242	5574.26920	5557.50140
5750.0	6.75	6076.30474	6002.23590	5856.45078	5819.79727	5806.93304
6000.0	6.75	6369.26941	6265.27965	6105.93262	6063.42394	6054.49518
6250.0	6.75	6642.55523	6523.17881	6353.07414	6305.40097	6300.62689
6500.0	6.75	6899.95460	6777.67438	6599.08724	6546.82786	6546.34829
7000.0	6.75	7377.21819	7284.51362	7093.70065	7032.43102	7039.87478
7500.0	6.75	7813.05903	7798.27352	7599.55365	7527.17558	7539.14864
8000.0	6.75	8216.75622	8328.47489	8124.15444	8036.32325	8046.52155
8500.0	6.75	8597.63744	8878.89300	8668.83559	8560.12915	8560.09590
9000.0	6.75	8965.16889	9448.50264	9230.79269	9093.56452	9074.56440
9500.0	6.75	9323.42136	10028.80611	9796.37373	9619.42051	9572.45076
10000.0	6.75	9664.37744	10591.09456	10328.75405	10099.25071	10017.12570
10500.0	6.75	9973.28418	11107.86952	10792.80604	10499.29312	10379.89536
11000.0	6.75	10203.85619	11533.93179	11136.14510	10773.86027	10624.26779
11500.0	6.75	10427.57539	11924.02990	11439.19727	11012.60713	10843.92358
12000.0	6.75	10716.80532	12302.74411	11769.24943	11300.45514	11121.56057
12500.0	6.75	11040.60888	12662.91585	12098.68786	11603.93052	11423.88781
13000.0	6.75	11375.01884	13011.92479	12422.06641	11905.70699	11728.59109
13500.0	6.75	11715.51008	13354.77084	12742.86772	12206.99008	12034.44223
14000.0	6.75	12059.46941	13691.06203	13061.42360	12508.18138	12341.56002
14500.0	6.75	12406.01557	14023.62724	13379.53256	12810.47913	12650.72849
15000.0	6.75	12754.68281	14353.92515	13697.98336	13114.40188	12961.57804
15500.0	6.75	13104.98383	14682.97128	14016.82718	13419.62994	13274.20343
16000.0	6.75	13456.92180	15011.71791	14336.61238	13726.27385	13588.56156
16500.0	6.75	13810.56117	15340.67384	14657.51836	14034.38708	13904.60455
17000.0	6.75	14166.06727	15670.39388	14979.67612	14344.15617	14222.40822
20000.0	6.75	16350.23561	17685.57611	16954.57827	16244.72530	16175.11381
25000.0	6.75	20352.76598	21357.15561	20558.28958	19710.88200	19740.48639
30000.0	6.75	25499.96632	25998.39388	25177.81392	24187.84528	24379.09971
35000.0	6.75	31033.86029	30960.44022	30249.92727	29194.56178	29657.45970
40000.0	6.75	35234.61565	34798.32906	34162.19533	33053.14133	33737.83777
45000.0	6.75	38642.42210	37940.57756	37357.71556	36202.31190	37071.68404
50000.0	6.75	41740.58560	40811.58224	40277.84690	39081.94339	40123.13743
55000.0	6.75	44548.60410	43428.18607	42941.82522	41710.52723	42911.49631
60000.0	6.75	47119.30915	45820.03808	45379.08676	44116.30103	45462.53267
3750.0	7.00	4162.12424	4150.25303	4043.55207	4013.08465	3958.11594
4000.0	7.00	4317.94826	4300.24310	4193.37649	4169.86405	4123.92472
4250.0	7.00	4503.48397	4479.43696	4371.13497	4349.32009	4308.71026
4500.0	7.00	4719.20170	4687.97075	4577.57492	4555.56428	4519.44552
4750.0	7.00	4959.72419	4919.77540	4806.22245	4782.79023	4751.07543
5000.0	7.00	5050.21521	5192.03633	5104.89550	5084.42333	5059.14145
5250.0	7.00	5391.52742	5462.44258	5356.98730	5333.30245	5312.74909
5500.0	7.00	5734.77316	5732.08548	5608.62043	5580.47674	5564.39676
5750.0	7.00	6059.14390	5999.90412	5859.50292	5825.49350	5813.50905
6000.0	7.00	6360.29910	6263.69556	6108.66683	6068.95568	6061.03739
6250.0	7.00	6640.72747	6522.48998	6355.60668	6310.61241	6306.74308
6500.0	7.00	6903.64473	6776.97620	6600.98167	6551.48738	6552.04006
7000.0	7.00	7389.15292	7280.77753	7092.64451	7034.95361	7043.90644
7500.0	7.00	7832.03835	7787.92757	7593.37392	7526.42874	7541.27074
8000.0	7.00	8243.09388	8308.41271	8110.70812	8031.26290	8046.66497
8500.0	7.00	8631.66066	8847.22963	8647.97613	8550.62528	8559.04363
9000.0	7.00	9007.22694	9404.56564	9202.37063	9081.00022	9073.95377
9500.0	7.00	9375.01457	9973.67261	9764.05075	9609.78129	9579.09219
10000.0	7.00	9728.99297	10534.85455	10306.63088	10107.75591	10045.70218
10500.0	7.00	10058.03043	11055.43669	10792.12599	10538.60481	10441.87794
11000.0	7.00	10336.30000	11519.50357	11197.18763	10879.42405	10748.60562
11500.0	7.00	10543.22524	11893.45204	11492.38365	11111.59896	10957.46769
12000.0	7.00	10785.89757	12269.83571	11800.25026	11362.84251	11192.34569
12500.0	7.00	11087.62783	12636.43052	12128.21631	11655.68850	11478.01941
13000.0	7.00	11414.03376	12989.70398	12453.60115	11957.00240	11779.41190
13500.0	7.00	11748.38816	13333.29629	12773.68135	12256.48253	12082.28957
14000.0	7.00	12089.20694	13673.73476	13093.23313	12556.71939	12387.07524
14500.0	7.00	12433.45523	14008.98993	13412.09094	12858.68795	12695.15250
15000.0	7.00	12780.57872	14340.97687	13730.52995	13161.58714	13004.81109
15500.0	7.00	13129.92337	14671.30817	14049.45027	13465.92433	13316.21003
16000.0	7.00	13481.68363	15001.09242	14369.46404	13772.13661	13629.95105
16500.0	7.00	13835.54090	15330.96163	14690.64410	14080.21864	13945.71762
17000.0	7.00	14191.72655	15661.62923	15013.48765	14390.01975	14263.77126
20000.0	7.00	16383.06063	17681.14886	16993.09618	16294.53723	16220.63081
25000.0	7.00	20400.85729	21358.80379	20606.00867	19769.96057	19796.66932
30000.0	7.00	25554.81385	25999.56407	25227.74563	24251.01391	24441.63546
35000.0	7.00	31041.40605	30922.55645	30254.51346	29211.53378	29672.45453
40000.0	7.00	35199.56331	34722.98942	34125.49300	33027.77920	33708.19026
45000.0	7.00	38571.88631	37832.63944	37286.44669	36142.51250	37005.73492
50000.0	7.00	41618.55188	40656.57588	40157.57644	38973.05215	40005.43633
55000.0	7.00	44315.88140	43165.14647	42710.23856	41491.58500	42676.13593
60000.0	7.00	46871.61260	45548.27668	45138.55511	43888.77809	45219.61733
65000.0	7.00	55461.14151	53250.65775	52320.18745	50458.29878	51749.07311
70000.0	7.00	58089.92117	55677.98058	54767.82181	52857.33406	54287.46766
75000.0	7.00	60673.01554	58067.75896	57179.85521	55224.97274	56792.74283
80000.0	7.00	63225.74320	60433.74027	59570.15434	57571.38079	59278.39090
85000.0	7.00	65761.30021	62787.50895	61949.38656	59909.07600	61754.52618
90000.0	7.00	68282.53960	65131.63633	64320.90426	62239.90464	64223.91527
100000.0	7.00	73310.48332	69818.99358	69069.46310	66912.18447	69178.61025
3750.0	7.25	4189.37364	4174.09555	4065.47391	4031.54628	3973.90184
4000.0	7.25	4340.69608	4320.45391	4212.18700	4186.93118	4139.69141
4250.0	7.25	4519.77001	4493.84887	4384.51723	4361.72331	4320.44381
4500.0	7.25	4729.54938	4697.02517	4585.96176	4563.39564	4526.91734
4750.0	7.25	4964.66439	4924.00232	4810.22188	4786.57931	4754.66940
5000.0	7.25	5029.99696	5191.28442	5109.73560	5089.95579	5064.78420
5250.0	7.25	5363.52066	5461.70530	5362.27547	5339.56211	5319.23180
5500.0	7.25	5706.98746	5730.74671	5613.20336	5586.87306	5571.27046
5750.0	7.25	6038.45477	5998.18359	5863.46562	5832.02223	5820.84556
6000.0	7.25	6348.43169	6262.70930	6112.40183	6075.41186	6068.35699
6250.0	7.25	6636.49552	6522.27859	6359.01348	6316.81684	6313.92598
6500.0	7.25	6906.01956	6777.23011	6603.87133	6557.07801	6558.51941
7000.0	7.25	7401.51829	7279.32076	7093.08091	7038.58260	7048.73322
7500.0	7.25	7852.02977	7780.80232	7588.99815	7526.61885	7543.70856
8000.0	7.25	8269.60012	8291.87965	8099.21435	8026.69851	8046.44187
8500.0	7.25	8665.12915	8819.23240	8628.01572	8541.31356	8557.04644
9000.0	7.25	9047.79078	9364.29222	9175.19862	9068.08683	9071.92811
9500.0	7.25	9424.12360	9922.58705	9732.20323	9598.03280	9582.13276
10000.0	7.25	9790.26170	10478.76189	10279.19066	10107.72880	10064.61376
10500.0	7.25	10135.29930	11002.16027	10780.60038	10562.51463	10487.91426
11000.0	7.25	10449.32758	11482.65152	11222.54562	10949.23140	10842.30105
11500.0	7.25	10691.17019	11884.61261	11565.38071	11231.54185	11096.06420
12000.0	7.25	10898.23317	12236.18992	11846.58279	11454.09614	11299.39441
12500.0	7.25	11158.14106	12602.30031	12158.40616	11716.26570	11547.57419
13000.0	7.25	11466.91793	12960.95877	12483.88828	12010.50027	11836.27870
13500.0	7.25	11794.79835	13309.05499	12806.50593	12310.04323	12136.72271
14000.0	7.25	12130.11563	13650.26458	13125.82055	12609.34473	12439.55608
14500.0	7.25	12471.49021	13988.79540	13445.38341	12910.22647	12745.31909
15000.0	7.25	12816.12847	14322.47788	13763.63116	13211.84106	13053.03795
15500.0	7.25	13164.14661	14654.43268	14082.72716	13515.55594	13363.38095
16000.0	7.25	13515.11443	14985.40023	14402.93053	13821.07963	13676.28618
16500.0	7.25	13868.83593	15316.34223	14724.44776	14128.78289	13991.62491
17000.0	7.25	14225.16896	15647.76377	15047.57052	14438.69463	14309.45918
20000.0	7.25	16423.00018	17672.05011	17031.97187	16346.53512	16269.81340
25000.0	7.25	20458.60198	21358.24192	20656.41976	19833.59998	19858.18877
30000.0	7.25	25624.03303	26003.37598	25284.73447	24323.06403	24514.13144
35000.0	7.25	31063.72594	30888.09452	30267.06023	29238.31039	29698.19282
40000.0	7.25	35180.45915	34652.51843	34098.06415	33013.93351	33690.92966
45000.0	7.25	38518.59485	37731.51075	37225.89097	36095.20766	36953.12511
50000.0	7.25	41501.48892	40496.70826	40035.87378	38864.76738	39887.95942
55000.0	7.25	44167.37795	42976.14255	42557.97090	41352.77541	42526.38220
60000.0	7.25	46719.93153	45357.13387	44982.19304	43746.04366	45065.69266
3750.0	7.50	4216.74358	4198.34435	4087.90118	4050.00214	3989.24821
4000.0	7.50	4364.68078	4341.87031	4232.08436	4204.71729	4155.84432
4250.0	7.50	4537.68549	4509.78441	4399.29717	4375.31085	4333.16851
4500.0	7.50	4741.42705	4707.50059	4595.63812	4572.37066	4535.41613
4750.0	7.50	4970.96016	4929.46876	4815.30307	4791.30787	4759.12685
5000.0	7.50	5012.18814	5191.04324	5115.22559	5095.91433	5070.84593
5250.0	7.50	5338.05095	5461.27748	5367.84714	5345.95992	5325.83327
5500.0	7.50	5678.05508	5730.54885	5619.12670	5594.34662	5579.19720
5750.0	7.50	6014.43988	5997.41840	5868.56747	5839.64031	5829.20221
6000.0	7.50	6332.83124	6262.18075	6117.10935	6082.90229	6076.81271
6250.0	7.50	6629.39971	6522.65438	6363.52777	6324.17651	6322.32643
6500.0	7.50	6906.55205	6778.56973	6608.18036	6564.23789	6566.70573
7000.0	7.50	7412.98528	7279.35025	7094.69332	7043.29427	7054.60760
7500.0	7.50	7872.46856	7776.86050	7586.77457	7528.58757	7547.65114
8000.0	7.50	8296.82366	8279.95237	8090.61120	8024.23637	8047.65294
8500.0	7.50	8698.52228	8796.69400	8612.02071	8534.26681	8556.41650
9000.0	7.50	9087.39294	9329.75937	9150.99931	9057.29451	9070.98968
9500.0	7.50	9470.30987	9875.71498	9701.69755	9585.33468	9583.07604
10000.0	7.50	9847.41899	10425.56357	10250.24422	10103.50925	10078.18613
10500.0	7.50	10207.11702	10951.13901	10764.41736	10577.99263	10524.68949
11000.0	7.50	10542.43205	11434.51046	11224.33596	10991.46020	10909.18172
11500.0	7.50	10837.09908	11875.68583	11625.08098	11337.29300	11225.67619
12000.0	7.50	11052.85248	12225.66068	11920.57602	11577.81096	11443.47305
12500.0	7.50	11270.04018	12567.50001	12202.00275	11804.34353	11653.03190
13000.0	7.50	11542.70161	12925.99916	12515.95565	12074.00157	11910.19704
13500.0	7.50	11855.56993	13279.02392	12839.50179	12368.39145	12200.01136
14000.0	7.50	12184.68464	13624.12297	13160.92115	12667.30870	12500.03599
14500.0	7.50	12520.58871	13962.55878	13479.37255	12966.34008	12802.58951
15000.0	7.50	12860.37128	14295.38530	13795.44751	13265.00815	13106.89777
15500.0	7.50	13209.63830	14634.56602	14119.12717	13571.04019	13418.55850
16000.0	7.50	13559.39839	14967.00860	14439.49178	13875.93363	13730.39571
16500.0	7.50	13912.30084	15298.95378	14761.18471	14183.08152	14044.75686
17000.0	7.50	14268.42276	15631.34017	15084.66316	14492.69649	14362.14829
20000.0	7.50	16471.77689	17660.52177	17073.70192	16403.65793	16325.21665
25000.0	7.50	20527.49863	21357.82987	20712.08012	19904.63249	19927.89793
30000.0	7.50	25708.24725	26011.58444	25350.65872	24405.94548	24598.43199
35000.0	7.50	31102.06808	30860.48615	30290.39298	29277.78067	29737.27042
40000.0	7.50	35178.52828	34590.63020	34082.99325	33014.26615	33688.75739
45000.0	7.50	38485.65524	37642.37266	37181.01602	36065.32506	36918.71385
50000.0	7.50	41436.23441	40378.05252	39959.34007	38803.00863	39819.69939
55000.0	7.50	44082.50173	42840.31939	42462.26195	41271.53131	42437.42171
60000.0	7.50	46537.05754	45130.30782	44793.23474	43571.99004	44878.27829
65000.0	7.50	52005.72299	50074.49874	49490.98663	47945.72192	49299.08939
70000.0	7.50	54392.00866	52295.02177	51742.32780	50163.29640	51652.03844
75000.0	7.50	56714.91256	54452.71070	53942.38931	52333.74602	53957.28451
80000.0	7.50	58984.69782	56573.32755	56097.31873	54459.28210	56215.24577
85000.0	7.50	61240.10221	58685.67243	58246.79916	56580.64250	58469.70160
90000.0	7.50	63467.81172	60776.30970	60376.08894	58682.52398	60705.03509
100000.0	7.50	67884.93079	64934.52616	64619.52874	62878.70706	65168.72750
3750.0	7.75	4244.83260	4223.11235	4110.42255	4067.46817	4002.70707
4000.0	7.75	4389.86939	4364.42648	4252.96499	4223.03982	4172.12398
4250.0	7.75	4557.18478	4527.20465	4415.41600	4389.96962	4346.72140
4500.0	7.75	4754.97116	4719.48025	4606.66594	4582.51527	4544.93026
4750.0	7.75	4978.75068	4936.27129	4821.55125	4797.05700	4764.48957
5000.0	7.75	4996.17043	5191.27767	5121.28068	5102.44947	5077.42499
5250.0	7.75	5315.19762	5460.86621	5373.45932	5352.30079	5332.32991
5500.0	7.75	5649.52292	5730.86144	5625.54637	5601.87333	5587.06585
5750.0	7.75	5987.89480	5997.95205	5875.17683	5848.09920	5838.26963
6000.0	7.75	6313.35685	6262.40100	6122.99795	6091.50904	6086.32938
6250.0	7.75	6618.84848	6523.71095	6369.28186	6332.93483	6332.14200
6500.0	7.75	6903.98151	6780.26794	6613.33621	6572.42323	6575.97041
7000.0	7.75	7423.64701	7281.33174	7098.11861	7049.84254	7062.32325
7500.0	7.75	7892.24936	7774.99239	7585.82297	7531.46505	7552.22404
8000.0	7.75	8324.62980	8271.85527	8084.24511	8023.38566	8049.88356
8500.0	7.75	8732.33814	8778.76663	8598.09525	8528.49845	8556.04006
9000.0	7.75	9126.31103	9299.54262	9128.79919	9046.59206	9068.90410
9500.0	7.75	9514.77338	9834.32782	9673.26969	9573.25910	9583.23567
10000.0	7.75	9900.23451	10374.77987	10219.76013	10095.00742	10086.05197
10500.0	7.75	10273.29497	10900.33975	10742.99964	10585.43900	10552.17113
11000.0	7.75	10625.13110	11387.21684	11217.67958	11020.69147	10961.67042
11500.0	7.75	10951.25790	11838.37241	11644.84928	11402.03552	11316.81086
12000.0	7.75	11222.08634	12235.24970	12002.61244	11707.09454	11596.53298
12500.0	7.75	11428.12607	12554.17224	12273.61830	11927.91628	11798.91170
13000.0	7.75	11657.06213	12889.71227	12558.19375	12161.23747	12016.59293
13500.0	7.75	11938.23943	13242.17259	12872.81199	12435.28869	12279.07471
14000.0	7.75	12253.15707	13591.24732	13195.01864	12729.26910	12568.61639
14500.0	7.75	12583.50188	13934.55546	13516.26177	13028.12040	12868.11987
15000.0	7.75	12919.27808	14270.82793	13835.95875	13329.85482	13174.84660
15500.0	7.75	13263.28361	14606.36900	14153.73779	13628.83141	13477.96073
16000.0	7.75	13613.32425	14943.97579	14477.54233	13935.63734	13790.84093
16500.0	7.75	13965.09540	15277.36503	14799.56763	14242.15611	14104.19796
17000.0	7.75	14320.37428	15610.73097	15123.18896	14551.21534	14420.67347
20000.0	7.75	16528.03987	17645.28665	17116.77668	16464.76294	16385.52012
25000.0	7.75	20606.24626	21356.29405	20771.39662	19981.73688	20004.57191
30000.0	7.75	25804.94669	26021.97270	25422.97701	24497.64755	24692.02211
35000.0	7.75	31152.43780	30835.61802	30320.41436	29326.42193	29786.61560
40000.0	7.75	35189.70666	34533.11347	34076.19976	33025.57556	33698.62065
45000.0	7.75	38468.18518	37560.05780	37146.09508	36047.56878	36897.29408
50000.0	7.75	41360.70826	40243.44703	39868.95745	38729.81703	39739.34816
55000.0	7.75	43948.54826	42652.01807	42315.58101	41142.08028	42297.09285
60000.0	7.75	46442.67653	44980.24585	44683.43711	43478.40175	44775.97639
65000.0	7.75	54864.10704	52472.02347	51677.82858	49872.34394	51105.48760
70000.0	7.75	57333.41019	54750.77082	53966.92650	52110.95049	53468.27953
75000.0	7.75	59736.58196	56959.49087	56200.08481	54299.58217	55780.70664
80000.0	7.75	62086.34090	59133.68718	58386.45880	56440.65579	58043.73837
85000.0	7.75	64416.36216	61295.25161	60564.81476	58575.26079	60302.15751
90000.0	7.75	66716.90503	63432.36012	62720.40262	60689.30848	62540.10635
100000.0	7.75	71270.41459	67675.73455	67008.58731	64901.60596	67002.66364
3750.0	8.00	4275.19554	4249.83718	4134.44790	4085.29722	4015.66467
4000.0	8.00	4416.25719	4388.05283	4274.71212	4241.65552	4188.17924
4250.0	8.00	4578.32758	4546.08019	4432.80188	4405.55556	4360.88575
4500.0	8.00	4770.19630	4732.93457	4618.97324	4593.70667	4555.29465
4750.0	8.00	4988.20399	4944.53270	4829.06987	4803.89895	4770.83421
5000.0	8.00	4981.40817	5192.14756	5128.19657	5109.79234	5084.74424
5250.0	8.00	5294.93722	5460.73836	5379.53748	5358.83273	5338.99180
5500.0	8.00	5622.59545	5731.37527	5632.38997	5609.57226	5595.03130
5750.0	8.00	5959.38252	5999.26036	5882.66911	5857.17980	5847.87645
6000.0	8.00	6290.55766	6263.81001	6130.18351	6101.10302	6096.73158
6250.0	8.00	6604.40342	6525.39264	6376.03456	6342.62881	6342.85653
6500.0	8.00	6898.19111	6782.80963	6619.78887	6581.99206	6586.66202
7000.0	8.00	7432.30583	7284.49595	7102.84787	7057.74965	7071.42985
7500.0	8.00	7911.95353	7776.02582	7587.21592	7536.53194	7558.83879
8000.0	8.00	8352.69789	8267.03384	8079.86913	8023.99972	8053.09337
8500.0	8.00	8766.78932	8765.45045	8586.73236	8524.40585	8556.45491
9000.0	8.00	9165.55050	9275.11896	9109.35678	9037.70925	9067.38445
9500.0	8.00	9558.63694	9798.18658	9647.07129	9561.68976	9582.57538
10000.0	8.00	9950.05690	10328.60275	10189.85075	10084.94316	10090.70782
10500.0	8.00	10334.72543	10852.22972	10719.33961	10587.73371	10572.93721
11000.0	8.00	10700.46213	11341.23253	11205.64461	11041.14860	11003.78378
11500.0	8.00	11046.31730	11795.52310	11648.04064	11445.39287	11385.40468
12000.0	8.00	11362.46467	12218.28764	12047.32037	11799.52188	11716.27076
12500.0	8.00	11612.11767	12572.94971	12367.07517	12070.71780	11966.15497
13000.0	8.00	11819.22307	12875.73588	12628.81753	12285.74479	12165.61686
13500.0	8.00	12056.15075	13205.62621	12917.17973	12526.96767	12392.96830
14000.0	8.00	12344.83815	13553.48532	13230.52276	12801.23809	12655.07398
14500.0	8.00	12660.91150	13899.62605	13552.05426	13094.91298	12943.90811
15000.0	8.00	12992.74147	14242.37666	13874.47932	13394.88282	13244.14196
15500.0	8.00	13327.92600	14574.33357	14190.33216	13692.39153	13545.13616
16000.0	8.00	13675.26207	14913.48113	14514.09276	13997.95341	13855.73599
16500.0	8.00	14028.80680	15253.27670	14840.70096	14307.11555	14171.08548
17000.0	8.00	14382.56168	15587.20363	15164.17732	14615.49507	14486.23302
20000.0	8.00	16592.98046	17627.37268	17161.96046	16530.97082	16452.08763
25000.0	8.00	20693.89552	21353.27848	20833.47990	20064.42304	20087.29096
30000.0	8.00	25913.52064	26034.45154	25501.00514	24597.86278	24794.95425
35000.0	8.00	31214.29594	30814.00581	30356.25739	29383.43506	29844.69143
40000.0	8.00	35213.88997	34480.81465	34076.22830	33045.78227	33717.52493
45000.0	8.00	38465.19017	37484.90507	37120.39235	36041.48436	36888.16422
50000.0	8.00	41330.62978	40144.78607	39816.98217	38697.13890	39701.97398
55000.0	8.00	43894.98998	42532.93249	42240.96377	41086.05571	42234.82452
60000.0	8.00	46327.69894	44805.17916	44549.47302	43363.48211	44650.78505
3750.0	8.25	4305.01067	4276.22164	4158.12805	4101.47523	4025.97621
4000.0	8.25	4443.99756	4412.83409	4297.33964	4260.40668	4203.70791
4250.0	8.25	4601.07485	4566.39052	4451.41466	4421.95228	4375.46242
4500.0	8.25	4787.12785	4747.90496	4632.61580	4605.97860	4566.49329
4750.0	8.25	4999.59527	4954.46304	4838.01431	4811.91819	4778.13376
5000.0	8.25	4967.47448	5193.56074	5135.96777	5117.95966	5092.84914
5250.0	8.25	5276.66882	5460.90373	5386.18661	5365.72639	5345.92341
5500.0	8.25	5598.35052	5731.91117	5639.43920	5617.12463	5602.75148
5750.0	8.25	5931.12702	6001.15078	5890.78880	5866.38690	5857.46543
6000.0	8.25	6264.65390	6266.26471	6138.60809	6111.58175	6107.93467
6250.0	8.25	6585.89935	6528.04178	6384.06737	6353.46746	6354.70565
6500.0	8.25	6888.37524	6786.07282	6627.48935	6592.89750	6598.75574
7000.0	8.25	7438.73777	7289.18034	7109.40018	7067.67773	7082.57746
7500.0	8.25	7930.48820	7779.19050	7590.40175	7543.37742	7567.24260
8000.0	8.25	8380.55493	8265.85465	8078.24258	8027.00543	8058.38024
8500.0	8.25	8801.56423	8756.31576	8577.79060	8522.05784	8557.96825
9000.0	8.25	9205.27383	9255.68381	9092.25871	9030.12547	9066.02858
9500.0	8.25	9602.26945	9767.24376	9622.41150	9550.39212	9580.75403
10000.0	8.25	9998.07107	10287.04747	10160.43174	10073.67239	10092.61674
10500.0	8.25	10390.88825	10804.90922	10691.89568	10583.98485	10586.24345
11000.0	8.25	10769.91773	11297.87827	11190.36433	11055.27663	11037.97913
11500.0	8.25	11130.34817	11753.79121	11644.08935	11477.39202	11440.65257
12000.0	8.25	11471.82444	12183.22008	12062.49871	11858.73020	11802.36328
12500.0	8.25	11777.64172	12579.38980	12436.98062	12189.54974	12112.60701
13000.0	8.25	12013.55005	12900.83908	12729.08791	12437.55062	12343.15085
13500.0	8.25	12226.02277	13193.86473	12987.90469	12652.85141	12544.66761
14000.0	8.25	12473.11576	13517.96095	13276.01097	12896.20872	12774.22532
14500.0	8.25	12762.12353	13860.64080	13589.40852	13172.37514	13039.05805
15000.0	8.25	13078.80679	14205.01487	13911.12068	13465.92433	13326.60924
15500.0	8.25	13409.46195	14544.33376	14232.22162	13765.06570	13624.90825
16000.0	8.25	13745.52372	14870.89726	14550.26623	14067.86932	13931.17988
16500.0	8.25	14095.64723	15216.30721	14875.14006	14371.52016	14239.37907
17000.0	8.25	14454.71289	15561.57369	15208.25355	14686.91180	14560.65677
20000.0	8.25	16664.98993	17606.08711	17207.93900	16601.32022	16523.41182
25000.0	8.25	20790.07048	21348.80170	20897.89908	20152.76829	20176.59415
30000.0	8.25	26031.91301	26048.04554	25582.94186	24705.34834	24905.96807
35000.0	8.25	31284.80046	30793.59199	30395.55598	29447.35080	29910.61031
40000.0	8.25	35247.82182	34432.38677	34081.99421	33074.76064	33746.40895
45000.0	8.25	38473.87558	37415.41562	37101.35568	36045.08535	36889.62735
50000.0	8.25	41300.05466	40040.79344	39760.20040	38662.47904	39662.32126
55000.0	8.25	43857.94339	42425.20276	42177.60426	41044.23099	42187.48044
60000.0	8.25	46226.85773	44639.25986	44425.04127	43260.51024	44538.33927
65000.0	8.25	54638.01905	52057.66507	51376.23733	49631.69327	50835.98065
70000.0	8.25	57037.33839	54273.15183	53597.15854	51801.04472	53123.85781
75000.0	8.25	59366.79085	56427.30928	55758.06841	53912.34033	55351.92136
80000.0	8.25	61640.85713	58531.66676	57868.39319	55975.75344	57530.07100
85000.0	8.25	63866.25516	60595.43435	59941.60213	58004.21811	59673.70154
90000.0	8.25	66072.19388	62645.55165	62004.10943	60023.63502	61807.87874
100000.0	8.25	70411.56318	66689.08865	66078.36818	64018.76839	66035.42533
3750.0	8.50	4336.65110	4303.92994	4182.44164	4116.36216	4033.66271
4000.0	8.50	4473.27673	4438.87975	4320.88104	4279.11634	4218.39222
4250.0	8.50	4625.65890	4588.24135	4471.26267	4439.02726	4390.19945
4500.0	8.50	4806.00822	4764.56882	4647.71582	4619.37107	4578.49634
4750.0	8.50	5012.71171	4965.87832	4848.25791	4821.03851	4786.36470
5000.0	8.50	4953.12872	5195.10524	5144.22311	5126.60467	5101.29743
5250.0	8.50	5259.77102	5461.55252	5393.55340	5373.33291	5353.52042
5500.0	8.50	5576.53666	5732.42351	5646.77993	5624.68990	5610.45867
5750.0	8.50	5903.85690	6003.06941	5899.39780	5875.65496	5867.02629
6000.0	8.50	6237.22381	6269.81409	6148.30228	6122.73887	6119.66484
6250.0	8.50	6564.29872	6532.31000	6393.89926	6365.72307	6367.84614
6500.0	8.50	6874.78934	6790.60908	6636.76161	6605.25695	6612.24464
7000.0	8.50	7442.04211	7295.04350	7117.40922	7079.24826	7095.44483
7500.0	8.50	7947.23010	7784.28287	7595.43459	7552.13208	7577.46445
8000.0	8.50	8407.96677	8267.64131	8078.72847	8031.94672	8065.47111
8500.0	8.50	8836.67331	8751.40958	8571.63314	8521.94225	8561.17113
9000.0	8.50	9245.93349	9241.50530	9078.04225	9024.58332	9065.81998
9500.0	8.50	9646.53361	9741.99082	9600.07053	9540.24842	9578.72206
10000.0	8.50	10045.65640	10250.95199	10132.23275	10062.02464	10092.59545
10500.0	8.50	10444.54403	10762.01995	10663.71351	10577.66996	10595.24079
11000.0	8.50	10834.06163	11255.50640	11170.89263	11063.08729	11064.30961
11500.0	8.50	11207.40384	11715.77946	11636.90649	11503.00316	11487.48031
12000.0	8.50	11565.26912	12147.00260	12066.88642	11902.80450	11871.17044
12500.0	8.50	11903.41561	12556.56863	12466.99820	12266.96475	12218.29510
13000.0	8.50	12200.47572	12928.35884	12820.24165	12578.80763	12512.45264
13500.0	8.50	12430.47758	13227.22309	13095.50883	12813.98037	12732.96304
14000.0	8.50	12648.91160	13512.36015	13352.95816	13030.97228	12937.49308
14500.0	8.50	12898.46454	13827.68551	13638.88362	13274.99892	13168.52485
15000.0	8.50	13190.71596	14166.86562	13951.61764	13550.82064	13432.24722
15500.0	8.50	13508.73843	14510.02450	14273.85313	13844.58327	13718.97086
16000.0	8.50	13841.77694	14852.12112	14598.68807	14146.24619	14018.22845
16500.0	8.50	14182.65539	15188.26168	14920.68566	14449.03193	14322.63522
17000.0	8.50	14533.13146	15526.56415	15246.65998	14757.48798	14635.83209
20000.0	8.50	16746.24054	17583.45113	17256.24247	16677.83056	16602.09934
25000.0	8.50	20894.39425	21343.25678	20964.01139	20246.58787	20271.74428
30000.0	8.50	26161.62587	26064.96932	25669.95838	24821.58235	25026.72592
35000.0	8.50	31364.98068	30776.43581	30438.65474	29518.20788	29983.66172
40000.0	8.50	35290.48061	34385.97533	34089.41557	33109.30831	33780.39930
45000.0	8.50	38494.63927	37352.76252	37088.67367	36058.37160	36901.33226
50000.0	8.50	41254.67853	39919.18643	39684.76668	38612.96273	39607.13266
55000.0	8.50	43787.35696	42282.29621	42077.34552	40969.63423	42105.32489
60000.0	8.50	46200.93928	44544.28619	44371.94927	43230.38965	44503.69005
65000.0	8.50	54572.14017	51895.38103	51261.72848	49553.10715	50745.88798
70000.0	8.50	56937.70108	54080.25693	53447.94587	51686.55692	52995.11171
75000.0	8.50	59235.84969	56205.81792	55576.72031	53766.08814	55188.04018
80000.0	8.50	61481.20098	58286.15639	57662.18943	55803.89594	57338.73494
85000.0	8.50	63687.58861	60333.51930	59715.84895	57811.67205	59458.80862
90000.0	8.50	65861.58946	62353.53974	61743.81835	59795.73632	61554.20320
100000.0	8.50	70136.57619	66336.51044	65749.09354	63719.42566	65702.56122
3750.0	8.75	4370.28067	4333.12505	4207.53781	4129.60188	4038.13105
4000.0	8.75	4504.36537	4466.31865	4345.31610	4297.45906	4231.65816
4250.0	8.75	4652.07337	4611.61061	4492.29546	4456.57430	4404.74627
4500.0	8.75	4826.81141	4782.87236	4664.17780	4633.69833	4591.02902
4750.0	8.75	5027.66270	4978.84134	4859.78980	4831.15421	4795.31499
5000.0	8.75	4939.73720	5197.70725	5154.06094	5136.88797	5111.33165
5250.0	8.75	5243.75312	5462.70769	5401.71713	5381.76445	5361.86066
5500.0	8.75	5556.64589	5732.96961	5654.58427	5632.47554	5618.29575
5750.0	8.75	5878.90624	6004.67514	5908.09490	5884.57806	5876.18408
6000.0	8.75	6209.37877	6273.44512	6158.46864	6133.79767	6131.16257
6250.0	8.75	6539.18183	6537.19286	6404.65809	6378.36626	6381.27594
6500.0	8.75	6857.32558	6796.50971	6647.74198	6619.08379	6627.13955
7000.0	8.75	7441.75159	7302.30129	7127.23156	7092.84970	7110.42464
7500.0	8.75	7962.05063	7791.74100	7602.81811	7563.53947	7590.35237
8000.0	8.75	8433.66659	8271.67546	8081.08879	8038.69912	8074.21193
8500.0	8.75	8871.58110	8750.38314	8568.06450	8524.09565	8566.40028
9000.0	8.75	9287.60930	9232.94083	9067.41290	9021.89005	9067.74948
9500.0	8.75	9691.59562	9722.32310	9580.08919	9531.53069	9577.00199
10000.0	8.75	10093.42355	10220.35956	10105.23225	10050.30383	10090.93491
10500.0	8.75	10496.44505	10723.20291	10634.54581	10568.61729	10599.84978
11000.0	8.75	10894.47685	11216.10109	11148.62207	11066.08671	11084.22667
11500.0	8.75	11278.72177	11679.55477	11625.68955	11522.14405	11526.25297
12000.0	8.75	11649.19006	12114.18763	12066.70052	11938.76455	11929.26437
12500.0	8.75	12006.38979	12527.60546	12480.13197	12323.27104	12300.44375
13000.0	8.75	12342.26677	12920.55805	12865.74452	12674.48622	12637.16275
13500.0	8.75	12633.90821	13272.44259	13202.95188	12972.97302	12920.14228
14000.0	8.75	12863.83206	13556.87610	13469.30987	13202.79635	13137.49193
14500.0	8.75	13086.98415	13833.93824	13724.86468	13420.87407	13344.15352
15000.0	8.75	13342.25013	14142.72405	14009.42380	13665.76111	13576.52732
15500.0	8.75	13631.86758	14473.70320	14317.88902	13938.14298	13836.79645
16000.0	8.75	13947.16612	14813.02188	14638.35840	14229.33226	14119.14607
16500.0	8.75	14277.66858	15149.97802	14960.41369	14528.75914	14415.18082
17000.0	8.75	14618.65549	15486.39722	15283.90000	14832.84621	14719.19979
20000.0	8.75	16836.21042	17559.64473	17306.13202	16760.25892	16687.76130
25000.0	8.75	21007.33978	21337.74886	21032.11787	20346.52421	20374.00749
30000.0	8.75	26298.72515	26082.68788	25758.13958	24943.32572	25153.46365
35000.0	8.75	31452.31068	30761.68023	30483.36163	29594.95620	30063.25324
40000.0	8.75	35342.16411	34344.62000	34101.03260	33151.58592	33823.25231
45000.0	8.75	38524.88274	37295.44550	37079.93512	36079.35596	36921.28887
50000.0	8.75	41248.66066	39831.40105	39641.53691	38598.93264	39589.61202
55000.0	8.75	43752.25331	42169.72336	42006.36847	40926.94057	42056.98598
60000.0	8.75	46103.07316	44371.05759	44235.41353	43123.29774	44386.28595
3750.0	9.00	4405.20045	4362.95214	4232.28543	4139.39067	4037.38643
4000.0	9.00	4537.55576	4495.33179	4370.68969	4315.05293	4242.87195
4250.0	9.00	4680.52091	4636.58709	4514.46043	4474.29873	4418.61392
4500.0	9.00	4849.79648	4802.96710	4682.05993	4648.88189	4603.87414
4750.0	9.00	5045.38150	4994.26729	4873.57941	4843.25909	4806.04849
5000.0	9.00	4926.59228	5201.09272	5165.19365	5148.47756	5122.41736
5250.0	9.00	5228.11599	5464.37916	5410.83049	5391.25913	5371.18375
5500.0	9.00	5538.09673	5733.82522	5662.94461	5640.90394	5626.72253
5750.0	9.00	5856.13762	6006.05898	5917.11660	5893.54487	5885.26345
6000.0	9.00	6182.29228	6276.85993	6169.15106	6144.79356	6142.49885
6250.0	9.00	6512.33884	6542.86502	6416.74736	6391.64805	6395.15561
6500.0	9.00	6836.00219	6803.43728	6660.13548	6633.76530	6642.83335
7000.0	9.00	7437.71565	7311.17755	7139.09994	7108.52694	7127.56719
7500.0	9.00	7974.21749	7801.43435	7612.52580	7577.62163	7606.03751
8000.0	9.00	8458.32156	8279.19854	8086.54542	8048.88540	8086.29936
8500.0	9.00	8905.81527	8753.11309	8567.55667	8529.08211	8574.23682
9000.0	9.00	9328.70275	9228.31770	9058.96087	9020.88138	9071.08650
9500.0	9.00	9737.50937	9708.24825	9562.94424	9524.75858	9576.47216
10000.0	9.00	10142.72824	10196.80043	10081.15858	10040.56765	10090.02653
10500.0	9.00	10548.37390	10690.38649	10606.20973	10559.12111	10602.41852
11000.0	9.00	10952.61770	11180.35655	11124.28505	11065.46617	11098.95442
11500.0	9.00	11346.13614	11647.21967	11612.06793	11537.01035	11558.94989
12000.0	9.00	11726.62294	12084.61673	12063.20527	11968.53874	11979.48728
12500.0	9.00	12096.69858	12500.88440	12486.76891	12369.13059	12369.59014
13000.0	9.00	12454.74273	12901.13767	12888.48237	12743.45067	12733.02878
13500.0	9.00	12790.05944	13280.86912	13263.40074	13085.79218	13062.76943
14000.0	9.00	13080.59260	13618.12861	13590.21168	13376.87534	13340.51516
14500.0	9.00	13312.49405	13892.36511	13851.78125	13605.20997	13557.88882
15000.0	9.00	13541.56836	14162.66323	14105.70516	13824.39743	13766.27005
15500.0	9.00	13797.53119	14461.99132	14386.49077	14067.86932	13998.05188
16000.0	9.00	14084.81014	14783.73579	14689.22650	14335.29710	14252.95270
16500.0	9.00	14400.60109	15120.48478	15009.23773	14625.19074	14532.86049
17000.0	9.00	14731.79997	15447.90763	15330.60140	14927.66194	14830.67870
20000.0	9.00	16935.77307	17536.24880	17358.24105	16849.75803	16781.87433
25000.0	9.00	21128.47384	21317.83017	21097.71950	20454.13084	20485.85967
30000.0	9.00	26442.83900	26085.66433	25842.84322	25072.26915	25288.85687
35000.0	9.00	31546.56614	30749.32583	30529.41663	29677.50892	30149.32348
40000.0	9.00	35400.83412	34291.77685	34109.85220	33200.88521	33874.26233
45000.0	9.00	38564.30257	37229.59390	37070.34526	36109.03108	36950.78424
50000.0	9.00	41252.50817	39735.62847	39598.58699	38593.98079	39582.01968
55000.0	9.00	43737.19370	42059.10545	41944.96273	40902.77284	42028.70505
60000.0	9.00	46048.40031	44225.72752	44136.23029	43060.58366	44316.86523
65000.0	9.00	54492.61821	51614.80999	51063.13240	49445.86479	50621.46157
70000.0	9.00	56813.44262	53761.06335	53204.71476	51533.21585	52820.55958
75000.0	9.00	59063.21539	55844.66760	55285.02255	53562.62822	54959.17504
80000.0	9.00	61256.34760	57878.75201	57317.91496	55547.11064	57050.96123
85000.0	9.00	63406.19338	59875.41238	59314.05445	57496.71945	59107.70359
90000.0	9.00	65519.88965	61841.09520	61281.78571	59418.99782	61136.32785
100000.0	9.00	69657.24199	65698.06458	65148.43140	63202.95809	65131.84786
3750.0	9.25	4440.82143	4392.94502	4256.25817	4144.85388	4030.62225
4000.0	9.25	4572.91425	4525.74400	4396.58676	4330.96201	4250.79603
4250.0	9.25	4711.59759	4663.50558	4537.87273	4491.93409	4431.24734
4500.0	9.25	4875.10296	4824.91061	4701.31583	4664.68340	4616.62280
4750.0	9.25	5064.26889	5010.39051	4887.56057	4854.93426	4815.66779
5000.0	9.25	4914.13607	5205.39910	5177.96026	5161.81832	5135.16318
5250.0	9.25	5212.95471	5466.78665	5421.13896	5401.95562	5381.54100
5500.0	9.25	5520.64653	5735.25377	5672.15414	5650.19652	5635.86712
5750.0	9.25	5835.13909	6007.31158	5926.41601	5902.63768	5894.41026
6000.0	9.25	6157.15074	6279.61400	6179.84556	6155.30441	6153.20861
6250.0	9.25	6485.26315	6548.37637	6429.38463	6404.72997	6408.71112
6500.0	9.25	6811.89826	6811.26526	6673.99848	6649.14659	6658.98105
7000.0	9.25	7429.40686	7321.54798	7152.88648	7125.84110	7146.26264
7500.0	9.25	7982.84835	7812.89190	7624.04453	7593.71123	7623.73166
8000.0	9.25	8481.26040	8289.77168	8094.48480	8061.84449	8101.08142
8500.0	9.25	8939.48520	8759.79181	8569.89339	8537.08605	8584.63077
9000.0	9.25	9370.15637	9228.45515	9053.79003	9022.61297	9076.53764
9500.0	9.25	9784.31955	9699.81874	9548.74224	9520.04157	9577.33586
10000.0	9.25	10192.28198	10178.07540	10057.85293	10030.50464	10087.63477
10500.0	9.25	10599.99510	10661.93859	10576.47677	10547.20483	10600.86616
11000.0	9.25	11008.68163	11146.87233	11095.47944	11059.36333	11106.26787
11500.0	9.25	11410.29760	11616.19367	11593.02636	11545.17558	11583.12931
12000.0	9.25	11799.90127	12057.96854	12055.35737	11992.39589	12021.57522
12500.0	9.25	12179.52051	12476.80313	12488.15440	12407.09957	12428.11210
13000.0	9.25	12550.99357	12880.62040	12900.16594	12797.44369	12810.53121
13500.0	9.25	12910.79413	13270.91223	13293.52131	13165.15137	13169.24179
14000.0	9.25	13247.31548	13639.95523	13660.62887	13501.85234	13495.45843
14500.0	9.25	13541.00037	13967.97238	13982.27471	13790.63894	13772.13958
15000.0	9.25	13781.02917	14239.66268	14245.31828	14022.68615	13993.93869
15500.0	9.25	14011.62755	14501.01260	14496.14473	14242.10915	14203.95960
16000.0	9.25	14265.50515	14785.99857	14767.75304	14479.47021	14430.31650
16500.0	9.25	14551.49001	15101.29527	15068.89474	14746.04956	14685.16397
17000.0	9.25	14856.14772	15428.19371	15380.66505	15024.99884	14948.14715
20000.0	9.25	17042.82596	17511.19233	17408.93556	16943.51753	16881.37412
25000.0	9.25	21260.59395	21330.64780	21173.66181	20566.34900	20601.77062
30000.0	9.25	26595.80082	26106.76301	25931.97237	25205.81481	25429.62118
35000.0	9.25	31645.22895	30720.49571	30567.10871	29763.22625	30239.98252
40000.0	9.25	35464.96158	34254.62823	34120.41266	33252.05072	33927.03029
45000.0	9.25	38610.10024	37180.61451	37063.76277	36141.80895	36983.90711
50000.0	9.25	41265.33277	39659.59165	39560.72102	38594.59977	39580.50121
55000.0	9.25	43743.84349	42000.48402	41911.15942	40899.06736	42021.94088
60000.0	9.25	46016.83583	44117.69156	44060.36076	43020.14256	44271.14643
3750.0	9.50	4476.04893	4422.75931	4279.78845	4147.45486	4020.41084
4000.0	9.50	4610.09785	4557.25138	4422.60580	4344.32550	4254.42978
4250.0	9.50	4745.31083	4692.31846	4562.35747	4508.92459	4441.82784
4500.0	9.50	4903.05150	4848.79688	4721.82582	4680.64757	4628.52766
4750.0	9.50	5086.72917	5029.55843	4904.11131	4868.55299	4826.69566
5000.0	9.50	4911.29052	5219.13302	5200.72474	5185.36484	5158.32210
5250.0	9.50	5196.34067	5468.84613	5431.79460	5413.08006	5392.08036
5500.0	9.50	5503.24737	5737.09403	5682.23238	5660.49336	5645.87819
5750.0	9.50	5815.51093	6008.91369	5936.42682	5912.46879	5904.16324
6000.0	9.50	6134.12647	6282.28594	6191.13732	6166.15995	6164.15652
6250.0	9.50	6458.64949	6553.18723	6442.38560	6417.54041	6421.84952
6500.0	9.50	6786.04786	6819.25013	6688.94656	6664.73259	6675.19469
7000.0	9.50	7416.76748	7333.24705	7168.68014	7144.70053	7166.48434
7500.0	9.50	7987.81674	7826.63474	7638.23216	7612.61523	7644.38961
8000.0	9.50	8501.43980	8303.16303	8104.99792	8077.84460	8119.00065
8500.0	9.50	8971.93372	8770.52086	8575.43656	8548.71988	8598.66491
9000.0	9.50	9411.24799	9233.55326	9052.25960	9028.19677	9085.47784
9500.0	9.50	9832.18084	9698.01029	9539.59242	9519.72668	9582.08196
10000.0	9.50	10242.91153	10165.79765	10037.82952	10022.57208	10086.91081
10500.0	9.50	10652.54293	10639.75789	10548.14549	10535.57299	10598.66627
11000.0	9.50	11064.03895	11117.66373	11064.42137	11050.15428	11109.19142
11500.0	9.50	11472.06024	11587.48075	11569.23456	11547.81225	11600.45525
12000.0	9.50	11869.82574	12033.96996	12043.26347	12010.84928	12056.62125
12500.0	9.50	12257.61749	12456.60832	12486.07613	12439.91073	12479.62052
13000.0	9.50	12638.32727	12862.86887	12906.54300	12843.67831	12877.88634
13500.0	9.50	13012.45198	13258.10491	13310.91453	13227.85654	13256.11646
14000.0	9.50	13375.15836	13641.02446	13698.54001	13591.48822	13612.68737
14500.0	9.50	13715.09224	14002.49372	14060.97047	13926.27544	13938.19186
15000.0	9.50	14015.18825	14326.02790	14382.03059	14217.11589	14218.50112
15500.0	9.50	14264.28641	14588.60520	14646.43589	14457.44989	14450.42853
16000.0	9.50	14499.12920	14853.21553	14898.77558	14676.48255	14659.64280
16500.0	9.50	14751.87439	15126.26724	15163.07729	14909.39807	14882.04148
17000.0	9.50	15036.04097	15418.86496	15453.38038	15172.21352	15134.55659
20000.0	9.50	18340.22583	18552.90534	18556.53933	18174.86397	18030.19554
25000.0	9.50	21401.38400	21313.46333	21240.23750	20687.42479	20729.42670
30000.0	9.50	26756.67885	26132.69262	26022.11710	25346.24640	25578.84733
35000.0	9.50	31751.93437	30713.28748	30610.61616	29854.44954	30336.52590
40000.0	9.50	35536.56837	34223.55436	34132.25719	33310.02747	33988.01190
45000.0	9.50	38666.36107	37140.65664	37061.43618	36183.60698	37027.03566
50000.0	9.50	41261.78140	39567.43149	39501.65722	38579.41394	39562.68823
55000.0	9.50	43698.36780	41851.83365	41802.13418	40839.86019	41957.21344
60000.0	9.50	45987.98833	44003.87719	43971.83859	42974.15160	44219.54407
65000.0	9.50	54468.96935	51381.66427	50886.58000	49387.86142	50553.55348
70000.0	9.50	56758.05093	53502.32246	52995.48519	51442.02401	52715.48730
75000.0	9.50	58970.58462	55554.52839	55038.42291	53433.10794	54812.10240
80000.0	9.50	61128.35939	57558.71584	57035.38358	55380.12624	56863.37318
85000.0	9.50	63238.08843	59520.66938	58991.45586	57288.63727	58874.81712
90000.0	9.50	65306.82235	61446.68899	60913.04388	59165.36900	60852.89767
100000.0	9.50	69347.23395	65216.90977	64682.80218	62848.56179	64740.57468
