Teff	log(g)	T_BB_g	T_BB_r	T_BB_i
3750.0	5.0	3986.31159	3895.77975	3880.7982
4000.0	5.0	4184.566	4088.27652	4072.3813
4250.0	5.0	4408.37053	4307.02245	4289.21497
4500.0	5.0	4655.99071	4548.95782	4528.3855
4750.0	5.0	4922.48099	4805.19296	4779.50521
5000.0	5.0	5218.22295	5087.76885	5055.31979
5250.0	5.0	5494.04639	5347.10348	5306.86943
5500.0	5.0	5764.17796	5603.20664	5555.77861
5750.0	5.0	6031.44908	5857.24107	5802.37353
6000.0	5.0	6297.93524	6110.49377	6047.89943
6250.0	5.0	6565.65579	6364.33407	6293.5388
6500.0	5.0	6835.40205	6620.13601	6540.35153
7000.0	5.0	7388.33426	7146.52659	7045.39773
7500.0	5.0	7969.1039	7701.90571	7571.7313
8000.0	5.0	8580.60562	8284.92126	8113.70358
8500.0	5.0	9216.4069	8878.71892	8649.46703
9000.0	5.0	9868.96798	9440.57846	9125.91733
9500.0	5.0	10454.01004	9846.84493	9432.96493
10000.0	5.0	10918.55222	10231.67001	9757.73197
10500.0	5.0	11316.94619	10594.98105	10090.12801
11000.0	5.0	11692.70861	10943.65575	10415.87925
11500.0	5.0	12053.1991	11285.59784	10740.58224
12000.0	5.0	12396.5883	11612.94337	11050.62
12500.0	5.0	12734.77769	11940.04116	11364.06823
13000.0	5.0	13067.27369	12263.23381	11674.87005
13500.0	5.0	13397.5874	12585.43809	11985.31067
14000.0	5.0	13725.73633	12905.93403	12294.24151
14500.0	5.0	14053.28579	13226.24211	12603.32759
15000.0	5.0	14379.84238	13545.30505	12910.8569
15500.0	5.0	14706.88557	13865.20836	13219.44082
16000.0	5.0	15034.81518	14186.15398	13529.15955
16500.0	5.0	15363.10211	14507.07072	13838.42425
17000.0	5.0	15693.47863	14830.21173	14149.96395
20000.0	5.0	17723.0751	16814.13281	16060.68726
25000.0	5.0	21469.95776	20468.0998	19566.63254
30000.0	5.0	26397.39651	25360.08293	24294.57878
35000.0	5.0	31775.98583	30901.58971	29782.39312
40000.0	5.0	35938.23189	35156.50822	33980.28873
45000.0	5.0	39450.99667	38725.99628	37490.48885
50000.0	5.0	42721.77371	42039.32287	40742.10789
55000.0	5.0	45798.72142	45145.29189	43781.82109
60000.0	5.0	48828.20186	48191.07468	46752.17466
3750.0	5.25	4003.28804	3910.26215	3893.89149
4000.0	5.25	4195.01072	4097.08509	4080.47768
4250.0	5.25	4413.80206	4311.31872	4293.11903
4500.0	5.25	4656.50188	4549.04184	4528.43742
4750.0	5.25	4917.72146	4802.41184	4777.80409
5000.0	5.25	5212.41086	5086.62442	5056.23316
5250.0	5.25	5488.35324	5345.35195	5307.39541
5500.0	5.25	5758.53673	5601.25393	5556.22344
5750.0	5.25	6024.34432	5854.48303	5802.60903
6000.0	5.25	6288.65526	6106.73996	6047.84635
6250.0	5.25	6553.59671	6359.45528	6293.01181
6500.0	5.25	6820.33235	6613.53492	6538.97575
7000.0	5.25	7365.08573	7133.93123	7040.25794
7500.0	5.25	7934.64836	7680.35636	7560.96465
8000.0	5.25	8534.34238	8255.16343	8099.2242
8500.0	5.25	9158.79075	8846.06211	8639.28083
9000.0	5.25	9792.74304	9417.51582	9138.31156
9500.0	5.25	10388.17993	9871.4927	9497.84199
10000.0	5.25	10885.02171	10238.33918	9784.42044
10500.0	5.25	11300.79885	10609.77509	10118.08359
11000.0	5.25	11681.71623	10959.84609	10442.87322
11500.0	5.25	12043.73419	11297.84673	10760.19565
12000.0	5.25	12392.46033	11628.69408	11073.68692
12500.0	5.25	12732.23543	11955.11353	11385.20231
13000.0	5.25	13065.37863	12277.5572	11694.34046
13500.0	5.25	13395.75538	12598.86681	12003.31971
14000.0	5.25	13723.84461	12918.79096	12311.37613
14500.0	5.25	14050.63794	13237.87961	12618.83298
15000.0	5.25	14376.80443	13556.63443	12926.22624
15500.0	5.25	14702.79301	13875.27483	13233.38587
16000.0	5.25	15029.76326	14195.05766	13541.7568
16500.0	5.25	15357.42048	14515.58518	13850.7888
17000.0	5.25	15686.12395	14837.03679	14160.69206
20000.0	5.25	17706.75481	16813.13567	16064.32731
25000.0	5.25	21420.80429	20439.08796	19545.61132
30000.0	5.25	26247.09255	25229.54338	24176.34273
35000.0	5.25	31547.12169	30682.20322	29572.51515
40000.0	5.25	35653.76684	34880.17101	33715.75139
45000.0	5.25	39082.69401	38367.96893	37149.80731
50000.0	5.25	42246.64549	41580.65758	40309.52894
55000.0	5.25	45184.80657	44557.89898	43233.4716
60000.0	5.25	48038.34324	47443.13772	46061.63941
3750.0	5.5	4021.86551	3926.49403	3908.61648
4000.0	5.5	4206.36279	4107.00549	4089.69175
4250.0	5.5	4420.04396	4316.62605	4298.07268
4500.0	5.5	4657.95326	4549.97273	4529.25725
4750.0	5.5	4914.57548	4800.49875	4776.58723
5000.0	5.5	5207.17803	5086.4126	5058.08296
5250.0	5.5	5483.05469	5344.3647	5308.69897
5500.0	5.5	5753.62633	5600.06369	5557.40599
5750.0	5.5	6018.8464	5852.89163	5803.62618
6000.0	5.5	6281.4044	6104.06174	6048.54524
6250.0	5.5	6543.85817	6355.58381	6293.19584
6500.0	5.5	6807.55985	6608.23011	6538.50647
7000.0	5.5	7344.56775	7123.28753	7036.38214
7500.0	5.5	7903.48224	7661.27101	7551.67868
8000.0	5.5	8490.9179	8227.12754	8085.41499
8500.0	5.5	9103.86419	8813.00599	8626.61497
9000.0	5.5	9730.16897	9393.1437	9144.25597
9500.0	5.5	10339.65162	9901.77037	9564.79597
10000.0	5.5	10853.23954	10263.67615	9839.60468
10500.0	5.5	11281.38822	10625.80814	10149.65826
11000.0	5.5	11668.24815	10978.1932	10473.69056
11500.0	5.5	12034.89896	11317.40333	10790.52689
12000.0	5.5	12386.88552	11647.66074	11101.48138
12500.0	5.5	12728.96255	11973.64851	11411.11056
13000.0	5.5	13064.76329	12296.94672	11720.04413
13500.0	5.5	13394.59821	12616.34879	12026.35109
14000.0	5.5	13723.01692	12935.82784	12333.48425
14500.0	5.5	14049.82493	13254.49584	12640.24511
15000.0	5.5	14375.63938	13572.57191	12946.67626
15500.0	5.5	14701.71352	13891.21531	13253.76548
16000.0	5.5	15028.12336	14210.35951	13561.4562
16500.0	5.5	15354.79775	14529.82788	13869.30549
17000.0	5.5	15683.34114	14851.25444	14179.22526
20000.0	5.5	17697.37948	16821.46602	16077.20244
25000.0	5.5	21390.37315	20430.31236	19543.77179
30000.0	5.5	26146.46978	25151.81087	24109.19048
35000.0	5.5	31374.44798	30523.13418	29421.63491
40000.0	5.5	35431.91249	34670.5239	33515.70652
45000.0	5.5	38796.4159	38094.4282	36889.32606
50000.0	5.5	41881.89786	41230.56434	39977.81972
55000.0	5.5	44716.47584	44110.37913	42811.75213
60000.0	5.5	47451.74934	46885.58755	45540.61813
3750.0	5.75	4040.58048	3943.16274	3923.7569
4000.0	5.75	4218.76257	4118.10151	4100.04788
4250.0	5.75	4427.15456	4322.92743	4304.00771
4500.0	5.75	4660.79619	4552.49635	4531.74664
4750.0	5.75	4912.92303	4799.39139	4775.83515
5000.0	5.75	5203.31368	5087.84823	5061.50274
5250.0	5.75	5477.98737	5344.07621	5310.7572
5500.0	5.75	5749.14169	5599.49812	5559.28506
5750.0	5.75	6014.65009	5852.28	5805.50907
6000.0	5.75	6276.10739	6102.75886	6050.02224
6250.0	5.75	6536.17352	6352.64678	6293.94863
6500.0	5.75	6797.35655	6604.02785	6538.72918
7000.0	5.75	7326.84526	7114.48929	7033.61224
7500.0	5.75	7875.73017	7644.70275	7543.93292
8000.0	5.75	8450.73435	8201.3007	8072.67972
8500.0	5.75	9051.36578	8780.16433	8612.52901
9000.0	5.75	9668.61361	9362.68143	9140.65729
9500.0	5.75	10270.35734	9897.14575	9600.84632
10000.0	5.75	10798.48741	10295.59045	9912.47726
10500.0	5.75	11254.45266	10642.83355	10188.09432
11000.0	5.75	11650.89636	10996.83452	10506.62023
11500.0	5.75	12022.41787	11338.17455	10823.6435
12000.0	5.75	12378.46723	11669.18846	11133.72876
12500.0	5.75	12722.86795	11993.84555	11440.25094
13000.0	5.75	13060.15983	12316.24538	11746.93137
13500.0	5.75	13392.40418	12636.71578	12053.64626
14000.0	5.75	13721.57428	12955.96365	12359.86541
14500.0	5.75	14048.8725	13274.45709	12665.94138
15000.0	5.75	14375.15964	13592.62103	12972.19843
15500.0	5.75	14701.0838	13910.9134	13278.69678
16000.0	5.75	15027.2812	14229.6906	13585.81715
16500.0	5.75	15354.14202	14549.31744	13893.73006
17000.0	5.75	15682.43504	14870.50522	14203.39224
20000.0	5.75	17692.61008	16837.60845	16098.17054
25000.0	5.75	21372.36218	20436.64188	19556.60412
30000.0	5.75	26080.43777	25112.23882	24079.52815
35000.0	5.75	31244.24506	30411.55655	29318.16883
40000.0	5.75	35252.11742	34506.61026	33360.43569
45000.0	5.75	38564.2048	37877.94421	36683.51979
50000.0	5.75	41580.5071	40946.31443	39707.46288
55000.0	5.75	44343.77001	43755.97802	42475.95373
60000.0	5.75	46991.50516	46449.1633	45129.2384
3750.0	6.0	4060.7915	3961.4249	3940.34886
4000.0	6.0	4232.38491	4130.4917	4111.62586
4250.0	6.0	4435.27268	4330.2883	4310.96542
4500.0	6.0	4664.08236	4555.40242	4534.52659
4750.0	6.0	4912.43805	4799.06171	4775.66197
5000.0	6.0	5199.06752	5089.12035	5064.45088
5250.0	6.0	5473.76131	5345.10795	5314.09325
5500.0	6.0	5744.94927	5599.65689	5561.85947
5750.0	6.0	6011.05439	5852.25301	5807.89896
6000.0	6.0	6272.06888	6102.1897	6052.06442
6250.0	6.0	6530.84392	6351.33384	6295.68793
6500.0	6.0	6789.26167	6600.76806	6539.38136
7000.0	6.0	7312.19922	7107.14356	7032.02265
7500.0	6.0	7851.11772	7630.46896	7537.76593
8000.0	6.0	8414.32428	8178.13415	8061.34763
8500.0	6.0	9002.18187	8748.73413	8598.20777
9000.0	6.0	9608.71198	9329.60512	9132.25464
9500.0	6.0	10208.56336	9881.46827	9620.03498
10000.0	6.0	10763.12994	10340.35325	9996.40582
10500.0	6.0	11216.24404	10669.60447	10248.36202
11000.0	6.0	11629.20277	11017.10942	10544.66707
11500.0	6.0	12005.80077	11359.69277	10859.40776
12000.0	6.0	12366.08826	11691.8283	11168.91801
12500.0	6.0	12714.4017	12017.52605	11475.05322
13000.0	6.0	13054.24961	12339.6748	11780.12636
13500.0	6.0	13388.30467	12659.77939	12085.04433
14000.0	6.0	13718.64134	12978.86955	12390.41059
14500.0	6.0	14046.75841	13297.26197	12695.8634
15000.0	6.0	14373.62894	13615.48241	13001.62127
15500.0	6.0	14699.98173	13933.84414	13307.93122
16000.0	6.0	15026.46118	14252.7021	13614.92684
16500.0	6.0	15353.50813	14572.48754	13922.87064
17000.0	6.0	15681.57206	14893.33804	14231.96308
20000.0	6.0	17690.62939	16860.07764	16126.26965
25000.0	6.0	21362.90532	20455.01652	19581.78311
30000.0	6.0	26039.9106	25102.18221	24079.44291
35000.0	6.0	31144.43843	30335.0635	29249.95913
40000.0	6.0	35106.71708	34381.63244	33243.946
45000.0	6.0	38370.00003	37703.27248	36518.40659
50000.0	6.0	41323.57386	40708.51175	39481.5197
55000.0	6.0	44022.29962	43455.15056	42189.82876
60000.0	6.0	46764.78346	46248.69266	44945.42274
65000.0	6.0	54983.41897	53931.51476	52003.4286
70000.0	6.0	57763.78151	56741.95495	54762.31767
75000.0	6.0	60541.69976	59550.41257	57519.15884
80000.0	6.0	63326.86265	62364.91857	60280.8696
85000.0	6.0	66129.72343	65194.21348	63052.64896
90000.0	6.0	68954.47394	68043.05949	65841.26009
100000.0	6.0	74744.11326	73867.97548	71524.64413
3750.0	6.25	4081.96957	3980.74439	3957.79301
4000.0	6.25	4247.27683	4144.17648	4124.40505
4250.0	6.25	4444.39106	4338.65324	4318.86792
4500.0	6.25	4668.31531	4559.2848	4538.24312
4750.0	6.25	4912.81716	4799.40327	4776.04754
5000.0	6.25	5196.86455	5092.53324	5069.18956
5250.0	6.25	5469.18058	5346.10595	5317.26169
5500.0	6.25	5740.8453	5600.45058	5565.13767
5750.0	6.25	6007.80237	5852.88264	5810.99224
6000.0	6.25	6269.04147	6102.48667	6054.86526
6250.0	6.25	6526.86997	6350.69245	6297.82772
6500.0	6.25	6783.35847	6598.82365	6540.81269
7000.0	6.25	7299.85265	7100.62591	7031.07453
7500.0	6.25	7829.87695	7618.1599	7532.82198
8000.0	6.25	8381.24742	8157.28947	8051.31543
8500.0	6.25	8956.69656	8719.27265	8584.22495
9000.0	6.25	9551.30194	9295.32007	9120.10931
9500.0	6.25	10147.05751	9856.91068	9626.41841
10000.0	6.25	10706.49305	10352.72243	10051.27769
10500.0	6.25	11175.76459	10714.51452	10335.57401
11000.0	6.25	11598.98045	11040.42879	10594.01374
11500.0	6.25	11985.19041	11382.80356	10899.56793
12000.0	6.25	12349.16783	11716.33336	11208.52691
12500.0	6.25	12701.66763	12043.0029	11513.92079
13000.0	6.25	13044.54205	12365.16889	11817.54856
13500.0	6.25	13380.87471	12685.06182	12120.8802
14000.0	6.25	13712.79766	13003.89579	12425.00965
14500.0	6.25	14042.06473	13322.26881	12729.61031
15000.0	6.25	14369.83598	13640.5569	13034.88721
15500.0	6.25	14696.87765	13959.10364	13340.97988
16000.0	6.25	15023.91227	14278.22518	13647.87135
16500.0	6.25	15351.38777	14598.24817	13955.82029
17000.0	6.25	15679.80286	14919.51163	14265.21167
20000.0	6.25	17689.35603	16887.4203	16160.21894
25000.0	6.25	21358.12954	20481.97593	19616.23718
30000.0	6.25	26014.75774	25111.53104	24098.70682
35000.0	6.25	31068.05085	30286.87443	29210.73758
40000.0	6.25	34987.17587	34287.2629	33158.32013
45000.0	6.25	38205.02717	37561.88786	36386.52293
50000.0	6.25	41175.86197	40585.20822	39368.21976
55000.0	6.25	43869.14406	43327.47968	42073.43513
60000.0	6.25	46415.95219	45922.25305	44633.75771
3750.0	6.5	4103.97841	4000.93883	3975.84959
4000.0	6.5	4263.57057	4159.2562	4138.43368
4250.0	6.5	4454.77838	4348.25441	4327.91201
4500.0	6.5	4673.67888	4564.26545	4542.99233
4750.0	6.5	4913.99602	4800.49281	4777.12003
5000.0	6.5	5194.54687	5095.89985	5073.75244
5250.0	6.5	5466.94443	5349.60635	5322.77097
5500.0	6.5	5737.20249	5602.07683	5569.2686
5750.0	6.5	6004.90585	5854.33023	5815.02186
6000.0	6.5	6266.81859	6103.76493	6058.66148
6250.0	6.5	6524.65754	6351.55524	6301.32782
6500.0	6.5	6779.80298	6598.46742	6543.42781
7000.0	6.5	7290.96749	7096.67803	7031.4538
7500.0	6.5	7812.47359	7608.01098	7529.6939
8000.0	6.5	8352.7025	8139.59914	8043.00861
8500.0	6.5	8915.72928	8692.79077	8571.67797
9000.0	6.5	9497.75826	9262.11898	9106.91604
9500.0	6.5	10087.10096	9828.1217	9625.81537
10000.0	6.5	10648.39386	10345.25275	10081.71747
10500.0	6.5	11147.59207	10767.18255	10430.82784
11000.0	6.5	11561.56901	11077.62154	10670.26104
11500.0	6.5	11958.61645	11407.46217	10946.65314
12000.0	6.5	12328.90699	11742.6209	11252.17488
12500.0	6.5	12684.37637	12070.158	11556.98781
13000.0	6.5	13031.17791	12393.15996	11859.73266
13500.0	6.5	13370.01321	12712.95326	12161.63433
14000.0	6.5	13703.94565	13031.53526	12464.23934
14500.0	6.5	14034.74305	13349.89429	12767.8528
15000.0	6.5	14363.61945	13668.22197	13072.56549
15500.0	6.5	14691.61319	13986.99648	13378.3124
16000.0	6.5	15019.36786	14306.42478	13685.21246
16500.0	6.5	15347.54004	14626.89809	13993.27912
17000.0	6.5	15676.54464	14948.51638	14302.70631
20000.0	6.5	17688.26454	16919.37232	16200.14619
25000.0	6.5	21356.93086	20517.08523	19659.91485
30000.0	6.5	26002.13491	25138.04127	24135.99408
35000.0	6.5	31008.08423	30259.96488	29193.59792
40000.0	6.5	34885.77756	34215.61659	33095.92185
45000.0	6.5	38064.65681	37449.56086	36283.99576
50000.0	6.5	40975.96757	40411.64543	39204.96753
55000.0	6.5	43607.97141	43091.49373	41849.08865
60000.0	6.5	46098.07101	45629.3822	44354.21579
65000.0	6.5	53967.00116	52971.21284	51081.71787
70000.0	6.5	56542.57137	55573.37733	53636.16986
75000.0	6.5	59093.78733	58152.48211	56169.64196
80000.0	6.5	61633.1017	60721.28772	58693.94342
85000.0	6.5	64168.23706	63286.02657	61214.2602
90000.0	6.5	66706.77209	65855.06437	63738.16066
100000.0	6.5	71817.24118	71029.44927	68824.28844
3750.0	6.75	4126.76604	4021.91751	3994.35183
4000.0	6.75	4281.24572	4175.68477	4153.63532
4250.0	6.75	4466.41711	4359.04979	4338.04217
4500.0	6.75	4680.234	4570.3554	4548.74544
4750.0	6.75	4916.38389	4802.87125	4779.49576
5000.0	6.75	5193.18022	5100.31098	5079.03385
5250.0	6.75	5463.8481	5352.46007	5327.30152
5500.0	6.75	5734.15706	5604.69242	5574.2692
5750.0	6.75	6002.2359	5856.45078	5819.79727
6000.0	6.75	6265.27965	6105.93262	6063.42394
6250.0	6.75	6523.17881	6353.07414	6305.40097
6500.0	6.75	6777.67438	6599.08724	6546.82786
7000.0	6.75	7284.51362	7093.70065	7032.43102
7500.0	6.75	7798.27352	7599.55365	7527.17558
8000.0	6.75	8328.47489	8124.15444	8036.32325
8500.0	6.75	8878.893	8668.83559	8560.12915
9000.0	6.75	9448.50264	9230.79269	9093.56452
9500.0	6.75	10028.80611	9796.37373	9619.42051
10000.0	6.75	10591.09456	10328.75405	10099.25071
10500.0	6.75	11107.86952	10792.80604	10499.29312
11000.0	6.75	11533.93179	11136.1451	10773.86027
11500.0	6.75	11924.0299	11439.19727	11012.60713
12000.0	6.75	12302.74411	11769.24943	11300.45514
12500.0	6.75	12662.91585	12098.68786	11603.93052
13000.0	6.75	13011.92479	12422.06641	11905.70699
13500.0	6.75	13354.77084	12742.86772	12206.99008
14000.0	6.75	13691.06203	13061.4236	12508.18138
14500.0	6.75	14023.62724	13379.53256	12810.47913
15000.0	6.75	14353.92515	13697.98336	13114.40188
15500.0	6.75	14682.97128	14016.82718	13419.62994
16000.0	6.75	15011.71791	14336.61238	13726.27385
16500.0	6.75	15340.67384	14657.51836	14034.38708
17000.0	6.75	15670.39388	14979.67612	14344.15617
20000.0	6.75	17685.57611	16954.57827	16244.7253
25000.0	6.75	21357.15561	20558.28958	19710.882
30000.0	6.75	25998.39388	25177.81392	24187.84528
35000.0	6.75	30960.44022	30249.92727	29194.56178
40000.0	6.75	34798.32906	34162.19533	33053.14133
45000.0	6.75	37940.57756	37357.71556	36202.3119
50000.0	6.75	40811.58224	40277.8469	39081.94339
55000.0	6.75	43428.18607	42941.82522	41710.52723
60000.0	6.75	45820.03808	45379.08676	44116.30103
3750.0	7.0	4150.25303	4043.55207	4013.08465
4000.0	7.0	4300.2431	4193.37649	4169.86405
4250.0	7.0	4479.43696	4371.13497	4349.32009
4500.0	7.0	4687.97075	4577.57492	4555.56428
4750.0	7.0	4919.7754	4806.22245	4782.79023
5000.0	7.0	5192.03633	5104.8955	5084.42333
5250.0	7.0	5462.44258	5356.9873	5333.30245
5500.0	7.0	5732.08548	5608.62043	5580.47674
5750.0	7.0	5999.90412	5859.50292	5825.4935
6000.0	7.0	6263.69556	6108.66683	6068.95568
6250.0	7.0	6522.48998	6355.60668	6310.61241
6500.0	7.0	6776.9762	6600.98167	6551.48738
7000.0	7.0	7280.77753	7092.64451	7034.95361
7500.0	7.0	7787.92757	7593.37392	7526.42874
8000.0	7.0	8308.41271	8110.70812	8031.2629
8500.0	7.0	8847.22963	8647.97613	8550.62528
9000.0	7.0	9404.56564	9202.37063	9081.00022
9500.0	7.0	9973.67261	9764.05075	9609.78129
10000.0	7.0	10534.85455	10306.63088	10107.75591
10500.0	7.0	11055.43669	10792.12599	10538.60481
11000.0	7.0	11519.50357	11197.18763	10879.42405
11500.0	7.0	11893.45204	11492.38365	11111.59896
12000.0	7.0	12269.83571	11800.25026	11362.84251
12500.0	7.0	12636.43052	12128.21631	11655.6885
13000.0	7.0	12989.70398	12453.60115	11957.0024
13500.0	7.0	13333.29629	12773.68135	12256.48253
14000.0	7.0	13673.73476	13093.23313	12556.71939
14500.0	7.0	14008.98993	13412.09094	12858.68795
15000.0	7.0	14340.97687	13730.52995	13161.58714
15500.0	7.0	14671.30817	14049.45027	13465.92433
16000.0	7.0	15001.09242	14369.46404	13772.13661
16500.0	7.0	15330.96163	14690.6441	14080.21864
17000.0	7.0	15661.62923	15013.48765	14390.01975
20000.0	7.0	17681.14886	16993.09618	16294.53723
25000.0	7.0	21358.80379	20606.00867	19769.96057
30000.0	7.0	25999.56407	25227.74563	24251.01391
35000.0	7.0	30922.55645	30254.51346	29211.53378
40000.0	7.0	34722.98942	34125.493	33027.7792
45000.0	7.0	37832.63944	37286.44669	36142.5125
50000.0	7.0	40656.57588	40157.57644	38973.05215
55000.0	7.0	43165.14647	42710.23856	41491.585
60000.0	7.0	45548.27668	45138.55511	43888.77809
65000.0	7.0	53250.65775	52320.18745	50458.29878
70000.0	7.0	55677.98058	54767.82181	52857.33406
75000.0	7.0	58067.75896	57179.85521	55224.97274
80000.0	7.0	60433.74027	59570.15434	57571.38079
85000.0	7.0	62787.50895	61949.38656	59909.076
90000.0	7.0	65131.63633	64320.90426	62239.90464
100000.0	7.0	69818.99358	69069.4631	66912.18447
3750.0	7.25	4174.09555	4065.47391	4031.54628
4000.0	7.25	4320.45391	4212.187	4186.93118
4250.0	7.25	4493.84887	4384.51723	4361.72331
4500.0	7.25	4697.02517	4585.96176	4563.39564
4750.0	7.25	4924.00232	4810.22188	4786.57931
5000.0	7.25	5191.28442	5109.7356	5089.95579
5250.0	7.25	5461.7053	5362.27547	5339.56211
5500.0	7.25	5730.74671	5613.20336	5586.87306
5750.0	7.25	5998.18359	5863.46562	5832.02223
6000.0	7.25	6262.7093	6112.40183	6075.41186
6250.0	7.25	6522.27859	6359.01348	6316.81684
6500.0	7.25	6777.23011	6603.87133	6557.07801
7000.0	7.25	7279.32076	7093.08091	7038.5826
7500.0	7.25	7780.80232	7588.99815	7526.61885
8000.0	7.25	8291.87965	8099.21435	8026.69851
8500.0	7.25	8819.2324	8628.01572	8541.31356
9000.0	7.25	9364.29222	9175.19862	9068.08683
9500.0	7.25	9922.58705	9732.20323	9598.0328
10000.0	7.25	10478.76189	10279.19066	10107.7288
10500.0	7.25	11002.16027	10780.60038	10562.51463
11000.0	7.25	11482.65152	11222.54562	10949.2314
11500.0	7.25	11884.61261	11565.38071	11231.54185
12000.0	7.25	12236.18992	11846.58279	11454.09614
12500.0	7.25	12602.30031	12158.40616	11716.2657
13000.0	7.25	12960.95877	12483.88828	12010.50027
13500.0	7.25	13309.05499	12806.50593	12310.04323
14000.0	7.25	13650.26458	13125.82055	12609.34473
14500.0	7.25	13988.7954	13445.38341	12910.22647
15000.0	7.25	14322.47788	13763.63116	13211.84106
15500.0	7.25	14654.43268	14082.72716	13515.55594
16000.0	7.25	14985.40023	14402.93053	13821.07963
16500.0	7.25	15316.34223	14724.44776	14128.78289
17000.0	7.25	15647.76377	15047.57052	14438.69463
20000.0	7.25	17672.05011	17031.97187	16346.53512
25000.0	7.25	21358.24192	20656.41976	19833.59998
30000.0	7.25	26003.37598	25284.73447	24323.06403
35000.0	7.25	30888.09452	30267.06023	29238.31039
40000.0	7.25	34652.51843	34098.06415	33013.93351
45000.0	7.25	37731.51075	37225.89097	36095.20766
50000.0	7.25	40496.70826	40035.87378	38864.76738
55000.0	7.25	42976.14255	42557.9709	41352.77541
60000.0	7.25	45357.13387	44982.19304	43746.04366
3750.0	7.5	4198.34435	4087.90118	4050.00214
4000.0	7.5	4341.87031	4232.08436	4204.71729
4250.0	7.5	4509.78441	4399.29717	4375.31085
4500.0	7.5	4707.50059	4595.63812	4572.37066
4750.0	7.5	4929.46876	4815.30307	4791.30787
5000.0	7.5	5191.04324	5115.22559	5095.91433
5250.0	7.5	5461.27748	5367.84714	5345.95992
5500.0	7.5	5730.54885	5619.1267	5594.34662
5750.0	7.5	5997.4184	5868.56747	5839.64031
6000.0	7.5	6262.18075	6117.10935	6082.90229
6250.0	7.5	6522.65438	6363.52777	6324.17651
6500.0	7.5	6778.56973	6608.18036	6564.23789
7000.0	7.5	7279.35025	7094.69332	7043.29427
7500.0	7.5	7776.8605	7586.77457	7528.58757
8000.0	7.5	8279.95237	8090.6112	8024.23637
8500.0	7.5	8796.694	8612.02071	8534.26681
9000.0	7.5	9329.75937	9150.99931	9057.29451
9500.0	7.5	9875.71498	9701.69755	9585.33468
10000.0	7.5	10425.56357	10250.24422	10103.50925
10500.0	7.5	10951.13901	10764.41736	10577.99263
11000.0	7.5	11434.51046	11224.33596	10991.4602
11500.0	7.5	11875.68583	11625.08098	11337.293
12000.0	7.5	12225.66068	11920.57602	11577.81096
12500.0	7.5	12567.50001	12202.00275	11804.34353
13000.0	7.5	12925.99916	12515.95565	12074.00157
13500.0	7.5	13279.02392	12839.50179	12368.39145
14000.0	7.5	13624.12297	13160.92115	12667.3087
14500.0	7.5	13962.55878	13479.37255	12966.34008
15000.0	7.5	14295.3853	13795.44751	13265.00815
15500.0	7.5	14634.56602	14119.12717	13571.04019
16000.0	7.5	14967.0086	14439.49178	13875.93363
16500.0	7.5	15298.95378	14761.18471	14183.08152
17000.0	7.5	15631.34017	15084.66316	14492.69649
20000.0	7.5	17660.52177	17073.70192	16403.65793
25000.0	7.5	21357.82987	20712.08012	19904.63249
30000.0	7.5	26011.58444	25350.65872	24405.94548
35000.0	7.5	30860.48615	30290.39298	29277.78067
40000.0	7.5	34590.6302	34082.99325	33014.26615
45000.0	7.5	37642.37266	37181.01602	36065.32506
50000.0	7.5	40378.05252	39959.34007	38803.00863
55000.0	7.5	42840.31939	42462.26195	41271.53131
60000.0	7.5	45130.30782	44793.23474	43571.99004
65000.0	7.5	50074.49874	49490.98663	47945.72192
70000.0	7.5	52295.02177	51742.3278	50163.2964
75000.0	7.5	54452.7107	53942.38931	52333.74602
80000.0	7.5	56573.32755	56097.31873	54459.2821
85000.0	7.5	58685.67243	58246.79916	56580.6425
90000.0	7.5	60776.3097	60376.08894	58682.52398
100000.0	7.5	64934.52616	64619.52874	62878.70706
3750.0	7.75	4223.11235	4110.42255	4067.46817
4000.0	7.75	4364.42648	4252.96499	4223.03982
4250.0	7.75	4527.20465	4415.416	4389.96962
4500.0	7.75	4719.48025	4606.66594	4582.51527
4750.0	7.75	4936.27129	4821.55125	4797.057
5000.0	7.75	5191.27767	5121.28068	5102.44947
5250.0	7.75	5460.86621	5373.45932	5352.30079
5500.0	7.75	5730.86144	5625.54637	5601.87333
5750.0	7.75	5997.95205	5875.17683	5848.0992
6000.0	7.75	6262.401	6122.99795	6091.50904
6250.0	7.75	6523.71095	6369.28186	6332.93483
6500.0	7.75	6780.26794	6613.33621	6572.42323
7000.0	7.75	7281.33174	7098.11861	7049.84254
7500.0	7.75	7774.99239	7585.82297	7531.46505
8000.0	7.75	8271.85527	8084.24511	8023.38566
8500.0	7.75	8778.76663	8598.09525	8528.49845
9000.0	7.75	9299.54262	9128.79919	9046.59206
9500.0	7.75	9834.32782	9673.26969	9573.2591
10000.0	7.75	10374.77987	10219.76013	10095.00742
10500.0	7.75	10900.33975	10742.99964	10585.439
11000.0	7.75	11387.21684	11217.67958	11020.69147
11500.0	7.75	11838.37241	11644.84928	11402.03552
12000.0	7.75	12235.2497	12002.61244	11707.09454
12500.0	7.75	12554.17224	12273.6183	11927.91628
13000.0	7.75	12889.71227	12558.19375	12161.23747
13500.0	7.75	13242.17259	12872.81199	12435.28869
14000.0	7.75	13591.24732	13195.01864	12729.2691
14500.0	7.75	13934.55546	13516.26177	13028.1204
15000.0	7.75	14270.82793	13835.95875	13329.85482
15500.0	7.75	14606.369	14153.73779	13628.83141
16000.0	7.75	14943.97579	14477.54233	13935.63734
16500.0	7.75	15277.36503	14799.56763	14242.15611
17000.0	7.75	15610.73097	15123.18896	14551.21534
20000.0	7.75	17645.28665	17116.77668	16464.76294
25000.0	7.75	21356.29405	20771.39662	19981.73688
30000.0	7.75	26021.9727	25422.97701	24497.64755
35000.0	7.75	30835.61802	30320.41436	29326.42193
40000.0	7.75	34533.11347	34076.19976	33025.57556
45000.0	7.75	37560.0578	37146.09508	36047.56878
50000.0	7.75	40243.44703	39868.95745	38729.81703
55000.0	7.75	42652.01807	42315.58101	41142.08028
60000.0	7.75	44980.24585	44683.43711	43478.40175
65000.0	7.75	52472.02347	51677.82858	49872.34394
70000.0	7.75	54750.77082	53966.9265	52110.95049
75000.0	7.75	56959.49087	56200.08481	54299.58217
80000.0	7.75	59133.68718	58386.4588	56440.65579
85000.0	7.75	61295.25161	60564.81476	58575.26079
90000.0	7.75	63432.36012	62720.40262	60689.30848
100000.0	7.75	67675.73455	67008.58731	64901.60596
3750.0	8.0	4249.83718	4134.4479	4085.29722
4000.0	8.0	4388.05283	4274.71212	4241.65552
4250.0	8.0	4546.08019	4432.80188	4405.55556
4500.0	8.0	4732.93457	4618.97324	4593.70667
4750.0	8.0	4944.5327	4829.06987	4803.89895
5000.0	8.0	5192.14756	5128.19657	5109.79234
5250.0	8.0	5460.73836	5379.53748	5358.83273
5500.0	8.0	5731.37527	5632.38997	5609.57226
5750.0	8.0	5999.26036	5882.66911	5857.1798
6000.0	8.0	6263.81001	6130.18351	6101.10302
6250.0	8.0	6525.39264	6376.03456	6342.62881
6500.0	8.0	6782.80963	6619.78887	6581.99206
7000.0	8.0	7284.49595	7102.84787	7057.74965
7500.0	8.0	7776.02582	7587.21592	7536.53194
8000.0	8.0	8267.03384	8079.86913	8023.99972
8500.0	8.0	8765.45045	8586.73236	8524.40585
9000.0	8.0	9275.11896	9109.35678	9037.70925
9500.0	8.0	9798.18658	9647.07129	9561.68976
10000.0	8.0	10328.60275	10189.85075	10084.94316
10500.0	8.0	10852.22972	10719.33961	10587.73371
11000.0	8.0	11341.23253	11205.64461	11041.1486
11500.0	8.0	11795.5231	11648.04064	11445.39287
12000.0	8.0	12218.28764	12047.32037	11799.52188
12500.0	8.0	12572.94971	12367.07517	12070.7178
13000.0	8.0	12875.73588	12628.81753	12285.74479
13500.0	8.0	13205.62621	12917.17973	12526.96767
14000.0	8.0	13553.48532	13230.52276	12801.23809
14500.0	8.0	13899.62605	13552.05426	13094.91298
15000.0	8.0	14242.37666	13874.47932	13394.88282
15500.0	8.0	14574.33357	14190.33216	13692.39153
16000.0	8.0	14913.48113	14514.09276	13997.95341
16500.0	8.0	15253.2767	14840.70096	14307.11555
17000.0	8.0	15587.20363	15164.17732	14615.49507
20000.0	8.0	17627.37268	17161.96046	16530.97082
25000.0	8.0	21353.27848	20833.4799	20064.42304
30000.0	8.0	26034.45154	25501.00514	24597.86278
35000.0	8.0	30814.00581	30356.25739	29383.43506
40000.0	8.0	34480.81465	34076.2283	33045.78227
45000.0	8.0	37484.90507	37120.39235	36041.48436
50000.0	8.0	40144.78607	39816.98217	38697.1389
55000.0	8.0	42532.93249	42240.96377	41086.05571
60000.0	8.0	44805.17916	44549.47302	43363.48211
3750.0	8.25	4276.22164	4158.12805	4101.47523
4000.0	8.25	4412.83409	4297.33964	4260.40668
4250.0	8.25	4566.39052	4451.41466	4421.95228
4500.0	8.25	4747.90496	4632.6158	4605.9786
4750.0	8.25	4954.46304	4838.01431	4811.91819
5000.0	8.25	5193.56074	5135.96777	5117.95966
5250.0	8.25	5460.90373	5386.18661	5365.72639
5500.0	8.25	5731.91117	5639.4392	5617.12463
5750.0	8.25	6001.15078	5890.7888	5866.3869
6000.0	8.25	6266.26471	6138.60809	6111.58175
6250.0	8.25	6528.04178	6384.06737	6353.46746
6500.0	8.25	6786.07282	6627.48935	6592.8975
7000.0	8.25	7289.18034	7109.40018	7067.67773
7500.0	8.25	7779.1905	7590.40175	7543.37742
8000.0	8.25	8265.85465	8078.24258	8027.00543
8500.0	8.25	8756.31576	8577.7906	8522.05784
9000.0	8.25	9255.68381	9092.25871	9030.12547
9500.0	8.25	9767.24376	9622.4115	9550.39212
10000.0	8.25	10287.04747	10160.43174	10073.67239
10500.0	8.25	10804.90922	10691.89568	10583.98485
11000.0	8.25	11297.87827	11190.36433	11055.27663
11500.0	8.25	11753.79121	11644.08935	11477.39202
12000.0	8.25	12183.22008	12062.49871	11858.7302
12500.0	8.25	12579.3898	12436.98062	12189.54974
13000.0	8.25	12900.83908	12729.08791	12437.55062
13500.0	8.25	13193.86473	12987.90469	12652.85141
14000.0	8.25	13517.96095	13276.01097	12896.20872
14500.0	8.25	13860.6408	13589.40852	13172.37514
15000.0	8.25	14205.01487	13911.12068	13465.92433
15500.0	8.25	14544.33376	14232.22162	13765.0657
16000.0	8.25	14870.89726	14550.26623	14067.86932
16500.0	8.25	15216.30721	14875.14006	14371.52016
17000.0	8.25	15561.57369	15208.25355	14686.9118
20000.0	8.25	17606.08711	17207.939	16601.32022
25000.0	8.25	21348.8017	20897.89908	20152.76829
30000.0	8.25	26048.04554	25582.94186	24705.34834
35000.0	8.25	30793.59199	30395.55598	29447.3508
40000.0	8.25	34432.38677	34081.99421	33074.76064
45000.0	8.25	37415.41562	37101.35568	36045.08535
50000.0	8.25	40040.79344	39760.2004	38662.47904
55000.0	8.25	42425.20276	42177.60426	41044.23099
60000.0	8.25	44639.25986	44425.04127	43260.51024
65000.0	8.25	52057.66507	51376.23733	49631.69327
70000.0	8.25	54273.15183	53597.15854	51801.04472
75000.0	8.25	56427.30928	55758.06841	53912.34033
80000.0	8.25	58531.66676	57868.39319	55975.75344
85000.0	8.25	60595.43435	59941.60213	58004.21811
90000.0	8.25	62645.55165	62004.10943	60023.63502
100000.0	8.25	66689.08865	66078.36818	64018.76839
3750.0	8.5	4303.92994	4182.44164	4116.36216
4000.0	8.5	4438.87975	4320.88104	4279.11634
4250.0	8.5	4588.24135	4471.26267	4439.02726
4500.0	8.5	4764.56882	4647.71582	4619.37107
4750.0	8.5	4965.87832	4848.25791	4821.03851
5000.0	8.5	5195.10524	5144.22311	5126.60467
5250.0	8.5	5461.55252	5393.5534	5373.33291
5500.0	8.5	5732.42351	5646.77993	5624.6899
5750.0	8.5	6003.06941	5899.3978	5875.65496
6000.0	8.5	6269.81409	6148.30228	6122.73887
6250.0	8.5	6532.31	6393.89926	6365.72307
6500.0	8.5	6790.60908	6636.76161	6605.25695
7000.0	8.5	7295.0435	7117.40922	7079.24826
7500.0	8.5	7784.28287	7595.43459	7552.13208
8000.0	8.5	8267.64131	8078.72847	8031.94672
8500.0	8.5	8751.40958	8571.63314	8521.94225
9000.0	8.5	9241.5053	9078.04225	9024.58332
9500.0	8.5	9741.99082	9600.07053	9540.24842
10000.0	8.5	10250.95199	10132.23275	10062.02464
10500.0	8.5	10762.01995	10663.71351	10577.66996
11000.0	8.5	11255.5064	11170.89263	11063.08729
11500.0	8.5	11715.77946	11636.90649	11503.00316
12000.0	8.5	12147.0026	12066.88642	11902.8045
12500.0	8.5	12556.56863	12466.9982	12266.96475
13000.0	8.5	12928.35884	12820.24165	12578.80763
13500.0	8.5	13227.22309	13095.50883	12813.98037
14000.0	8.5	13512.36015	13352.95816	13030.97228
14500.0	8.5	13827.68551	13638.88362	13274.99892
15000.0	8.5	14166.86562	13951.61764	13550.82064
15500.0	8.5	14510.0245	14273.85313	13844.58327
16000.0	8.5	14852.12112	14598.68807	14146.24619
16500.0	8.5	15188.26168	14920.68566	14449.03193
17000.0	8.5	15526.56415	15246.65998	14757.48798
20000.0	8.5	17583.45113	17256.24247	16677.83056
25000.0	8.5	21343.25678	20964.01139	20246.58787
30000.0	8.5	26064.96932	25669.95838	24821.58235
35000.0	8.5	30776.43581	30438.65474	29518.20788
40000.0	8.5	34385.97533	34089.41557	33109.30831
45000.0	8.5	37352.76252	37088.67367	36058.3716
50000.0	8.5	39919.18643	39684.76668	38612.96273
55000.0	8.5	42282.29621	42077.34552	40969.63423
60000.0	8.5	44544.28619	44371.94927	43230.38965
65000.0	8.5	51895.38103	51261.72848	49553.10715
70000.0	8.5	54080.25693	53447.94587	51686.55692
75000.0	8.5	56205.81792	55576.72031	53766.08814
80000.0	8.5	58286.15639	57662.18943	55803.89594
85000.0	8.5	60333.5193	59715.84895	57811.67205
90000.0	8.5	62353.53974	61743.81835	59795.73632
100000.0	8.5	66336.51044	65749.09354	63719.42566
3750.0	8.75	4333.12505	4207.53781	4129.60188
4000.0	8.75	4466.31865	4345.3161	4297.45906
4250.0	8.75	4611.61061	4492.29546	4456.5743
4500.0	8.75	4782.87236	4664.1778	4633.69833
4750.0	8.75	4978.84134	4859.7898	4831.15421
5000.0	8.75	5197.70725	5154.06094	5136.88797
5250.0	8.75	5462.70769	5401.71713	5381.76445
5500.0	8.75	5732.96961	5654.58427	5632.47554
5750.0	8.75	6004.67514	5908.0949	5884.57806
6000.0	8.75	6273.44512	6158.46864	6133.79767
6250.0	8.75	6537.19286	6404.65809	6378.36626
6500.0	8.75	6796.50971	6647.74198	6619.08379
7000.0	8.75	7302.30129	7127.23156	7092.8497
7500.0	8.75	7791.741	7602.81811	7563.53947
8000.0	8.75	8271.67546	8081.08879	8038.69912
8500.0	8.75	8750.38314	8568.0645	8524.09565
9000.0	8.75	9232.94083	9067.4129	9021.89005
9500.0	8.75	9722.3231	9580.08919	9531.53069
10000.0	8.75	10220.35956	10105.23225	10050.30383
10500.0	8.75	10723.20291	10634.54581	10568.61729
11000.0	8.75	11216.10109	11148.62207	11066.08671
11500.0	8.75	11679.55477	11625.68955	11522.14405
12000.0	8.75	12114.18763	12066.70052	11938.76455
12500.0	8.75	12527.60546	12480.13197	12323.27104
13000.0	8.75	12920.55805	12865.74452	12674.48622
13500.0	8.75	13272.44259	13202.95188	12972.97302
14000.0	8.75	13556.8761	13469.30987	13202.79635
14500.0	8.75	13833.93824	13724.86468	13420.87407
15000.0	8.75	14142.72405	14009.4238	13665.76111
15500.0	8.75	14473.7032	14317.88902	13938.14298
16000.0	8.75	14813.02188	14638.3584	14229.33226
16500.0	8.75	15149.97802	14960.41369	14528.75914
17000.0	8.75	15486.39722	15283.9	14832.84621
20000.0	8.75	17559.64473	17306.13202	16760.25892
25000.0	8.75	21337.74886	21032.11787	20346.52421
30000.0	8.75	26082.68788	25758.13958	24943.32572
35000.0	8.75	30761.68023	30483.36163	29594.9562
40000.0	8.75	34344.62	34101.0326	33151.58592
45000.0	8.75	37295.4455	37079.93512	36079.35596
50000.0	8.75	39831.40105	39641.53691	38598.93264
55000.0	8.75	42169.72336	42006.36847	40926.94057
60000.0	8.75	44371.05759	44235.41353	43123.29774
3750.0	9.0	4362.95214	4232.28543	4139.39067
4000.0	9.0	4495.33179	4370.68969	4315.05293
4250.0	9.0	4636.58709	4514.46043	4474.29873
4500.0	9.0	4802.9671	4682.05993	4648.88189
4750.0	9.0	4994.26729	4873.57941	4843.25909
5000.0	9.0	5201.09272	5165.19365	5148.47756
5250.0	9.0	5464.37916	5410.83049	5391.25913
5500.0	9.0	5733.82522	5662.94461	5640.90394
5750.0	9.0	6006.05898	5917.1166	5893.54487
6000.0	9.0	6276.85993	6169.15106	6144.79356
6250.0	9.0	6542.86502	6416.74736	6391.64805
6500.0	9.0	6803.43728	6660.13548	6633.7653
7000.0	9.0	7311.17755	7139.09994	7108.52694
7500.0	9.0	7801.43435	7612.5258	7577.62163
8000.0	9.0	8279.19854	8086.54542	8048.8854
8500.0	9.0	8753.11309	8567.55667	8529.08211
9000.0	9.0	9228.3177	9058.96087	9020.88138
9500.0	9.0	9708.24825	9562.94424	9524.75858
10000.0	9.0	10196.80043	10081.15858	10040.56765
10500.0	9.0	10690.38649	10606.20973	10559.12111
11000.0	9.0	11180.35655	11124.28505	11065.46617
11500.0	9.0	11647.21967	11612.06793	11537.01035
12000.0	9.0	12084.61673	12063.20527	11968.53874
12500.0	9.0	12500.8844	12486.76891	12369.13059
13000.0	9.0	12901.13767	12888.48237	12743.45067
13500.0	9.0	13280.86912	13263.40074	13085.79218
14000.0	9.0	13618.12861	13590.21168	13376.87534
14500.0	9.0	13892.36511	13851.78125	13605.20997
15000.0	9.0	14162.66323	14105.70516	13824.39743
15500.0	9.0	14461.99132	14386.49077	14067.86932
16000.0	9.0	14783.73579	14689.2265	14335.2971
16500.0	9.0	15120.48478	15009.23773	14625.19074
17000.0	9.0	15447.90763	15330.6014	14927.66194
20000.0	9.0	17536.2488	17358.24105	16849.75803
25000.0	9.0	21317.83017	21097.7195	20454.13084
30000.0	9.0	26085.66433	25842.84322	25072.26915
35000.0	9.0	30749.32583	30529.41663	29677.50892
40000.0	9.0	34291.77685	34109.8522	33200.88521
45000.0	9.0	37229.5939	37070.34526	36109.03108
50000.0	9.0	39735.62847	39598.58699	38593.98079
55000.0	9.0	42059.10545	41944.96273	40902.77284
60000.0	9.0	44225.72752	44136.23029	43060.58366
65000.0	9.0	51614.80999	51063.1324	49445.86479
70000.0	9.0	53761.06335	53204.71476	51533.21585
75000.0	9.0	55844.6676	55285.02255	53562.62822
80000.0	9.0	57878.75201	57317.91496	55547.11064
85000.0	9.0	59875.41238	59314.05445	57496.71945
90000.0	9.0	61841.0952	61281.78571	59418.99782
100000.0	9.0	65698.06458	65148.4314	63202.95809
3750.0	9.25	4392.94502	4256.25817	4144.85388
4000.0	9.25	4525.744	4396.58676	4330.96201
4250.0	9.25	4663.50558	4537.87273	4491.93409
4500.0	9.25	4824.91061	4701.31583	4664.6834
4750.0	9.25	5010.39051	4887.56057	4854.93426
5000.0	9.25	5205.3991	5177.96026	5161.81832
5250.0	9.25	5466.78665	5421.13896	5401.95562
5500.0	9.25	5735.25377	5672.15414	5650.19652
5750.0	9.25	6007.31158	5926.41601	5902.63768
6000.0	9.25	6279.614	6179.84556	6155.30441
6250.0	9.25	6548.37637	6429.38463	6404.72997
6500.0	9.25	6811.26526	6673.99848	6649.14659
7000.0	9.25	7321.54798	7152.88648	7125.8411
7500.0	9.25	7812.8919	7624.04453	7593.71123
8000.0	9.25	8289.77168	8094.4848	8061.84449
8500.0	9.25	8759.79181	8569.89339	8537.08605
9000.0	9.25	9228.45515	9053.79003	9022.61297
9500.0	9.25	9699.81874	9548.74224	9520.04157
10000.0	9.25	10178.0754	10057.85293	10030.50464
10500.0	9.25	10661.93859	10576.47677	10547.20483
11000.0	9.25	11146.87233	11095.47944	11059.36333
11500.0	9.25	11616.19367	11593.02636	11545.17558
12000.0	9.25	12057.96854	12055.35737	11992.39589
12500.0	9.25	12476.80313	12488.1544	12407.09957
13000.0	9.25	12880.6204	12900.16594	12797.44369
13500.0	9.25	13270.91223	13293.52131	13165.15137
14000.0	9.25	13639.95523	13660.62887	13501.85234
14500.0	9.25	13967.97238	13982.27471	13790.63894
15000.0	9.25	14239.66268	14245.31828	14022.68615
15500.0	9.25	14501.0126	14496.14473	14242.10915
16000.0	9.25	14785.99857	14767.75304	14479.47021
16500.0	9.25	15101.29527	15068.89474	14746.04956
17000.0	9.25	15428.19371	15380.66505	15024.99884
20000.0	9.25	17511.19233	17408.93556	16943.51753
25000.0	9.25	21330.6478	21173.66181	20566.349
30000.0	9.25	26106.76301	25931.97237	25205.81481
35000.0	9.25	30720.49571	30567.10871	29763.22625
40000.0	9.25	34254.62823	34120.41266	33252.05072
45000.0	9.25	37180.61451	37063.76277	36141.80895
50000.0	9.25	39659.59165	39560.72102	38594.59977
55000.0	9.25	42000.48402	41911.15942	40899.06736
60000.0	9.25	44117.69156	44060.36076	43020.14256
3750.0	9.5	4422.75931	4279.78845	4147.45486
4000.0	9.5	4557.25138	4422.6058	4344.3255
4250.0	9.5	4692.31846	4562.35747	4508.92459
4500.0	9.5	4848.79688	4721.82582	4680.64757
4750.0	9.5	5029.55843	4904.11131	4868.55299
5000.0	9.5	5219.13302	5200.72474	5185.36484
5250.0	9.5	5468.84613	5431.7946	5413.08006
5500.0	9.5	5737.09403	5682.23238	5660.49336
5750.0	9.5	6008.91369	5936.42682	5912.46879
6000.0	9.5	6282.28594	6191.13732	6166.15995
6250.0	9.5	6553.18723	6442.3856	6417.54041
6500.0	9.5	6819.25013	6688.94656	6664.73259
7000.0	9.5	7333.24705	7168.68014	7144.70053
7500.0	9.5	7826.63474	7638.23216	7612.61523
8000.0	9.5	8303.16303	8104.99792	8077.8446
8500.0	9.5	8770.52086	8575.43656	8548.71988
9000.0	9.5	9233.55326	9052.2596	9028.19677
9500.0	9.5	9698.01029	9539.59242	9519.72668
10000.0	9.5	10165.79765	10037.82952	10022.57208
10500.0	9.5	10639.75789	10548.14549	10535.57299
11000.0	9.5	11117.66373	11064.42137	11050.15428
11500.0	9.5	11587.48075	11569.23456	11547.81225
12000.0	9.5	12033.96996	12043.26347	12010.84928
12500.0	9.5	12456.60832	12486.07613	12439.91073
13000.0	9.5	12862.86887	12906.543	12843.67831
13500.0	9.5	13258.10491	13310.91453	13227.85654
14000.0	9.5	13641.02446	13698.54001	13591.48822
14500.0	9.5	14002.49372	14060.97047	13926.27544
15000.0	9.5	14326.0279	14382.03059	14217.11589
15500.0	9.5	14588.6052	14646.43589	14457.44989
16000.0	9.5	14853.21553	14898.77558	14676.48255
16500.0	9.5	15126.26724	15163.07729	14909.39807
17000.0	9.5	15418.86496	15453.38038	15172.21352
20000.0	9.5	18552.90534	18556.53933	18174.86397
25000.0	9.5	21313.46333	21240.2375	20687.42479
30000.0	9.5	26132.69262	26022.1171	25346.2464
35000.0	9.5	30713.28748	30610.61616	29854.44954
40000.0	9.5	34223.55436	34132.25719	33310.02747
45000.0	9.5	37140.65664	37061.43618	36183.60698
50000.0	9.5	39567.43149	39501.65722	38579.41394
55000.0	9.5	41851.83365	41802.13418	40839.86019
60000.0	9.5	44003.87719	43971.83859	42974.1516
65000.0	9.5	51381.66427	50886.58	49387.86142
70000.0	9.5	53502.32246	52995.48519	51442.02401
75000.0	9.5	55554.52839	55038.42291	53433.10794
80000.0	9.5	57558.71584	57035.38358	55380.12624
85000.0	9.5	59520.66938	58991.45586	57288.63727
90000.0	9.5	61446.68899	60913.04388	59165.369
100000.0	9.5	65216.90977	64682.80218	62848.56179
