Teff	log(g)	T_BB_U	T_BB_B	T_BB_V	T_BB_R	T_BB_I
3750.0	5.00	3987.50169	3993.74181	3931.62971	3899.82922	3859.59639
4000.0	5.00	4204.08244	4195.30685	4126.25231	4090.43791	4051.85599
4250.0	5.00	4442.11384	4421.96510	4347.06396	4306.90573	4269.19116
4500.0	5.00	4703.40392	4672.61200	4591.39104	4546.22205	4508.95653
4750.0	5.00	4990.77422	4943.80942	4851.66304	4799.05802	4760.55139
5000.0	5.00	5290.84465	5246.10079	5140.50036	5061.26585	5036.60036
5250.0	5.00	5602.43856	5530.43410	5406.22239	5308.73674	5288.35473
5500.0	5.00	5893.84159	5808.41965	5668.20038	5551.56319	5537.61237
5750.0	5.00	6170.54224	6083.58750	5927.97261	5792.59066	5784.66138
6000.0	5.00	6432.86624	6358.73887	6187.31492	6030.13253	6030.65747
6250.0	5.00	6679.80009	6635.82125	6448.09111	6266.62077	6276.63030
6500.0	5.00	6909.58757	6915.47641	6711.57582	6504.09869	6523.61135
7000.0	5.00	7318.39491	7487.36791	7255.92196	6994.34005	7027.67858
7500.0	5.00	7671.87424	8082.98730	7833.48968	7510.84449	7550.35270
8000.0	5.00	7995.20913	8705.83522	8444.69434	8051.77575	8085.16555
8500.0	5.00	8316.49358	9353.46871	9075.06516	8602.57821	8609.51963
9000.0	5.00	8637.84631	10028.03787	9693.13875	9121.26233	9069.85902
9500.0	5.00	8915.20128	10657.41938	10181.39693	9490.03314	9362.44032
10000.0	5.00	9228.58658	11156.44020	10603.08356	9845.11262	9680.09157
10500.0	5.00	9565.38804	11581.10952	10977.42416	10185.99320	10011.13070
11000.0	5.00	9925.81810	11979.15258	11331.13350	10517.20759	10338.55595
11500.0	5.00	10302.14360	12355.64281	11674.19574	10846.06637	10666.76187
12000.0	5.00	10651.65402	12711.22388	12004.26323	11159.89892	10979.11848
12500.0	5.00	11007.14392	13058.76162	12332.49237	11476.26707	11295.51958
13000.0	5.00	11356.87279	13399.11399	12656.85761	11789.23456	11609.01906
13500.0	5.00	11703.55038	13736.53840	12980.26996	12102.17714	11922.07063
14000.0	5.00	12046.56202	14071.57625	13302.17516	12412.83114	12233.54603
14500.0	5.00	12389.72944	14405.53291	13623.70050	12724.65543	12545.21771
15000.0	5.00	12729.74601	14738.68399	13944.41264	13033.69457	12855.28423
15500.0	5.00	13070.98787	15072.13893	14265.77100	13344.29878	13166.37878
16000.0	5.00	13413.84789	15406.34096	14588.16041	13656.79646	13478.72918
16500.0	5.00	13755.83205	15741.10528	14910.59585	13967.62998	13790.72879
17000.0	5.00	14100.52455	16077.87729	15235.22412	14281.43362	14105.00668
20000.0	5.00	16218.55111	18146.71161	17228.56875	16207.00740	16033.86644
25000.0	5.00	20127.96812	21971.05124	20903.18198	19734.16760	19574.46677
30000.0	5.00	25382.81740	26971.86408	25785.99140	24466.63953	24362.63565
35000.0	5.00	31223.00165	32341.64608	31218.17563	29987.05767	29965.04803
40000.0	5.00	35645.47297	36502.86979	35399.98284	34237.24053	34252.30231
45000.0	5.00	39339.52140	40022.24751	38916.29871	37794.76786	37836.36951
50000.0	5.00	42762.81626	43303.31555	42184.24158	41090.01895	41156.01441
55000.0	5.00	45975.55614	46395.71332	45252.89544	44168.42692	44257.11005
60000.0	5.00	49135.84155	49446.43138	48267.60046	47174.65834	47284.64205
3750.0	5.25	4011.04988	4011.83650	3946.99852	3913.73906	3872.34515
4000.0	5.25	4219.27187	4206.51918	4135.59881	4098.93513	4059.79670
4250.0	5.25	4451.38534	4427.97156	4351.70155	4311.03372	4273.01766
4500.0	5.25	4706.45239	4673.43558	4591.54603	4546.29158	4508.97925
4750.0	5.25	4984.38786	4938.48581	4848.07006	4796.65680	4758.99147
5000.0	5.25	5273.25444	5238.41654	5137.75773	5060.02800	5037.82135
5250.0	5.25	5590.67345	5523.51007	5403.09237	5306.27384	5289.23145
5500.0	5.25	5885.62921	5801.70619	5664.95974	5548.81309	5538.44905
5750.0	5.25	6163.42887	6075.14643	5923.69245	5788.95393	5785.34866
6000.0	5.25	6426.91737	6347.57472	6181.52948	6026.14820	6031.19595
6250.0	5.25	6676.25789	6621.26979	6440.32460	6262.03361	6276.88643
6500.0	5.25	6910.20868	6897.29716	6701.42521	6498.30553	6523.19760
7000.0	5.25	7331.57673	7460.54395	7238.55970	6983.26543	7024.00835
7500.0	5.25	7696.58013	8044.62456	7805.96595	7493.05962	7541.82827
8000.0	5.25	8025.56450	8654.51458	8407.52837	8028.07275	8073.65614
8500.0	5.25	8344.93454	9287.60797	9032.38112	8578.19633	8603.39232
9000.0	5.25	8665.20601	9935.22455	9650.77401	9108.76787	9087.47269
9500.0	5.25	8947.45411	10559.89055	10177.57252	9524.52942	9430.23479
10000.0	5.25	9218.26986	11091.99929	10607.04607	9859.02777	9706.26016
10500.0	5.25	9547.79477	11536.19070	10995.10785	10206.73598	10036.75267
11000.0	5.25	9894.10489	11942.38476	11352.18255	10537.93928	10362.01635
11500.0	5.25	10250.31786	12324.84204	11693.80482	10860.26443	10681.35164
12000.0	5.25	10607.62400	12688.76725	12026.45801	11177.70535	10997.49607
12500.0	5.25	10961.61145	13040.10714	12354.10387	11492.41535	11311.88608
13000.0	5.25	11310.74448	13382.51764	12677.68869	11804.08030	11623.73909
13500.0	5.25	11656.49860	13721.03117	13000.30724	12115.33048	11935.41244
14000.0	5.25	11999.45999	14056.55829	13321.52179	12425.41794	12246.15556
14500.0	5.25	12340.70831	14390.42343	13641.98166	12734.90034	12556.28883
15000.0	5.25	12681.09641	14723.47256	13962.19230	13044.21127	12866.32339
15500.0	5.25	13021.16622	15056.14701	14282.30159	13353.32784	13176.08962
16000.0	5.25	13362.09226	15389.74204	14603.62278	13663.69093	13487.02665
16500.0	5.25	13704.02009	15724.02453	14925.63795	13974.83628	13798.97321
17000.0	5.25	14046.98942	16059.36751	15248.61712	14286.71700	14111.65835
20000.0	5.25	16156.02551	18120.26696	17233.85094	16203.69335	16033.81479
25000.0	5.25	20034.07220	21913.07627	20879.37288	19699.29455	19550.29305
30000.0	5.25	25180.64739	26816.67368	25661.82591	24327.90316	24240.48731
35000.0	5.25	30942.33960	32113.65937	31009.05871	29757.67114	29748.92301
40000.0	5.25	35313.00966	36219.96391	35133.74988	33956.15530	33981.38662
45000.0	5.25	38926.27976	39654.53453	38566.80774	37437.93232	37489.32451
50000.0	5.25	42241.53067	42826.48424	41730.96216	40641.07931	40717.56779
55000.0	5.25	45311.46031	45774.44733	44666.02889	43602.00136	43703.81832
60000.0	5.25	48287.62517	48641.39877	47514.02693	46464.54796	46591.37600
3750.0	5.50	4035.55183	4031.44320	3964.08419	3929.34806	3886.66487
4000.0	5.50	4234.61784	4218.54003	4146.02342	4108.54758	4068.85394
4250.0	5.50	4460.70536	4434.69462	4357.30005	4316.18619	4277.89390
4500.0	5.50	4710.32563	4675.20155	4592.59426	4547.17696	4509.75762
4750.0	5.50	4980.56743	4935.00904	4845.63481	4794.99294	4757.85685
5000.0	5.50	5253.12395	5231.00166	5135.96406	5059.54875	5039.98121
5250.0	5.50	5577.05772	5516.70973	5400.65643	5304.73734	5290.90557
5500.0	5.50	5876.82355	5795.70146	5662.48241	5546.41062	5539.99640
5750.0	5.50	6157.10261	6068.46361	5920.73446	5786.24862	5786.80138
6000.0	5.50	6422.11179	6338.83302	6177.33991	6022.76190	6032.40267
6250.0	5.50	6673.34740	6609.48132	6434.28618	6258.16159	6277.74303
6500.0	5.50	6910.51915	6881.88866	6693.11006	6493.50863	6523.58602
7000.0	5.50	7342.46287	7436.67082	7223.51055	6973.83829	7021.53184
7500.0	5.50	7720.29562	8009.88380	7781.23078	7477.13535	7534.63526
8000.0	5.50	8057.40438	8606.55960	8372.42920	8005.59008	8062.82006
8500.0	5.50	8378.17706	9225.71067	8990.22780	8552.97048	8594.79456
9000.0	5.50	8696.79165	9860.00874	9612.23977	9094.58717	9098.98884
9500.0	5.50	9002.01107	10487.72933	10183.38034	9564.25837	9501.47783
10000.0	5.50	9252.55532	11029.20440	10619.56137	9894.13498	9763.71014
10500.0	5.50	9544.65323	11484.45671	11013.38236	10229.79554	10067.20217
11000.0	5.50	9876.86398	11897.76545	11375.56242	10562.08364	10390.33262
11500.0	5.50	10222.31572	12288.08892	11719.56394	10884.35644	10708.41400
12000.0	5.50	10573.25083	12658.92756	12052.53649	11199.93887	11021.38366
12500.0	5.50	10924.37907	13015.43179	12380.02766	11513.21103	11333.50272
13000.0	5.50	11272.89531	13362.47391	12704.50800	11825.00942	11645.29675
13500.0	5.50	11617.51193	13701.76239	13025.18286	12133.56425	11954.07068
14000.0	5.50	11960.34320	14038.52322	13345.96335	12442.86262	12263.97900
14500.0	5.50	12301.36690	14373.09170	13666.02182	12751.58874	12573.46749
15000.0	5.50	12641.38962	14706.22378	13985.57042	13059.90175	12882.54885
15500.0	5.50	12981.38073	15039.41104	14305.65007	13368.85463	13192.35998
16000.0	5.50	13322.14926	15372.73044	14626.30648	13678.83850	13502.80937
16500.0	5.50	13662.86323	15706.34010	14947.29333	13987.96893	13813.37093
17000.0	5.50	14005.65839	16041.79550	15270.18920	14299.66185	14126.28913
20000.0	5.50	16109.12708	18097.49359	17249.64136	16208.75343	16042.90560
25000.0	5.50	19970.74529	21871.18195	20877.41735	19683.61788	19545.19806
30000.0	5.50	25047.75826	26708.31549	25591.26488	24241.34710	24170.07811
35000.0	5.50	30739.17769	31939.16420	30860.24028	29588.62367	29592.74730
40000.0	5.50	35066.39229	35997.39617	34933.83925	33740.21211	33775.66628
45000.0	5.50	38616.61103	39367.64918	38302.27065	37163.39909	37223.09494
50000.0	5.50	41854.51150	42459.79766	41389.27429	40294.00303	40379.80069
55000.0	5.50	44819.13069	45301.63069	44223.74352	43164.63335	43276.37484
60000.0	5.50	47673.20502	48046.09669	46958.37593	45925.46382	46064.97346
3750.0	5.75	4059.38288	4051.04974	3981.51375	3945.40822	3901.37718
4000.0	5.75	4250.47051	4231.52764	4157.58988	4119.32543	4079.03390
4250.0	5.75	4470.32039	4442.19559	4363.86656	4322.32249	4283.75047
4500.0	5.75	4715.08705	4678.29186	4595.16975	4549.67481	4512.22865
4750.0	5.75	4979.24013	4933.26512	4844.27047	4794.01297	4757.13183
5000.0	5.75	5231.32080	5224.67924	5135.86708	5060.44276	5043.67482
5250.0	5.75	5560.97868	5509.81048	5398.80831	5303.90786	5293.31972
5500.0	5.75	5866.72321	5789.96161	5660.67885	5545.05825	5542.26398
5750.0	5.75	6151.14512	6063.24106	5918.94874	5784.45897	5789.05799
6000.0	5.75	6418.52091	6332.31740	6174.64715	6020.23047	6034.33276
6250.0	5.75	6671.44968	6600.21169	6429.80709	6254.76121	6279.04974
6500.0	5.75	6911.35899	6869.57605	6686.74092	6489.60732	6524.56540
7000.0	5.75	7351.67827	7415.93136	7210.67049	6965.85470	7020.00800
7500.0	5.75	7742.01111	7978.89553	7759.46788	7463.17186	7528.82821
8000.0	5.75	8089.66374	8562.34545	8339.84001	7984.75310	8053.07540
8500.0	5.75	8414.78367	9167.26000	8948.87251	8527.43476	8584.80060
9000.0	5.75	8735.32823	9788.55218	9569.83919	9073.55358	9100.65969
9500.0	5.75	9046.19958	10399.41069	10156.28920	9571.26600	9544.45927
10000.0	5.75	9299.45898	10945.18354	10625.60199	9937.05468	9840.45219
10500.0	5.75	9559.51152	11423.51563	11028.69348	10255.37851	10106.37560
11000.0	5.75	9874.39240	11845.37030	11399.00269	10587.45116	10421.71347
11500.0	5.75	10208.25011	12241.97462	11747.03101	10910.71561	10739.00760
12000.0	5.75	10550.95034	12620.15886	12081.68634	11225.91364	11050.50624
12500.0	5.75	10896.79801	12982.21504	12408.65586	11536.74484	11359.05536
13000.0	5.75	11242.68858	13333.26569	12732.36136	11846.72966	11668.25225
13500.0	5.75	11587.09837	13676.56750	13054.00561	12155.86597	11977.64456
14000.0	5.75	11929.60231	14015.24822	13374.47387	12464.24625	12286.50928
14500.0	5.75	12270.74351	14351.12940	13694.28155	12772.32717	12595.26009
15000.0	5.75	12611.07307	14685.40113	14013.89595	13080.37144	12904.33663
15500.0	5.75	12951.09233	15018.91911	14333.65861	13388.61502	13213.55667
16000.0	5.75	13291.51068	15352.48296	14653.99410	13697.34686	13523.37823
16500.0	5.75	13632.77554	15686.55206	14975.10143	14007.02124	13834.18418
17000.0	5.75	13976.07598	16021.83933	15297.74190	14319.40521	14146.87192
20000.0	5.75	16078.04441	18075.33893	17274.22273	16222.25653	16060.36116
25000.0	5.75	19934.10317	21838.17189	20892.07028	19681.98899	19555.03822
30000.0	5.75	24970.69020	26630.75618	25559.77772	24192.63046	24137.45147
35000.0	5.75	30601.06450	31803.19673	30758.82592	29468.50735	29484.85499
40000.0	5.75	34882.95099	35814.10267	34780.76039	33570.03645	33615.25535
45000.0	5.75	38382.72159	39131.86562	38096.14515	36943.68038	37011.85425
50000.0	5.75	41551.82745	42154.34941	41113.27087	40010.28233	40103.57075
55000.0	5.75	44443.81456	44923.70409	43877.92351	42814.28719	42934.37119
60000.0	5.75	47207.31243	47578.19468	46527.13291	45499.00963	45647.57431
3750.0	6.00	4084.28023	4072.09342	4000.52144	3963.01581	3917.46944
4000.0	6.00	4267.17625	4245.68557	4170.43480	4131.36085	4090.39912
4250.0	6.00	4480.57272	4450.66314	4371.49556	4329.49852	4290.61868
4500.0	6.00	4720.02862	4681.80203	4598.17433	4552.51820	4514.96868
4750.0	6.00	4979.61634	4932.81888	4843.82922	4793.73512	4756.95801
5000.0	6.00	5205.60724	5217.49365	5135.63623	5061.30298	5046.86479
5250.0	6.00	5542.90320	5503.43288	5398.18208	5304.68205	5297.01047
5500.0	6.00	5854.88705	5784.26837	5659.40722	5544.36677	5545.21914
5750.0	6.00	6144.53710	6058.59863	5917.82741	5783.14586	5791.85252
6000.0	6.00	6415.28570	6327.25089	6173.02852	6018.46238	6036.76279
6250.0	6.00	6670.95655	6593.55801	6427.19420	6252.30204	6281.28274
6500.0	6.00	6913.19248	6859.78343	6681.90237	6485.96311	6525.81472
7000.0	6.00	7360.68675	7398.70834	7200.34667	6959.47561	7019.53124
7500.0	6.00	7761.78634	7951.30724	7740.31887	7451.02502	7524.49786
8000.0	6.00	8121.45363	8522.46611	8310.34791	7965.95777	8044.52232
8500.0	6.00	8453.88646	9113.05571	8909.42369	8502.70463	8574.44752
9000.0	6.00	8777.50079	9720.33511	9526.03382	9049.40469	9097.69411
9500.0	6.00	9093.32833	10323.35791	10124.02612	9566.95592	9570.63240
10000.0	6.00	9375.55011	10887.13524	10646.20798	9991.98087	9929.81301
10500.0	6.00	9602.91705	11353.42325	11042.00738	10292.90633	10169.90523
11000.0	6.00	9887.48890	11786.61005	11422.50322	10615.68529	10459.66226
11500.0	6.00	10209.19734	12187.53862	11775.16098	10939.03375	10773.10758
12000.0	6.00	10542.65135	12571.61503	12112.65525	11254.31820	11083.24282
12500.0	6.00	10882.33439	12940.46199	12441.28205	11565.10507	11391.04950
13000.0	6.00	11224.55903	13296.88574	12765.12690	11873.85927	11698.24951
13500.0	6.00	11566.98080	13644.16392	13086.51848	12181.70430	12005.62033
14000.0	6.00	11908.78569	13985.48425	13406.83032	12489.32194	12313.57127
14500.0	6.00	12249.85185	14323.23200	13726.54132	12796.79424	12621.71381
15000.0	6.00	12590.42883	14658.81745	14046.14266	13104.33715	12930.25949
15500.0	6.00	12930.94340	14993.35639	14365.97082	13412.33360	13239.29350
16000.0	6.00	13271.94892	15327.62775	14686.47407	13720.91192	13549.15749
16500.0	6.00	13613.94157	15662.28639	15007.65178	14030.37242	13859.96151
17000.0	6.00	13957.14161	15997.81969	15330.10113	14340.88425	14171.91175
20000.0	6.00	16062.78737	18051.48503	17306.42672	16242.55825	16085.19510
25000.0	6.00	19922.66313	21809.24397	20920.08172	19692.71202	19577.31341
30000.0	6.00	24939.76650	26574.09586	25558.78179	24175.42735	24134.96407
35000.0	6.00	30513.75693	31693.13954	30693.21064	29384.81538	29412.88131
40000.0	6.00	34753.33768	35660.36795	34666.36547	33439.52640	33494.41053
45000.0	6.00	38205.48028	38929.96909	37931.76962	36765.22180	36841.71600
50000.0	6.00	41311.40974	41889.44746	40886.62082	39770.59689	39871.95688
55000.0	6.00	44138.15247	44593.98099	43586.59303	42513.84459	42641.97961
60000.0	6.00	47001.10691	47342.09173	46332.52510	45301.62809	45461.06739
65000.0	6.00	55720.52110	55868.39688	54233.58962	52517.37137	52521.58411
70000.0	6.00	58644.64459	58660.44624	57004.25509	55320.07812	55341.80067
75000.0	6.00	61559.70686	61450.51474	59771.93524	58115.59379	58161.37859
80000.0	6.00	64477.46904	64248.83163	62547.85058	60912.80439	60982.54303
85000.0	6.00	67410.73266	67066.67648	65340.41677	63717.37852	63813.54882
90000.0	6.00	70364.71679	69908.24748	68153.75696	66536.43936	66661.17934
100000.0	6.00	76413.06213	75737.34568	73915.13058	72283.44479	72458.03750
3750.0	6.25	4109.71767	4094.03990	4020.58056	3981.61609	3934.33274
4000.0	6.25	4284.88876	4261.09886	4184.58596	4144.66307	4102.93079
4250.0	6.25	4491.60265	4460.11622	4380.13804	4337.65780	4298.40317
4500.0	6.25	4725.58802	4686.22780	4602.16570	4556.32377	4518.64018
4750.0	6.25	4981.03352	4933.28718	4844.13446	4794.09276	4757.32465
5000.0	6.25	5179.94716	5211.96859	5137.64313	5065.22317	5051.75241
5250.0	6.25	5520.99828	5496.27187	5397.52630	5305.57757	5300.50666
5500.0	6.25	5840.55804	5778.34090	5658.61719	5544.50708	5548.90196
5750.0	6.25	6136.62765	6054.10376	5917.27111	5782.81519	5795.32101
6000.0	6.25	6411.97915	6323.25813	6172.37091	6017.38234	6039.96072
6250.0	6.25	6670.98803	6588.62297	6425.64332	6250.45258	6283.82350
6500.0	6.25	6915.97109	6852.56356	6678.76683	6483.13634	6527.77257
7000.0	6.25	7369.98136	7384.28990	7191.92727	6953.82417	7019.53906
7500.0	6.25	7780.46233	7927.46165	7723.94157	7440.60261	7521.19186
8000.0	6.25	8151.95236	8486.41761	8283.58855	7948.97866	8037.10817
8500.0	6.25	8494.16030	9063.39083	8872.48470	8479.28490	8564.20529
9000.0	6.25	8823.28360	9656.17654	9482.13444	9023.41549	9090.69555
9500.0	6.25	9145.26953	10250.76061	10085.81212	9552.80912	9583.58342
10000.0	6.25	9446.59998	10812.53926	10635.27447	10015.72326	9992.11627
10500.0	6.25	9680.80605	11287.65874	11062.39511	10349.23568	10262.14435
11000.0	6.25	9923.57702	11721.01180	11442.68628	10648.80636	10511.14504
11500.0	6.25	10225.55748	12127.05459	11804.11203	10970.02338	10812.92690
12000.0	6.25	10549.65318	12514.08594	12145.05370	11285.85105	11121.56782
12500.0	6.25	10882.25639	12888.86165	12475.99120	11596.46451	11427.93686
13000.0	6.25	11219.61896	13250.81706	12800.61374	11904.19279	11733.29428
13500.0	6.25	11559.07126	13602.76376	13122.10384	12210.94783	12038.76930
14000.0	6.25	11899.49032	13947.53471	13442.24689	12517.68448	12345.43176
14500.0	6.25	12240.00281	14287.76416	13761.85121	12824.39540	12652.59946
15000.0	6.25	12580.77245	14625.20295	14081.63323	13131.59755	12960.52786
15500.0	6.25	12922.00265	14961.07164	14401.60374	13439.35284	13269.29202
16000.0	6.25	13263.75680	15296.40271	14722.32328	13747.70946	13579.06335
16500.0	6.25	13606.53080	15631.86850	15043.95499	14057.07796	13889.89393
17000.0	6.25	13950.95363	15968.08793	15366.75662	14367.62294	14202.25247
20000.0	6.25	16063.24574	18023.58918	17344.50748	16268.08485	16116.36849
25000.0	6.25	19933.57387	21779.96848	20958.17375	19712.52609	19609.22177
30000.0	6.25	24944.94072	26527.54941	25578.65185	24176.18104	24152.27783
35000.0	6.25	30468.78878	31600.26407	30656.23978	29331.23054	29370.64338
40000.0	6.25	34665.31110	35526.29371	34583.16743	33341.73855	33405.03978
45000.0	6.25	38071.96724	38751.88678	37801.72150	36621.21995	36705.52613
50000.0	6.25	41197.16077	41728.67666	40772.81381	39645.98892	39755.25642
55000.0	6.25	44018.22040	44427.80680	43467.65366	42385.63511	42522.78423
60000.0	6.25	46677.24532	46979.40348	46016.64080	44976.01411	45142.42117
3750.0	6.50	4135.65411	4116.78495	4041.50767	4001.01780	3951.69440
4000.0	6.50	4303.83669	4277.88433	4200.15022	4159.30701	4116.65675
4250.0	6.50	4503.78906	4470.84658	4390.04069	4347.01818	4307.30707
4500.0	6.50	4732.13294	4691.77828	4607.27934	4561.20086	4523.32712
4750.0	6.50	4983.14343	4934.56844	4845.22714	4795.17236	4758.36858
5000.0	6.50	5153.68185	5206.12586	5139.72930	5068.52926	5056.44980
5250.0	6.50	5498.62465	5491.11557	5399.41088	5308.97958	5306.31417
5500.0	6.50	5823.80199	5772.48817	5658.64797	5546.10014	5553.41441
5750.0	6.50	6126.88689	6049.68278	5917.38055	5783.66934	5799.75530
6000.0	6.50	6408.06490	6319.95836	6172.68329	6017.52694	6044.13791
6250.0	6.50	6671.74339	6585.55608	6425.74074	6249.92852	6287.72926
6500.0	6.50	6920.26268	6848.09855	6677.59452	6481.56172	6530.84304
7000.0	6.50	7380.87163	7373.65542	7186.24253	6949.82733	7020.71135
7500.0	6.50	7799.34123	7907.89364	7710.90855	7432.42078	7519.53471
8000.0	6.50	8181.40811	8455.29260	8260.51122	7934.42080	8031.18280
8500.0	6.50	8534.51524	9018.96527	8839.17596	8458.21650	8555.12282
9000.0	6.50	8871.79565	9597.16057	9440.08595	8997.76333	9082.42319
9500.0	6.50	9200.78242	10181.66862	10045.23025	9533.68301	9589.52947
10000.0	6.50	9515.25638	10740.48489	10610.08777	10020.19256	10030.48923
10500.0	6.50	9782.64907	11239.18859	11090.97887	10412.31623	10363.98411
11000.0	6.50	9996.77561	11654.92975	11463.53501	10697.75395	10592.20605
11500.0	6.50	10262.10141	12062.08582	11831.20242	11004.00955	10861.40626
12000.0	6.50	10573.06120	12451.64511	12179.12636	11320.16344	11164.91123
12500.0	6.50	10898.32795	12828.69405	12512.49288	11630.85051	11469.89823
13000.0	6.50	11230.45255	13196.00697	12839.05101	11938.96971	11773.82048
13500.0	6.50	11565.93139	13552.64695	13161.04609	12244.14221	12077.52288
14000.0	6.50	11904.00604	13901.40705	13481.21154	12549.67731	12382.41028
14500.0	6.50	12243.55668	14244.65834	13800.92651	12855.78284	12688.34572
15000.0	6.50	12584.20344	14584.33226	14120.72844	13162.37445	12995.78609
15500.0	6.50	12925.77650	14921.92983	14440.94261	13469.85476	13304.13875
16000.0	6.50	13268.49843	15258.57856	14761.97927	13778.07144	13613.78672
16500.0	6.50	13612.56619	15595.17445	15084.08155	14087.50444	13924.72185
17000.0	6.50	13958.17262	15932.33007	15407.41900	14398.16355	14237.19521
20000.0	6.50	16080.10512	17991.13317	17388.47710	16298.97129	16153.82235
25000.0	6.50	19966.16736	21748.82658	21005.93697	19740.78120	19650.60712
30000.0	6.50	24980.91798	26487.20309	25616.98549	24196.52960	24188.02350
35000.0	6.50	30455.90663	31517.33099	30641.55154	29300.52407	29351.18095
40000.0	6.50	34608.64481	35403.88679	34523.89145	33267.17869	33339.56714
45000.0	6.50	37974.60923	38590.89774	37701.72980	36506.75026	36599.30694
50000.0	6.50	41037.63289	41508.82437	40612.63730	39470.11662	39587.12672
55000.0	6.50	43794.58658	44146.71642	43244.95326	42148.24472	42292.40316
60000.0	6.50	46394.11247	46640.99688	45737.04697	44682.75563	44856.05651
65000.0	6.50	54774.28497	54814.78661	53310.76930	51562.11076	51576.70783
70000.0	6.50	57481.48972	57399.49330	55874.02225	54164.76458	54188.46231
75000.0	6.50	60157.28100	59959.84189	58415.27772	56743.19644	56780.06707
80000.0	6.50	62814.68927	62507.64793	60945.09399	59309.07093	59361.44238
85000.0	6.50	65464.12335	65051.80581	63471.00640	61868.04368	61938.76372
90000.0	6.50	68112.82765	67599.21194	66001.32293	64428.77248	64519.27485
100000.0	6.50	73431.29980	72726.28717	71096.98862	69586.68489	69722.36551
3750.0	6.75	4162.12018	4140.26196	4063.25167	4021.11421	3969.37134
4000.0	6.75	4324.07477	4296.05799	4217.08834	4175.24497	4131.47931
4250.0	6.75	4517.18854	4482.82449	4401.17648	4357.53080	4317.25620
4500.0	6.75	4739.82645	4698.53284	4613.54680	4567.14596	4528.98981
4750.0	6.75	4986.21502	4937.01392	4847.59030	4797.54289	4760.71818
5000.0	6.75	5129.27737	5200.97285	5142.79640	5074.27718	5061.82963
5250.0	6.75	5472.07541	5484.60518	5400.71734	5312.20023	5311.06219
5500.0	6.75	5804.41024	5766.80896	5659.58160	5548.76306	5558.78468
5750.0	6.75	6114.87016	6045.14328	5918.09184	5785.45947	5804.95690
6000.0	6.75	6403.10876	6317.18885	6173.81742	6018.73445	6049.29174
6250.0	6.75	6672.03705	6583.14157	6426.52001	6249.92852	6292.19572
6500.0	6.75	6924.94268	6845.18456	6677.67039	6480.77044	6534.65356
7000.0	6.75	7392.90505	7366.14996	7182.42616	6946.42368	7022.31316
7500.0	6.75	7818.95676	7891.81222	7700.34812	7425.35829	7518.21464
8000.0	6.75	8210.24575	8428.91736	8241.09864	7922.19224	8026.58188
8500.0	6.75	8574.02110	8979.39364	8808.81552	8438.94838	8546.83072
9000.0	6.75	8921.02917	9543.53775	9400.71745	8973.28389	9073.64153
9500.0	6.75	9259.21679	10116.14596	10002.95047	9510.80185	9589.39337
10000.0	6.75	9584.35107	10671.61493	10579.20855	10014.82741	10055.85090
10500.0	6.75	9882.42954	11183.54721	11095.36291	10449.53039	10440.92107
11000.0	6.75	10109.25565	11605.49239	11497.58834	10767.75884	10702.32340
11500.0	6.75	10331.51509	11995.10012	11855.31477	11047.14958	10931.68361
12000.0	6.75	10614.99169	12384.74354	12211.23959	11355.99341	11214.42073
12500.0	6.75	10930.77706	12763.35060	12550.28212	11667.71609	11516.79867
13000.0	6.75	11256.73449	13132.21419	12878.53774	11974.98263	11819.18871
13500.0	6.75	11588.49323	13493.85858	13202.63908	12280.67398	12121.75078
14000.0	6.75	11923.70502	13846.68319	13523.23464	12585.36560	12424.76789
14500.0	6.75	12261.45090	14193.21918	13842.90585	12890.47723	12729.32335
15000.0	6.75	12601.46018	14535.55214	14162.92407	13196.50309	13035.69535
15500.0	6.75	12943.15177	14875.15243	14483.37594	13503.41057	13343.55246
16000.0	6.75	13286.55285	15213.45465	14804.75341	13811.53579	13652.94156
16500.0	6.75	13631.73211	15551.34014	15127.29505	14120.82021	13963.79521
17000.0	6.75	13978.77327	15889.50243	15451.22152	14431.75580	14276.46613
20000.0	6.75	16111.73253	17952.61383	17436.88038	16333.96429	16196.41389
25000.0	6.75	20016.55271	21713.84534	21061.32951	19776.31724	19699.71488
30000.0	6.75	25040.98570	26448.89985	25670.07205	24235.48347	24238.92720
35000.0	6.75	30467.17859	31439.35651	30644.48464	29288.69582	29350.50817
40000.0	6.75	34576.19550	35288.10940	34484.21672	33212.68612	33294.27669
45000.0	6.75	37902.22452	38438.94194	37623.44091	36413.66448	36514.22767
50000.0	6.75	40922.15624	41316.99240	40492.25120	39335.10180	39460.01816
55000.0	6.75	43656.55733	43939.52263	43107.57900	42003.40344	42150.14591
60000.0	6.75	46158.63349	46335.85416	45500.92740	44430.92753	44612.04646
3750.0	7.00	4189.09597	4164.44062	4085.68813	4041.74620	3987.11579
4000.0	7.00	4345.58468	4315.56105	4235.33768	4192.37606	4147.25066
4250.0	7.00	4531.99074	4496.21063	4413.65344	4369.28534	4328.30377
4500.0	7.00	4748.68724	4706.48398	4620.97417	4574.19570	4535.69983
4750.0	7.00	4990.16152	4940.46948	4850.93858	4800.85858	4763.97702
5000.0	7.00	5107.29531	5196.10383	5146.05997	5080.35723	5067.29610
5250.0	7.00	5446.02340	5479.49441	5403.84322	5317.09980	5317.24108
5500.0	7.00	5782.53144	5761.62037	5661.83700	5553.36167	5565.35169
5750.0	7.00	6100.05253	6040.48436	5919.52287	5788.43140	5811.08885
6000.0	7.00	6395.67483	6313.98974	6175.35345	6021.18211	6055.30819
6250.0	7.00	6671.31330	6581.37353	6428.35495	6251.73857	6297.80202
6500.0	7.00	6929.70094	6843.63234	6679.11844	6481.44229	6539.71636
7000.0	7.00	7406.17566	7361.67984	7180.97388	6944.83493	7025.40639
7500.0	7.00	7839.74890	7880.23905	7693.05081	7420.49011	7518.47867
8000.0	7.00	8239.35595	8407.05352	8225.26433	7912.23757	8023.35586
8500.0	7.00	8612.58954	8945.42973	8782.80322	8422.65446	8540.26084
9000.0	7.00	8969.49438	9496.20927	9365.11421	8950.97523	9065.25737
9500.0	7.00	9317.96147	10055.27796	9961.31654	9486.63729	9585.59454
10000.0	7.00	9655.33183	10606.21369	10544.75960	10002.81809	10071.91087
10500.0	7.00	9971.98565	11118.04697	11076.96714	10461.26576	10489.24317
11000.0	7.00	10242.03328	11573.94175	11536.89172	10839.47642	10815.98187
11500.0	7.00	10446.76412	11940.67503	11887.62117	11112.77840	11037.57008
12000.0	7.00	10686.21548	12316.55791	12240.27224	11398.10405	11280.82736
12500.0	7.00	10981.43106	12694.53825	12587.31514	11706.72162	11570.08970
13000.0	7.00	11300.21681	13064.89778	12920.55426	12015.20594	11870.95136
13500.0	7.00	11626.53365	13426.56169	13244.83771	12319.77306	12171.09842
14000.0	7.00	11958.99679	13784.14538	13567.79959	12624.26308	12472.65208
14500.0	7.00	12294.92175	14134.56549	13888.61673	12929.63079	12776.61174
15000.0	7.00	12633.71889	14479.76114	14208.75028	13235.08576	13081.81935
15500.0	7.00	12974.81484	14821.62920	14529.37168	13541.07534	13388.60132
16000.0	7.00	13318.58398	15161.75077	14851.16504	13848.77141	13697.42930
16500.0	7.00	13664.45119	15501.01886	15174.19327	14158.10014	14008.27758
17000.0	7.00	14012.79007	15840.38902	15498.72889	14469.28039	14320.95739
20000.0	7.00	16156.80050	17908.57425	17489.88715	16372.80744	16244.54729
25000.0	7.00	20082.43583	21675.38537	21124.80530	19819.43121	19757.58473
30000.0	7.00	25117.73571	26410.39400	25734.91166	24279.89808	24301.56839
35000.0	7.00	30496.05093	31365.13496	30663.72213	29294.52986	29366.27041
40000.0	7.00	34561.73676	35177.48309	34462.55338	33177.15774	33266.83373
45000.0	7.00	37851.67291	38296.61967	37566.86563	36342.76073	36451.86285
50000.0	7.00	40820.54266	41127.98461	40386.69596	39214.69148	39347.40018
55000.0	7.00	43446.25291	43641.90313	42893.50824	41765.91390	41924.62336
60000.0	7.00	45932.52419	46030.11068	45276.13768	44189.96626	44378.34299
65000.0	7.00	54173.89872	54025.78470	52708.14127	50908.20044	50932.66475
70000.0	7.00	56724.57291	56462.36053	55120.36556	53359.85765	53385.99612
75000.0	7.00	59230.67089	58860.92921	57496.54593	55775.45470	55805.62953
80000.0	7.00	61706.64924	61234.59308	59850.77193	58169.43338	58205.98877
85000.0	7.00	64165.00641	63595.64283	62192.54952	60550.52548	60596.80366
90000.0	7.00	66608.92139	65946.58164	64527.08559	62922.12013	62981.55091
100000.0	7.00	71481.82359	70644.47020	69198.43328	67677.86645	67763.44625
3750.0	7.25	4216.27741	4188.95014	4108.47359	4062.51750	4004.37294
4000.0	7.25	4368.30005	4336.29290	4254.75756	4210.53996	4163.74136
4250.0	7.25	4548.23838	4510.99882	4427.47033	4382.28203	4340.41432
4500.0	7.25	4758.99492	4715.80265	4629.63634	4582.35788	4543.37885
4750.0	7.25	4995.05491	4944.80643	4855.02630	4804.77290	4767.69263
5000.0	7.25	5087.94944	5191.78111	5149.61634	5086.92900	5072.90904
5250.0	7.25	5420.45970	5474.62899	5407.66172	5324.44622	5323.63085
5500.0	7.25	5758.34575	5756.69067	5664.84720	5558.76960	5571.96934
5750.0	7.25	6082.46164	6035.92062	5921.86349	5793.14905	5818.02045
6000.0	7.25	6386.07331	6310.96143	6177.73374	6024.89255	6062.20239
6250.0	7.25	6668.86695	6579.76643	6430.88450	6254.51537	6304.43034
6500.0	7.25	6933.69870	6842.99672	6681.61306	6483.22588	6545.70853
7000.0	7.25	7420.44212	7359.51322	7181.44011	6944.58685	7029.48177
7500.0	7.25	7862.11245	7872.38120	7688.33168	7416.97093	7519.47605
8000.0	7.25	8269.14878	8389.21063	8212.07155	7903.49688	8020.30274
8500.0	7.25	8651.04882	8915.72134	8759.54820	8407.56529	8533.48140
9000.0	7.25	9017.22298	9453.41175	9331.67896	8929.42210	9056.12651
9500.0	7.25	9376.01436	10000.08823	9921.27665	9462.24605	9579.10242
10000.0	7.25	9725.95753	10542.92400	10506.67162	9984.57725	10078.86037
10500.0	7.25	10058.22109	11054.42204	11051.38704	10461.06411	10521.65419
11000.0	7.25	10362.24479	11523.82736	11541.95746	10876.97019	10895.50602
11500.0	7.25	10598.29359	11914.46635	11938.03999	11196.71040	11165.75093
12000.0	7.25	10802.88068	12256.91083	12270.88898	11457.21068	11379.29489
12500.0	7.25	11058.16513	12623.38042	12619.22343	11747.97788	11634.71786
13000.0	7.25	11360.36130	12992.94358	12960.27339	12055.39732	11926.05132
13500.0	7.25	11680.90122	13356.57869	13289.66511	12361.58612	12225.43356
14000.0	7.25	12008.67577	13714.15845	13613.07147	12665.68933	12525.71148
14500.0	7.25	12342.17966	14068.19249	13935.77886	12970.27949	12828.05609
15000.0	7.25	12679.11736	14415.90674	14256.18543	13274.61551	13131.58650
15500.0	7.25	13019.25973	14760.08750	14577.21577	13580.63222	13437.54337
16000.0	7.25	13362.71219	15102.07996	14899.29538	13888.03549	13745.57460
16500.0	7.25	13708.91064	15442.88984	15222.65622	14197.16913	14056.02494
17000.0	7.25	14057.90286	15783.49685	15547.73262	14507.76712	14368.75019
20000.0	7.25	16211.41800	17856.73276	17544.61101	16413.22084	16295.53562
25000.0	7.25	20158.10790	21630.73139	21192.62279	19866.82774	19820.36749
30000.0	7.25	25206.18341	26369.27926	25808.60117	24336.97224	24373.45379
35000.0	7.25	30536.07312	31288.91130	30692.58719	29308.47342	29392.60373
40000.0	7.25	34558.82405	35066.50911	34450.92305	33151.17583	33251.60838
45000.0	7.25	37813.87875	38155.11576	37522.73213	36283.38924	36402.42428
50000.0	7.25	40719.09067	40928.08483	40281.79678	39093.22551	39235.57696
55000.0	7.25	43313.16625	43413.59432	42757.85846	41612.87350	41781.47689
60000.0	7.25	45795.75994	45800.00468	45136.89777	44032.93747	44231.08653
3750.0	7.50	4243.61026	4213.82795	4131.73165	4083.66403	4021.42428
4000.0	7.50	4392.26030	4358.24693	4275.32741	4229.67976	4180.81775
4250.0	7.50	4566.12276	4527.35579	4442.74423	4396.60195	4353.63168
4500.0	7.50	4770.83155	4726.56601	4639.65481	4591.75839	4552.14871
4750.0	7.50	5001.30227	4950.42645	4860.26686	4809.71549	4772.31238
5000.0	7.50	5070.81835	5188.05557	5153.70138	5095.63621	5078.89626
5250.0	7.50	5396.82584	5470.03035	5411.80302	5332.45794	5330.14149
5500.0	7.50	5732.93172	5752.37151	5669.19099	5566.25430	5579.68208
5750.0	7.50	6062.14322	6031.76617	5925.36546	5798.70877	5826.01030
6000.0	7.50	6373.45189	6307.78910	6180.96416	6030.47139	6070.14548
6250.0	7.50	6664.18463	6578.27189	6434.30860	6259.25473	6312.29613
6500.0	7.50	6936.35598	6843.06896	6685.39264	6486.97697	6553.32454
7000.0	7.50	7434.13157	7358.88542	7183.28054	6945.43161	7034.64683
7500.0	7.50	7885.26758	7867.76140	7686.38431	7415.50142	7522.14494
8000.0	7.50	8299.87376	8376.54239	8202.84344	7897.40287	8019.08541
8500.0	7.50	8689.49792	8891.79263	8740.89620	8395.57849	8528.66042
9000.0	7.50	9064.14363	9417.03598	9302.94386	8911.06619	9048.79471
9500.0	7.50	9431.82647	9949.99789	9883.37736	9438.35226	9571.27027
10000.0	7.50	9794.17679	10484.55526	10468.63148	9964.28093	10081.13817
10500.0	7.50	10141.52896	10994.87962	11023.46654	10455.17118	10545.18773
11000.0	7.50	10466.75523	11464.77588	11527.05123	10891.05677	10947.44509
11500.0	7.50	10753.02253	11892.31044	11977.62765	11267.31370	11281.27981
12000.0	7.50	10964.40660	12229.00253	12322.38117	11543.08720	11511.96995
12500.0	7.50	11178.10175	12561.02613	12651.04661	11804.48688	11730.53050
13000.0	7.50	11445.29027	12920.27652	12995.80586	12098.68703	11994.15311
13500.0	7.50	11751.56229	13283.25881	13333.03234	12404.95122	12286.12095
14000.0	7.50	12073.65793	13642.20654	13661.21576	12710.41544	12585.02571
14500.0	7.50	12402.46599	13995.16772	13983.45918	13013.84914	12884.95208
15000.0	7.50	12735.12612	14341.98271	14301.90768	13315.66346	13185.36446
15500.0	7.50	13076.96522	14693.73706	14628.87598	13625.90487	13493.22186
16000.0	7.50	13419.52841	15037.64321	14951.34327	13933.11653	13800.41852
16500.0	7.50	13765.29355	15379.92852	15275.13770	14241.41160	14110.06202
17000.0	7.50	14114.38768	15721.81964	15600.80024	14551.83193	14422.37644
20000.0	7.50	16274.99838	17800.39309	17603.39349	16457.75526	16352.04940
25000.0	7.50	20242.69637	21583.68397	21267.50691	19920.12566	19890.89758
30000.0	7.50	25305.59401	26328.96633	25892.85520	24405.84302	24456.81711
35000.0	7.50	30587.12571	31215.23181	30733.70848	29337.76889	29431.76464
40000.0	7.50	34567.87409	34960.24776	34453.43158	33140.76996	33250.89244
45000.0	7.50	37791.30108	38022.23183	37495.34462	36243.78390	36370.81070
50000.0	7.50	40663.80964	40766.33790	40223.48614	39019.59524	39171.29375
55000.0	7.50	43237.90482	43235.39372	42680.49242	41518.97061	41697.31338
60000.0	7.50	45624.70715	45530.94121	44966.78226	43844.65922	44051.93318
65000.0	7.50	50887.61945	50599.89984	49782.60528	48392.77907	48443.42994
70000.0	7.50	53203.97509	52824.29749	51993.35756	50658.49034	50713.16066
75000.0	7.50	55457.40844	54981.11235	54155.58520	52875.38269	52935.76224
80000.0	7.50	57659.81193	57104.18012	56269.74090	55044.32554	55112.91589
85000.0	7.50	59847.95041	59218.36007	58378.14894	57207.56271	57285.96875
90000.0	7.50	62009.13478	61310.25481	60466.11493	59349.89525	59438.42895
100000.0	7.50	66294.02338	65468.17911	64622.92863	63624.73746	63738.04652
3750.0	7.75	4271.66088	4239.30142	4155.32575	4104.60686	4037.09268
4000.0	7.75	4417.43619	4381.36384	4296.97108	4249.68015	4198.25458
4250.0	7.75	4585.60205	4545.22391	4459.44057	4412.18527	4367.81969
4500.0	7.75	4784.34770	4738.87675	4651.08737	4602.44716	4562.02881
4750.0	7.75	5009.05245	4957.42424	4866.75025	4815.77637	4777.90929
5000.0	7.75	5055.36391	5184.97788	5158.33403	5104.85102	5085.48362
5250.0	7.75	5375.29799	5465.53042	5415.95247	5341.00840	5336.53967
5500.0	7.75	5707.39964	5748.18298	5674.08604	5575.31274	5587.37903
5750.0	7.75	6039.59084	6028.20804	5930.24128	5807.76631	5834.76139
6000.0	7.75	6357.59772	6304.71382	6185.19699	6037.68081	6079.18734
6250.0	7.75	6656.59097	6576.82508	6438.79566	6265.85402	6321.54278
6500.0	7.75	6936.34698	6842.99672	6689.79996	6492.31780	6562.01287
7000.0	7.75	7447.24086	7360.03431	7187.02445	6948.16601	7041.67063
7500.0	7.75	7907.84485	7865.17983	7686.06586	7415.15847	7525.63378
8000.0	7.75	8331.24205	8367.78475	8196.81728	7893.40706	8019.30106
8500.0	7.75	8728.25398	8873.20422	8726.00184	8385.74286	8524.74907
9000.0	7.75	9110.04647	9385.44755	9277.26130	8894.01536	9041.10711
9500.0	7.75	9485.52351	9906.48195	9849.33864	9416.57506	9563.56468
10000.0	7.75	9858.18877	10429.78670	10429.74029	9941.41890	10078.62535
10500.0	7.75	10219.84913	10937.73985	10991.99102	10443.38714	10560.17781
11000.0	7.75	10562.22235	11408.66927	11507.21821	10895.79233	10985.63377
11500.0	7.75	10879.81190	11844.83739	11978.42671	11299.70030	11356.62793
12000.0	7.75	11143.60271	12225.96540	12384.86464	11635.35987	11651.29172
12500.0	7.75	11345.35944	12530.68369	12701.10399	11888.56559	11863.87473
13000.0	7.75	11569.75513	12856.23181	13028.65217	12153.70480	12089.79865
13500.0	7.75	11844.79277	13209.10660	13370.76365	12449.78170	12358.27885
14000.0	7.75	12153.02318	13566.57879	13706.19031	12755.30019	12650.07237
14500.0	7.75	12476.55473	13921.96999	14034.51316	13060.94490	12948.58675
15000.0	7.75	12805.71002	14271.09340	14356.70603	13366.10169	13251.96681
15500.0	7.75	13142.75966	14619.18290	14679.06215	13669.03125	13552.17043
16000.0	7.75	13485.79975	14968.39326	15005.86757	13978.28877	13860.87043
16500.0	7.75	13830.70516	15312.29167	15330.29430	14286.60539	14169.73252
17000.0	7.75	14179.11871	15655.47553	15656.30110	14596.29002	14481.29162
20000.0	7.75	16344.48497	17739.31203	17664.71012	16504.16832	16413.20365
25000.0	7.75	20333.60973	21533.95236	21347.44588	19980.36439	19967.91910
30000.0	7.75	25412.72185	26289.55051	25985.07929	24483.16036	24549.40801
35000.0	7.75	30645.33525	31143.18937	30782.94834	29375.74634	29480.67524
40000.0	7.75	34585.97260	34856.91781	34465.74595	33141.08722	33261.77456
45000.0	7.75	37780.26674	37895.03340	37480.17893	36212.31214	36351.65185
50000.0	7.75	40595.19603	40586.84647	40153.23529	38933.49023	39095.48604
55000.0	7.75	43112.02781	43003.25010	42554.66971	41375.59285	41563.84271
60000.0	7.75	45536.37071	45337.76065	44877.35086	43737.85935	43955.14519
65000.0	7.75	53621.47081	53084.84109	52152.50503	50267.38544	50324.84921
70000.0	7.75	56015.48502	55375.07299	54410.85618	52558.01577	52611.66908
75000.0	7.75	58343.62038	57588.41039	56615.35896	54797.66593	54847.72698
80000.0	7.75	60620.57527	59772.59996	58771.71803	56987.15537	57035.61067
85000.0	7.75	62878.14411	61942.72132	60917.28550	59168.03643	59218.26210
90000.0	7.75	65107.00385	64087.93031	63040.01376	61326.64703	61379.50818
100000.0	7.75	69518.27024	68343.97733	67257.91155	65627.35931	65689.01535
3750.0	8.00	4301.99335	4266.82463	4180.64476	4126.72456	4052.72406
4000.0	8.00	4443.81344	4405.60454	4319.58349	4270.38249	4215.77177
4250.0	8.00	4606.72549	4564.60522	4477.48764	4428.92460	4382.80916
4500.0	8.00	4799.53736	4752.72491	4663.88809	4614.34289	4572.87921
4750.0	8.00	5018.47985	4965.93912	4874.58117	4823.04653	4784.54793
5000.0	8.00	5041.13998	5182.60407	5163.76074	5114.91160	5092.85872
5250.0	8.00	5356.03336	5461.48081	5420.45887	5351.52273	5343.16883
5500.0	8.00	5682.82307	5743.99842	5679.31511	5585.99773	5595.21481
5750.0	8.00	6014.98022	6024.88117	5936.04811	5818.13023	5844.13351
6000.0	8.00	6338.87856	6302.11785	6190.71311	6047.04940	6089.17504
6250.0	8.00	6645.62974	6575.28779	6444.09502	6274.29510	6331.71737
6500.0	8.00	6933.51840	6843.06896	6695.31262	6499.70261	6572.09542
7000.0	8.00	7458.47290	7361.89878	7192.01072	6952.87380	7050.11194
7500.0	8.00	7930.29515	7865.51207	7688.45369	7416.83012	7531.29650
8000.0	8.00	8362.75948	8362.18931	8193.44150	7891.09352	8020.82441
8500.0	8.00	8767.23815	8859.37696	8714.89049	8378.26797	8522.19405
9000.0	8.00	9155.49233	9360.51737	9256.29905	8879.88469	9034.80552
9500.0	8.00	9537.63594	9869.09385	9818.85465	9396.54573	9555.91143
10000.0	8.00	9918.18450	10381.22576	10393.16198	9918.85839	10073.97247
10500.0	8.00	10292.71803	10885.13498	10959.50946	10428.31671	10569.43341
11000.0	8.00	10649.73056	11355.71845	11484.45226	10894.25662	11014.46667
11500.0	8.00	10987.61432	11793.80459	11966.53248	11314.91433	11409.92668
12000.0	8.00	11296.03978	12200.26396	12409.87107	11691.88856	11754.71937
12500.0	8.00	11539.36250	12538.46127	12775.02821	11992.08036	12016.85999
13000.0	8.00	11741.85849	12826.48011	13078.51542	12237.04446	12225.10013
13500.0	8.00	11973.35336	13145.82914	13405.61521	12507.11637	12459.78960
14000.0	8.00	12255.31357	13493.41435	13746.05728	12802.56631	12728.39126
14500.0	8.00	12564.35416	13846.09702	14081.28750	13107.92450	13019.58372
15000.0	8.00	12889.31003	14198.87373	14411.36549	13414.89152	13319.17298
15500.0	8.00	13218.00700	14542.18314	14730.99031	13716.18513	13617.70900
16000.0	8.00	13558.56633	14892.35386	15058.79280	14025.01389	13924.82865
16500.0	8.00	13905.36507	15242.06581	15388.63675	14339.36105	14235.92110
17000.0	8.00	14252.25973	15586.20450	15715.15208	14646.19034	14546.64183
20000.0	8.00	16419.82594	17675.47782	17729.15038	16555.35938	16479.91340
25000.0	8.00	20429.29826	21482.80322	21431.83621	20044.86063	20050.87488
30000.0	8.00	25527.18804	26252.22929	26084.66894	24569.79659	24650.92549
35000.0	8.00	30711.11899	31074.15170	30839.77137	29422.01812	29538.37181
40000.0	8.00	34613.32445	34758.16154	34487.18107	33150.35099	33281.67693
45000.0	8.00	37779.85805	37775.00013	37475.19905	36194.36806	36344.66329
50000.0	8.00	40567.94724	40444.82809	40122.83559	38887.82719	39061.11249
55000.0	8.00	43061.52235	42841.15691	42501.28329	41306.39995	41505.50132
60000.0	8.00	45426.26689	45119.93105	44765.77100	43607.93576	43836.43132
3750.0	8.25	4331.78681	4293.97085	4205.67220	4148.16573	4066.23779
4000.0	8.25	4471.54642	4431.04895	4343.21972	4291.75707	4233.14200
4250.0	8.25	4629.45876	4585.46017	4496.86711	4446.76926	4398.44934
4500.0	8.25	4816.44430	4768.13626	4678.11713	4627.48963	4584.71345
4750.0	8.25	5029.83510	4976.19632	4883.95670	4831.66064	4792.27886
5000.0	8.25	5027.69949	5180.77542	5169.93620	5125.43035	5101.02760
5250.0	8.25	5338.58063	5457.94393	5425.42249	5363.36023	5350.09379
5500.0	8.25	5660.33645	5739.95632	5684.61222	5598.36820	5602.85968
5750.0	8.25	5990.11166	6021.77607	5942.48132	5830.41046	5853.51409
6000.0	8.25	6317.25859	6299.85397	6197.43927	6058.83579	6100.00207
6250.0	8.25	6631.08217	6573.89596	6450.54408	6284.87966	6343.04143
6500.0	8.25	6927.07007	6843.06173	6701.81542	6509.32013	6583.54838
7000.0	8.25	7467.53958	7364.70208	7198.62140	6959.86327	7060.57197
7500.0	8.25	7951.39810	7867.60545	7692.79111	7420.52070	7538.80691
8000.0	8.25	8393.60435	8360.38550	8193.31181	7890.91204	8024.69089
8500.0	8.25	8805.95269	8849.57169	8707.12253	8373.01706	8521.20916
9000.0	8.25	9200.50572	9340.98139	9239.26006	8868.03523	9029.38552
9500.0	8.25	9588.16035	9837.96921	9792.00628	9378.16870	9547.99432
10000.0	8.25	9974.74256	10338.69422	10358.70223	9896.59166	10067.55792
10500.0	8.25	10358.67826	10835.33633	10924.42937	10408.87211	10572.14870
11000.0	8.25	10729.70302	11307.80025	11460.06235	10888.28307	11036.40846
11500.0	8.25	11082.77351	11745.71877	11950.88389	11322.20437	11451.23090
12000.0	8.25	11416.97504	12158.64400	12408.18845	11719.33976	11824.98173
12500.0	8.25	11715.33851	12537.69804	12825.73910	12072.67491	12147.26884
13000.0	8.25	11945.20975	12842.71467	13159.03774	12347.33888	12387.77680
13500.0	8.25	12152.42056	13120.93412	13456.91828	12590.20152	12596.91054
14000.0	8.25	12393.21829	13434.19057	13782.18410	12860.76411	12833.90785
14500.0	8.25	12674.89524	13774.68346	14121.56267	13157.17663	13104.91712
15000.0	8.25	12984.13468	14123.40399	14458.47483	13463.07067	13395.51139
15500.0	8.25	13307.74832	14470.78441	14787.99378	13769.16209	13693.99621
16000.0	8.25	13634.89870	14802.12412	15113.29537	14075.11993	13997.88040
16500.0	8.25	13980.45876	15162.03355	15440.02872	14382.46958	14302.82577
17000.0	8.25	14332.45717	15516.54046	15777.39178	14700.51915	14619.93577
20000.0	8.25	16498.90886	17609.55249	17795.79389	16607.77825	16551.34480
25000.0	8.25	20529.92702	21431.02096	21519.78147	20115.36346	20140.10399
30000.0	8.25	25647.59129	26217.16238	26189.65069	24663.45125	24760.24107
35000.0	8.25	30782.96512	31007.36319	30901.72699	29474.72248	29603.36229
40000.0	8.25	34648.15739	34664.13338	34515.45524	33171.38411	33310.88513
45000.0	8.25	37789.35990	37661.40329	37479.04715	36185.60081	36347.61085
50000.0	8.25	40538.47488	40297.93079	40088.60583	38839.77425	39024.88874
55000.0	8.25	43025.61332	42691.21107	42460.67986	41250.35278	41461.87373
60000.0	8.25	45327.94867	44912.85662	44664.91063	43490.17821	43729.99221
65000.0	8.25	53402.61614	52550.23754	51925.65259	49983.70323	50073.78787
70000.0	8.25	55728.48959	54778.43893	54116.80296	52203.35413	52288.90165
75000.0	8.25	57985.71757	56944.18968	56248.93943	54363.76908	54445.66974
80000.0	8.25	60188.38144	59059.81535	58331.29483	56473.20075	56552.69237
85000.0	8.25	62343.98594	61133.70381	60374.72024	58546.89586	58625.76772
90000.0	8.25	64480.35285	63193.17357	62406.48716	60609.25995	60689.72223
100000.0	8.25	68683.70296	67252.95593	66416.80483	64689.02231	64774.34324
3750.0	8.50	4363.39484	4322.58069	4231.69211	4169.71814	4077.81866
4000.0	8.50	4500.81314	4457.84475	4367.95804	4313.78065	4250.12074
4250.0	8.50	4654.01864	4607.94207	4517.62939	4465.69101	4414.56023
4500.0	8.50	4835.28060	4785.30251	4693.91062	4641.99415	4597.54355
4750.0	8.50	5042.89749	4987.98778	4894.70887	4841.50796	4801.04395
5000.0	8.50	5013.91426	5178.97541	5176.52160	5135.82632	5109.61455
5250.0	8.50	5322.41861	5455.02810	5431.03555	5375.34274	5357.73109
5500.0	8.50	5639.85351	5736.13437	5690.07793	5611.97098	5610.51998
5750.0	8.50	5965.58969	6018.50202	5949.24788	5845.06894	5862.91275
6000.0	8.50	6293.96921	6298.11000	6205.36621	6073.41537	6111.43463
6250.0	8.50	6613.80784	6573.34224	6458.72802	6298.66239	6355.73397
6500.0	8.50	6917.26328	6843.45178	6709.72580	6521.68628	6596.43897
7000.0	8.50	7473.54712	7367.86284	7206.50385	6969.03772	7072.72395
7500.0	8.50	7970.56262	7871.12005	7698.90333	7426.25686	7548.19679
8000.0	8.50	8423.65546	8361.33150	8195.73226	7892.90246	8030.51572
8500.0	8.50	8844.38609	8844.41160	8702.96144	8369.52161	8522.32048
9000.0	8.50	9245.46090	9326.61641	9226.37106	8858.95757	9025.76466
9500.0	8.50	9637.89168	9813.22187	9769.42471	9362.17820	9540.76219
10000.0	8.50	10029.03227	10302.84734	10327.65100	9875.48446	10060.19434
10500.0	8.50	10420.10504	10791.70123	10890.73474	10388.59582	10571.63629
11000.0	8.50	10802.27433	11263.02505	11432.88006	10877.65345	11051.44774
11500.0	8.50	11168.66459	11703.50309	11934.19441	11325.03631	11485.31256
12000.0	8.50	11519.71378	12117.48591	12399.71061	11735.41784	11878.98089
12500.0	8.50	11850.55200	12510.54850	12837.40655	12114.44848	12236.37940
13000.0	8.50	12140.18599	12864.97208	13231.78653	12447.92362	12540.86549
13500.0	8.50	12364.11324	13147.92256	13544.57064	12707.44128	12769.76578
14000.0	8.50	12576.78833	13418.32608	13838.36789	12949.76862	12981.23952
14500.0	8.50	12819.29927	13721.77517	14159.59230	13219.10543	13219.24715
15000.0	8.50	13103.46044	14056.62259	14499.77521	13515.39969	13489.72032
15500.0	8.50	13413.49276	14401.98259	14839.36566	13822.09257	13780.12684
16000.0	8.50	13738.91492	14749.71865	15175.13608	14131.84386	14080.41494
16500.0	8.50	14072.69640	15093.77303	15503.64342	14439.20437	14383.47200
17000.0	8.50	14416.10591	15440.43787	15834.27486	14750.14294	14693.40319
20000.0	8.50	16584.12188	17544.26364	17865.59255	16664.10816	16629.53821
25000.0	8.50	20635.55675	21380.14840	21611.10022	20188.38333	20235.19835
30000.0	8.50	25776.96522	26186.21101	26300.72255	24767.02123	24878.75689
35000.0	8.50	30861.82487	30944.49704	30968.71934	29533.92032	29675.59578
40000.0	8.50	34689.73895	34574.83871	34547.83100	33188.41927	33345.77108
45000.0	8.50	37808.77090	37556.75588	37490.81760	36186.16847	36360.82723
50000.0	8.50	40493.65412	40135.03244	40038.83385	38776.07562	38973.49072
55000.0	8.50	42956.28377	42508.06750	42386.19645	41161.42131	41384.74120
60000.0	8.50	45302.02384	44778.90728	44634.71707	43448.00706	43698.57405
65000.0	8.50	53337.54834	52333.83896	51850.83980	49882.08691	49991.47611
70000.0	8.50	55630.04265	54532.51952	54009.09344	52065.56595	52169.58876
75000.0	8.50	57856.59350	56670.51263	56110.18203	54192.04365	54292.59849
80000.0	8.50	60031.70817	58762.53798	58166.63235	56274.39846	56374.16432
85000.0	8.50	62169.01161	60821.34955	60191.91779	58325.37579	58425.74473
90000.0	8.50	64274.52369	62851.86851	62191.00556	60350.50961	60452.72883
100000.0	8.50	68414.58252	66853.13524	66135.20055	64356.52866	64463.47692
3750.0	8.75	4396.97615	4352.81145	4258.87181	4191.38512	4086.97181
4000.0	8.75	4531.87420	4486.13089	4393.83206	4336.35581	4266.28047
4250.0	8.75	4680.40609	4632.02480	4539.74450	4485.58815	4430.87279
4500.0	8.75	4856.02883	4804.18078	4711.19291	4657.72778	4611.14876
4750.0	8.75	5057.79824	5001.40361	4906.86553	4852.55199	4810.69952
5000.0	8.75	5001.05063	5178.09603	5184.52135	5147.22132	5119.83864
5250.0	8.75	5307.09105	5452.65352	5437.37260	5387.36136	5366.15278
5500.0	8.75	5621.03965	5732.62397	5695.85207	5626.73884	5618.36969
5750.0	8.75	5942.73703	6015.13443	5955.86947	5861.09601	5871.99277
6000.0	8.75	6269.76248	6296.17764	6213.62545	6090.16084	6122.71273
6250.0	8.75	6593.16294	6572.73134	6467.72393	6315.03011	6368.76127
6500.0	8.75	6903.92376	6844.36165	6719.17645	6537.23945	6610.76630
7000.0	8.75	7476.18439	7371.48605	7215.93477	6980.97027	7086.93889
7500.0	8.75	7987.67106	7876.32744	7707.35406	7434.77708	7560.22655
8000.0	8.75	8451.64427	8364.16817	8199.99910	7896.71156	8038.12203
8500.0	8.75	8881.98340	8843.00760	8701.99912	8368.44823	8525.74033
9000.0	8.75	9290.48077	9318.42217	9218.19878	8852.03678	9024.79040
9500.0	8.75	9687.08708	9794.14599	9750.89914	9348.57027	9534.58207
10000.0	8.75	10081.77310	10273.51188	10300.03780	9855.82181	10052.17634
10500.0	8.75	10477.77711	10753.75689	10858.15942	10367.20635	10567.76049
11000.0	8.75	10868.92920	11222.95527	11404.84831	10863.81205	11061.05727
11500.0	8.75	11246.60695	11665.06130	11915.49810	11323.37051	11512.36764
12000.0	8.75	11610.58730	12081.26213	12389.57553	11745.73557	11924.03300
12500.0	8.75	11960.89494	12478.30502	12836.73654	12139.65231	12303.42541
13000.0	8.75	12289.25421	12855.06910	13258.35836	12504.74976	12648.75383
13500.0	8.75	12573.29304	13189.86088	13634.32468	12823.53816	12940.89683
14000.0	8.75	12796.86503	13459.01284	13935.17032	13075.23608	13165.23937
14500.0	8.75	13013.59635	13721.49070	14224.74337	13316.50606	13378.28828
15000.0	8.75	13261.23333	14017.54711	14543.73343	13585.15097	13617.49409
15500.0	8.75	13542.24054	14341.70866	14880.82512	13877.87560	13884.49670
16000.0	8.75	13848.84690	14680.37297	15221.52099	14183.40463	14171.75230
16500.0	8.75	14171.33673	15021.23769	15555.76515	14491.11891	14469.44994
17000.0	8.75	14504.65437	15363.50939	15887.80993	14800.14694	14773.25200
20000.0	8.75	16675.48794	17480.22247	17937.62780	16723.70268	16714.37383
25000.0	8.75	20747.50616	21330.92724	21705.34190	20266.98545	20337.09209
30000.0	8.75	25911.41009	26157.96067	26414.33543	24873.01527	25003.30192
35000.0	8.75	30946.50813	30885.86140	31038.92292	29597.87876	29754.20483
40000.0	8.75	34738.79119	34491.62514	34584.76319	33217.85654	33388.91079
45000.0	8.75	37837.16894	37459.29747	37508.02003	36193.35889	36381.93500
50000.0	8.75	40486.38514	40008.49440	40021.49144	38747.93083	38958.74416
55000.0	8.75	42920.46223	42358.15147	42341.32291	41104.42517	41340.39980
60000.0	8.75	45204.96251	44569.23211	44526.90531	43324.29480	43588.10936
3750.0	9.00	4431.82665	4383.85536	4286.24432	4211.87341	4091.74530
4000.0	9.00	4565.02817	4516.13439	4420.97716	4359.40370	4281.10754
4250.0	9.00	4708.81891	4657.81943	4563.22449	4506.35370	4447.00791
4500.0	9.00	4878.96862	4824.94705	4730.07617	4674.71958	4625.40031
4750.0	9.00	5075.45167	5017.34291	4921.37357	4865.76676	4822.26078
5000.0	9.00	4988.47312	5177.81850	5193.67637	5159.44004	5131.23387
5250.0	9.00	5292.12655	5450.72326	5444.56243	5399.37312	5375.62681
5500.0	9.00	5603.43465	5729.61751	5702.15324	5641.01054	5626.81628
5750.0	9.00	5921.60882	6011.90228	5962.66940	5878.31881	5881.01539
6000.0	9.00	6245.71405	6294.05635	6222.09288	6109.30447	6133.87383
6250.0	9.00	6570.65614	6572.48693	6477.83356	6334.85620	6382.31150
6500.0	9.00	6887.15718	6845.55983	6729.84863	6556.00158	6625.93106
7000.0	9.00	7475.42925	7375.78782	7227.08623	6996.25079	7103.29758
7500.0	9.00	8002.11999	7882.88938	7717.96730	7446.05069	7575.02385
8000.0	9.00	8478.30575	8369.94962	8207.61273	7904.01768	8049.09454
8500.0	9.00	8918.39975	8845.13507	8704.19725	8370.48859	8531.95884
9000.0	9.00	9334.10545	9314.17365	9212.94704	8847.24748	9025.59801
9500.0	9.00	9736.02761	9781.34176	9736.56248	9336.06104	9530.23728
10000.0	9.00	10134.60030	10251.37989	10277.56668	9839.31203	10045.75478
10500.0	9.00	10533.76359	10722.67730	10829.00299	10347.14628	10562.85295
11000.0	9.00	10931.49898	11188.27895	11377.15961	10848.03429	11066.44378
11500.0	9.00	11318.78628	11632.09561	11896.58697	11319.03876	11534.40263
12000.0	9.00	11692.91046	12049.79719	12378.77920	11752.42103	11962.24785
12500.0	9.00	12056.35288	12449.19448	12832.99019	12157.06653	12358.99860
13000.0	9.00	12407.15894	12833.86621	13266.59196	12539.67404	12729.04921
13500.0	9.00	12734.66452	13197.75278	13675.92390	12894.94696	13066.43207
14000.0	9.00	13017.33339	13518.60352	14038.95782	13204.11602	13351.98224
14500.0	9.00	13242.58151	13778.23779	14332.17469	13451.97664	13575.51435
15000.0	9.00	13464.69264	14034.31724	14618.65310	13692.31392	13790.03277
15500.0	9.00	13712.47263	14319.89739	14932.90470	13957.98170	14028.26638
16000.0	9.00	13990.53104	14632.29998	15266.04184	14245.76960	14290.25744
16500.0	9.00	14297.01118	14965.47717	15609.23092	14551.01910	14575.93863
17000.0	9.00	14618.76907	15290.40114	15948.93934	14861.23756	14876.37072
20000.0	9.00	16774.36195	17419.00580	18012.22762	16787.25785	16807.31794
25000.0	9.00	20865.50590	21264.67050	21801.17606	20350.78693	20448.00741
30000.0	9.00	26051.46402	26113.13476	26529.37734	24984.13801	25136.29918
35000.0	9.00	31037.42949	30832.37251	31111.55146	29665.44240	29839.09050
40000.0	9.00	34794.68406	34397.33978	34624.42691	33252.33503	33439.96873
45000.0	9.00	37873.73332	37353.84094	37529.29584	36207.07719	36412.69251
50000.0	9.00	40488.70720	39874.59337	40008.87845	38727.04140	38953.71796
55000.0	9.00	42903.85078	42210.65576	42310.80717	41064.02450	41315.64936
60000.0	9.00	45149.81329	44388.13671	44458.22899	43244.93595	43523.61287
65000.0	9.00	53256.17875	51959.36192	51736.50276	49725.76476	49879.68192
70000.0	9.00	55504.75138	54122.64717	53851.28152	51860.10462	52009.80647
75000.0	9.00	57684.42467	56221.57290	55905.23196	53933.49704	54081.36044
80000.0	9.00	59809.10666	58270.45230	57911.09790	55959.43624	56106.82423
85000.0	9.00	61891.35310	60280.92227	59881.02490	57948.80715	58097.98425
90000.0	9.00	63938.33729	62260.18557	61821.08418	59909.61828	60061.30786
100000.0	9.00	67944.57795	66141.17832	65632.02131	63768.32994	63927.50347
3750.0	9.25	4467.34844	4415.20421	4313.37519	4230.64543	4091.20317
4000.0	9.25	4600.30859	4547.71718	4449.08341	4382.37269	4293.50813
4250.0	9.25	4739.81596	4685.71469	4588.28496	4527.99364	4462.57511
4500.0	9.25	4904.20653	4847.67659	4750.55897	4692.86313	4639.98375
4750.0	9.25	5094.24973	5034.10108	4936.30738	4878.99047	4833.13732
5000.0	9.25	4976.54723	5178.27511	5204.22189	5172.98591	5144.38739
5250.0	9.25	5277.62883	5449.38993	5452.81851	5411.67412	5386.22084
5500.0	9.25	5586.85913	5727.24327	5709.25722	5654.86131	5636.06986
5750.0	9.25	5901.94503	6008.80306	5969.60154	5895.57662	5890.17257
6000.0	9.25	6222.93619	6291.55825	6230.32427	6129.73713	6144.50180
6250.0	9.25	6547.41585	6572.04693	6488.22408	6356.99078	6395.63812
6500.0	9.25	6867.71744	6847.23338	6741.79126	6578.68636	6641.67877
7000.0	9.25	7470.89291	7380.68282	7239.92604	7015.21787	7121.25412
7500.0	9.25	8013.25216	7890.28838	7730.19749	7459.76384	7591.83306
8000.0	9.25	8503.12233	8378.15056	8217.87562	7914.05784	8062.83391
8500.0	9.25	8953.86062	8850.90696	8709.79518	8375.55003	8540.97181
9000.0	9.25	9377.49603	9314.66734	9211.34082	8845.56336	9028.96260
9500.0	9.25	9784.98809	9774.33727	9726.35371	9326.54265	9527.92167
10000.0	9.25	10186.59379	10234.91949	10257.71396	9821.59106	10038.75752
10500.0	9.25	10588.16878	10696.66871	10801.27212	10326.05428	10554.96805
11000.0	9.25	10990.60144	11157.12230	11347.88195	10828.55874	11065.62404
11500.0	9.25	11385.97471	11602.03515	11875.07976	11309.58040	11549.04573
12000.0	9.25	11769.41279	12022.60817	12366.85189	11754.86640	11993.70552
12500.0	9.25	12142.59996	12423.74534	12828.14627	12169.58866	12405.80700
13000.0	9.25	12507.10380	12812.04519	13268.59022	12562.54974	12793.25624
13500.0	9.25	12859.31183	13187.59226	13692.05714	12937.23754	13157.53407
14000.0	9.25	13187.71373	13541.42579	14091.74380	13285.62079	13490.09742
14500.0	9.25	13473.09603	13853.78070	14447.47942	13590.12465	13773.75388
15000.0	9.25	13705.89294	14111.14562	14741.17360	13839.91849	14001.71960
15500.0	9.25	13929.16234	14358.83930	15021.75463	14078.07614	14217.01822
16000.0	9.25	14174.58274	14629.91385	15325.71297	14335.79431	14449.51451
16500.0	9.25	14450.92424	14933.16775	15657.88631	14622.26225	14711.04525
17000.0	9.25	14744.62484	15250.65566	16001.22439	14920.37144	14983.51474
20000.0	9.25	16879.20216	17358.96353	18085.81772	16850.85093	16905.48373
25000.0	9.25	20994.16842	21242.72442	21900.92308	20438.19301	20563.21308
30000.0	9.25	26199.69014	26093.91533	26645.23398	25099.37057	25274.28927
35000.0	9.25	31132.22701	30762.14205	31180.65690	29734.40034	29928.37768
40000.0	9.25	34855.33383	34326.30173	34662.94675	33286.58890	33493.07459
45000.0	9.25	37916.51969	37273.28489	37550.57068	36223.63334	36446.82404
50000.0	9.25	40499.10572	39768.75389	39999.86899	38710.95770	38954.66630
55000.0	9.25	42908.55411	42127.57578	42299.81218	41046.17243	41311.67411
60000.0	9.25	45117.51463	44253.90044	44410.57699	43189.31850	43482.12579
3750.0	9.50	4502.49394	4446.35125	4340.30043	4248.35676	4087.28541
4000.0	9.50	4637.38372	4580.59681	4477.83555	4404.75192	4302.52103
4250.0	9.50	4773.43530	4715.70202	4614.82334	4550.23136	4476.89079
4500.0	9.50	4932.04565	4872.51819	4772.62321	4711.95688	4654.32859
4750.0	9.50	5116.60491	5054.04108	4954.02948	4894.59692	4845.75598
5000.0	9.50	4974.33818	5188.12387	5224.53078	5196.32311	5167.81513
5250.0	9.50	5261.72943	5447.42636	5461.25400	5423.63962	5397.16296
5500.0	9.50	5570.32546	5725.15017	5717.11606	5668.22109	5646.28730
5750.0	9.50	5883.49786	6006.26085	5977.14494	5912.24469	5900.00829
6000.0	9.50	6201.82477	6289.37559	6238.88300	6150.76607	6155.45055
6250.0	9.50	6523.98278	6571.06882	6498.53439	6381.10996	6408.61361
6500.0	9.50	6846.34936	6848.90575	6754.45173	6604.54163	6657.55926
7000.0	9.50	7462.61387	7386.26189	7254.41444	7038.87455	7140.74330
7500.0	9.50	8021.09897	7899.04247	7744.74511	7477.18988	7611.54282
8000.0	9.50	8525.28436	8388.31488	8230.63487	7926.97797	8079.72365
8500.0	9.50	8987.92310	8860.20391	8718.93395	8384.06175	8553.62946
9000.0	9.50	9420.12755	9319.82687	9214.01492	8847.80544	9035.97767
9500.0	9.50	9834.41030	9773.85550	9721.45739	9321.72038	9529.83378
10000.0	9.50	10238.84928	10225.10991	10242.32387	9807.31716	10034.01681
10500.0	9.50	10642.38265	10677.66183	10777.03336	10304.50173	10547.22785
11000.0	9.50	11047.83361	11130.91829	11319.37739	10807.08774	11061.28823
11500.0	9.50	11449.68138	11575.53215	11851.67452	11296.15553	11557.78276
12000.0	9.50	11841.22738	11999.35211	12353.50999	11753.56224	12019.15219
12500.0	9.50	12222.72164	12403.06664	12822.99640	12178.86588	12446.75698
13000.0	9.50	12596.77205	12793.43547	13269.54455	12580.96136	12848.99822
13500.0	9.50	12963.62658	13174.40431	13700.39761	12966.44212	13231.11351
14000.0	9.50	13318.35757	13543.41832	14116.38426	13335.49668	13592.02035
14500.0	9.50	13649.65767	13890.47712	14509.72924	13680.23929	13923.06645
15000.0	9.50	13941.06013	14198.89499	14862.98777	13984.66747	14209.68895
15500.0	9.50	14182.13591	14445.25285	15159.43751	14238.69225	14446.92293
16000.0	9.50	14409.51749	14698.94775	15437.22306	14476.46256	14661.47644
16500.0	9.50	14653.41140	14958.09327	15733.04730	14727.60089	14889.97052
17000.0	9.50	14927.38470	15234.90157	16057.65309	15006.87107	15148.86542
20000.0	9.50	18152.44622	18434.49406	19261.54157	17992.21987	18114.78529
25000.0	9.50	21130.02152	21186.03479	21999.21967	20528.11874	20689.79151
30000.0	9.50	26355.70298	26084.94290	26762.23411	25218.34807	25420.32524
35000.0	9.50	31234.30351	30724.12605	31252.37116	29806.41599	30023.64786
40000.0	9.50	34923.32998	34268.23105	34703.28565	33325.34340	33554.00062
45000.0	9.50	37969.60743	37209.53239	37577.27600	36247.34723	36490.79383
50000.0	9.50	40494.05795	39654.68099	39970.36201	38676.52730	38940.10917
55000.0	9.50	42862.71845	41955.54326	42226.20839	40965.99009	41251.99648
60000.0	9.50	45087.39964	44122.08969	44352.85369	43124.32336	43435.43967
65000.0	9.50	53228.66265	51669.40885	51650.13227	49612.63089	49821.14558
70000.0	9.50	55446.52005	53810.48057	53734.46235	51710.80382	51916.59565
75000.0	9.50	57590.03896	55881.63794	55752.05476	53743.13001	53948.44153
80000.0	9.50	59680.09712	57903.90824	57723.62255	55729.30196	55935.32051
85000.0	9.50	61723.32816	59882.82092	59654.22607	57674.62044	57883.37449
90000.0	9.50	63726.71932	61824.75025	61550.60477	59586.16874	59799.87016
100000.0	9.50	67639.06064	65624.69643	65266.84940	63339.07705	63561.71358
