Teff log(g) filter a1 a2 a3 a4
2300 3.5 U 0.9445445957928927 -0.7446477628682018 1.6471307506784105 -0.6780519357524893
2300 4.0 U -0.3323742862949091 1.5181793658471232 -0.16503143593835012 -0.07022275255742907
2300 4.5 U -0.59972605907843 1.7093131932140184 -0.19713291603276686 -0.017663116078474372
2300 5.0 U -0.467595606300003 1.329949908983715 0.07757563041677051 -0.0353234938755281
2300 5.5 U -0.2701549770364855 1.1656235270011472 -0.01937369422241053 0.051997760121023084
2300 6.0 U -0.08557603133875458 1.1057928522727571 -0.15913537165195216 0.09255179876603381
2400 3.5 U 2.158501894841379 -2.8742862893155414 3.2712288948664403 -1.1847901907960703
2400 4.0 U 0.18009291381053322 0.9565439438042446 0.035018377277536025 -0.12428847672684455
2400 4.5 U -0.42479678456521935 1.7744904167050237 -0.45374088865616163 0.04769418910515565
2400 5.0 U -0.5123774106195313 1.5944482249713392 -0.17044921796140167 0.004062242025323348
2400 5.5 U -0.2774169461777967 1.0667372962029371 0.18842309628205792 -0.039309429167058124
2400 6.0 U -0.11317358734825068 1.0499733821465154 -0.07604792980347827 0.09623896202094938
2500 3.5 U 3.6092449642590116 -5.692320661389051 5.621135574505181 -1.9423154984511424
2500 4.0 U 1.094913674126429 -0.596237688634685 1.1623338296289125 -0.47333677184337436
2500 4.5 U -0.004723194057300484 1.3200803862615402 -0.30079882398152225 0.0012707620361819272
2500 5.0 U -0.37830919262455825 1.6369170110860591 -0.33377922888244604 0.0263439790840427
2500 5.5 U -0.28439960742143067 1.1214415349477969 0.194729675770546 -0.0830295154813302
2500 6.0 U -0.0573774683877649 0.7653089464017813 0.32028532090222356 -0.05865982900798581
2600 3.5 U 5.268607057226458 -9.070728132297193 8.55702435064632 -2.9024150562414475
2600 4.0 U 2.223527901627886 -2.741063098310841 2.8967478934109945 -1.027219440307198
2600 4.5 U 0.5883823354258876 0.4364149776574573 0.2415109470224245 -0.16282309813331033
2600 5.0 U -0.07553438125479311 1.3802718872761734 -0.32475759107706786 0.019391445567927355
2600 5.5 U -0.15933695487411675 1.1624088816986622 0.03966682162164646 -0.06459318192459491
2600 6.0 U -0.04473742526575005 0.7870609865306197 0.32870551474229487 -0.08908800999225042
2700 3.5 U 6.7488500698900715 -12.15587422161591 11.292332247788524 -3.804447666606046
2700 4.0 U 3.386686781616597 -5.0897141200669545 4.898098395856445 -1.6782962868392166
2700 4.5 U 1.4246615860137097 -1.0725258484626956 1.383545228998428 -0.51850314350578
2700 5.0 U 0.24705758361983376 1.037687128187455 -0.2353170458890732 -0.004512829318300771
2700 5.5 U 0.037431064468475585 1.0198848328558439 0.031161716773103604 -0.08347858712204023
2700 6.0 U 0.12485985718876323 0.6255157928762786 0.40584322990096683 -0.1489712015357252
2800 3.5 U 8.214189874068492 -15.238752290695505 14.05855830707384 -4.720068499642889
2800 4.0 U 4.555996038631694 -7.526050727381966 7.036836552412299 -2.3818417117823447
2800 4.5 U 2.347780337541777 -2.882723094574212 2.869233675000437 -0.9946070712025264
2800 5.0 U 0.8873516354171722 -0.0361641094303516 0.5005324719095579 -0.22738551817618838
2800 5.5 U 0.29120313975549317 0.7958766492828296 0.03092843672050749 -0.08405900409365197
2900 3.5 U 8.790526150987127 -16.451851080341356 15.137842722369742 -5.073098832386041
2900 4.0 U 5.127269240500745 -8.746964300959524 8.115318606433753 -2.7386985302688793
2900 4.5 U 3.034580686932464 -4.300747594019293 4.073996928302063 -1.3871052434789295
2900 5.0 U 1.5132356190931926 -1.1996609273895114 1.3871275309645439 -0.5047555722901402
2900 5.5 U 0.6402673918778764 0.3211165714988997 0.263364913956362 -0.15212219410254188
2900 6.0 U 0.42289782097852974 0.33267696217888754 0.5004545744521112 -0.22608354163852107
3000 3.5 U 8.52190461646489 -15.950894570284676 14.712891424761096 -4.935516695364529
3000 4.0 U 5.4190288849130726 -9.406466458092238 8.717313436238143 -2.941745489029857
3000 4.5 U 3.603343983963621 -5.510819246566242 5.1315250377423025 -1.7358928717571038
3000 5.5 U 1.0370195582481667 -0.3308189333227649 0.6800964212764705 -0.27644142264350996
3000 6.0 U 0.5758447567437354 0.26168518042733685 0.39394631067396385 -0.19283261006824068
3100 3.5 U 8.809081542139213 -16.588090048985286 15.308629242750806 -5.128919120589901
3100 4.0 U 5.760614848782656 -10.15554275514193 9.40476443744311 -3.1706237099821086
3100 4.5 U 3.9852211186166873 -6.346804444501039 5.878356613237844 -1.9846136995874955
3100 5.0 U 2.4923503724233185 -3.176404234675717 3.0044638714098784 -1.023519557932196
3100 5.5 U 1.4279381509281963 -1.046404192363183 1.2005549963937274 -0.4371913123150108
3100 6.0 U 0.8291456714779168 -0.0915840247134577 0.5636541326104081 -0.24403678664475695
3200 3.5 U 9.214458115704565 -17.450196070380738 16.093645361003556 -5.374821528346425
3200 4.0 U 6.336120529147736 -11.433444426315768 10.609715774590148 -3.57761167325911
3200 4.5 U 4.505447291567466 -7.507427415582709 6.959835043615073 -2.3519702296829372
3200 5.0 U 2.898266946329483 -4.05493138496157 3.7772331322609403 -1.2795036697068067
3200 5.5 U 1.803018182275136 -1.7925181721424792 1.7916287461202163 -0.6248082700066883
3200 6.0 U 1.0830273541019964 -0.4920847364853041 0.7927055839881666 -0.31076463450145425
3300 3.5 U 9.54961164395274 -18.24541992578138 16.863268860143435 -5.61743190905393
3300 4.0 U 6.917676817974403 -12.787752697044874 11.933209614443518 -4.032638166291495
3300 4.5 U 5.0916688597572 -8.866990568498831 8.276669104913182 -2.8089703077025594
3300 5.0 U 3.3801379481247884 -5.152291454687042 4.805337209539606 -1.6319603230027786
3300 5.5 U 2.2178115908338394 -2.6872788775273078 2.571100418912054 -0.8833876017078313
3300 6.0 U 1.3934591493124382 -1.0743432495178504 1.2243547660754646 -0.44673832740500263
3400 3.5 U 9.418988729389909 -18.147097801207455 16.846052899802523 -5.591631495722036
3400 4.0 U 6.879304496531508 -12.80759083875829 12.016740288020117 -4.062117422916685
3400 4.5 U 5.2590898421719485 -9.309663841742855 8.738705914323399 -2.9724524828638663
3400 5.0 U 3.699125928644781 -5.9174612538694 5.5495134520232625 -1.8918175884300898
3400 5.5 U 2.5768917047245132 -3.5023078931782194 3.3177594429476915 -1.1375825144856508
3400 6.0 U 1.7484126158161306 -1.813198057362709 1.8432632306660175 -0.6503051844854133
3500 3.5 U 9.5266832126158 -18.66884201260921 17.420858613031488 -5.755053695305871
3500 4.0 U 6.749756548764174 -12.72047725658323 12.044160305027894 -4.075719711379334
3500 4.5 U 5.204029714248714 -9.301856807917645 8.80227474778249 -3.00222889198004
3500 5.0 U 3.7947563698240656 -6.206103703188233 5.861505784105568 -2.005183659589983
3500 5.5 U 2.758201963096058 -3.9430596902653474 3.7324945264774914 -1.2803232701384626
3500 6.0 U 1.9686562707159148 -2.283508519405464 2.2363806718959243 -0.7787977587436411
3600 3.5 U 9.60612672587331 -19.132387760149154 17.89764321355513 -5.857005595398669
3600 4.0 U 6.597946084449258 -12.638934795982404 12.088357275189198 -4.086996593931182
3600 4.5 U 5.101052880895483 -9.242903354526263 8.847955606559768 -3.0283638496861847
3600 5.0 U 3.7539210607204563 -6.214259041327253 5.926014247485195 -2.035162934169381
3600 5.5 U 2.806400886432508 -4.10386682302382 3.9014916483853983 -1.3410638208315713
3600 6.0 U 2.1192314743600376 -2.63191718313185 2.5417184498690855 -0.8805615924728775
3700 3.5 U 9.422695547708758 -19.06704998608033 17.864913419664024 -5.7578745683824835
3700 4.0 U 6.44084037930997 -12.560537652588357 12.113171312868007 -4.070359267851672
3700 4.5 U 5.011066984480234 -9.246742926710613 8.964121153716471 -3.074293357156414
3700 5.0 U 3.657309192574987 -6.117555816062823 5.905931199443947 -2.0362586545185275
3700 5.5 U 2.834452798949862 -4.249837852391757 4.080148042616953 -1.4085719788034456
3700 6.0 U 2.187033841945484 -2.812663989633028 2.7096113757286884 -0.9379233831384591
3800 3.5 U 8.903424952778453 -18.080684093902754 16.847315324715886 -5.296398425075608
3800 4.0 U 6.094008631986073 -12.056672743977009 11.690278030724128 -3.8659516218189625
3800 4.5 U 4.808097769142893 -8.993679988029722 8.819221727835757 -3.0155540876609215
3800 5.0 U 3.5831057575498595 -6.1026992713163475 5.9768139974184145 -2.0669694699231287
3800 5.5 U 2.8042119542441575 -4.27201262171006 4.150984408310307 -1.4387779883193315
3800 6.0 U 2.2195794468419994 -2.9341238590563035 2.8392885884672823 -0.9842919103720849
3900 3.5 U 8.975664123417438 -18.512801705266092 17.23082708152304 -5.331035469848342
3900 4.0 U 5.953750661818853 -11.970027603592795 11.590286705813192 -3.7455907808834534
3900 4.5 U 4.5877274178458745 -8.731326360210474 8.650616954786056 -2.929758847357815
3900 5.0 U 3.4334764374231677 -5.906322708757947 5.867503907688853 -2.0269001955293677
3900 5.5 U 2.743842697901592 -4.23786885437235 4.173375301844423 -1.4500661418041336
3900 6.0 U 2.2102553388628343 -2.975535942135923 2.9059828707718034 -1.0098732453464796
4000 3.5 U 8.134535700687312 -16.602201737539236 15.28801362107837 -4.577640254931348
4000 4.0 U 5.492871790699757 -11.095856344042916 10.68314601732931 -3.3229168061487253
4000 4.5 U 4.321076689837492 -8.302401248731261 8.249283955152594 -2.7291973498397377
4000 5.0 U 3.340703384600474 -5.867226412939963 5.9026965303748575 -2.0254002067319146
4000 5.5 U 2.6821576327811356 -4.206449710857208 4.205626761655818 -1.4621262736796388
4000 6.0 U 2.255506665934666 -3.173835096785718 3.1372276520968323 -1.092862981617332
4100 3.5 U 7.482245288077506 -15.199321262700021 13.979494663544333 -4.116091878069629
4100 4.0 U 5.21712150422673 -10.634560328599658 10.18302021991248 -3.051617667507789
4100 4.5 U 3.921103368430825 -7.6127116218122515 7.589434921133688 -2.414363889028147
4100 5.0 U 3.182801417935121 -5.684886253780961 5.782411545146112 -1.9510630640354736
4100 5.5 U 2.5955740490540853 -4.118367605352302 4.179180326355115 -1.4461982073191824
4100 6.0 U 2.2253665404601426 -3.1839693478514604 3.194883208090142 -1.1147740698964965
4200 3.5 U 7.058709106934465 -14.33292181455713 13.222589599063769 -3.8668044583841366
4200 4.0 U 4.9103403540840915 -9.983007311205487 9.48808145052915 -2.740768602604339
4200 4.5 U 3.731751505369258 -7.313394497952201 7.226510322603367 -2.1891223918732656
4200 5.0 U 2.935993916280154 -5.266735517921052 5.383532872675187 -1.752959957504923
4200 5.5 U 2.590111128653272 -4.294623000534121 4.414712759920482 -1.5127939162147004
4200 6.0 U 2.180240014654284 -3.1616737261519505 3.215781274666156 -1.11841928488651
4300 3.5 U 6.867009601600984 -13.98847539918504 12.974492886718767 -3.8028137019086707
4300 4.0 U 4.672730427444353 -9.458888182933435 8.982263098904104 -2.5532823856732376
4300 4.5 U 3.5347529126770687 -7.018875009888406 6.920765798572266 -2.0060282738714466
4300 5.0 U 2.6128693199378685 -4.699119579756243 4.832227766887177 -1.4817073416807602
4300 5.5 U 2.2799361055321903 -3.6567221990331276 3.8310401186260017 -1.273335078717608
4300 6.0 U 2.1500689615993207 -3.1851450704858704 3.281722610293654 -1.1319418897195046
4400 3.5 U 6.764587166332429 -13.845986606883198 12.927653123498978 -3.815591167426523
4400 4.0 U 4.5697616867881585 -9.274703643284019 8.842720105835422 -2.5097896879323383
4400 4.5 U 3.507536195998188 -7.05313840748596 6.934078570999551 -1.962509836538448
4400 5.0 U 2.6772753265407334 -5.022316169455962 5.116273272781867 -1.5039400340906293
4400 5.5 U 2.1834024620210277 -3.5753457290048325 3.7522296850756374 -1.18962852554168
4400 6.0 U 1.9558723094465196 -2.853141192106388 3.0288673290206054 -1.0300249766110203
4500 3.5 U 6.816189148007254 -14.064192222942253 13.243955245900048 -3.963437148354984
4500 4.0 U 4.539538598736981 -9.27952652946858 8.924233596890351 -2.5642088890046897
4500 4.5 U 3.487835772200122 -7.040982607009194 6.935297100301272 -1.9582019380022375
4500 5.0 U 2.5001051949857245 -4.771495506714382 4.894000610791346 -1.3719073665040482
4500 5.5 U 2.0194943781052452 -3.378552569827101 3.5859484589402437 -1.0692459444765796
4500 6.0 U 1.906206657361012 -2.8609140795613417 3.060181217278755 -1.0066211068976598
4600 3.5 U 6.917759879520777 -14.394814581361892 13.674834273609509 -4.1561374334070855
4600 4.0 U 4.59167713107283 -9.482019814131496 9.212597253081976 -2.698506534135675
4600 4.5 U 3.5401043095724294 -7.232868715302168 7.200241436189079 -2.0789330675487245
4600 5.0 U 2.608042752168527 -5.148867672278775 5.289777956606314 -1.4862820667423868
4600 5.5 U 2.029949816742122 -3.585492599175001 3.801099113125404 -1.088775819389879
4600 6.0 U 1.8239501489262726 -2.8011467873415046 3.0183092662415456 -0.9445080535055881
4700 3.5 U 7.046528715906651 -14.78069985035842 14.16337914680752 -4.373338026522398
4700 4.0 U 4.679152783439539 -9.767474197089475 9.587106127723471 -2.866270733699472
4700 4.5 U 3.5888434449527424 -7.418747850458423 7.468707786410083 -2.205518433234052
4700 5.0 U 2.6481028597395895 -5.292356960624874 5.464220850206506 -1.5521506099284494
4700 5.5 U 2.031333892687278 -3.7726367549859394 4.044621156751326 -1.1434524320676387
4700 6.0 U 1.6956515844419957 -2.6823142697171196 2.9501268537013754 -0.8744565685430469
4800 3.5 U 7.249104633548704 -15.30678568722737 14.772364131308725 -4.631357682303051
4800 4.0 U 4.871438682311161 -10.279001352418213 10.17608071023167 -3.110749898276653
4800 4.5 U 3.6648757121772895 -7.666729495663616 7.80077900940431 -2.3570821829867334
4800 5.0 U 2.691462886082641 -5.45155737337801 5.675570468059326 -1.6426642631527852
4800 5.5 U 2.1806740251534946 -4.278176545124515 4.598790117360116 -1.3290836117500702
4800 6.0 U 1.7958344456933264 -3.133636464037545 3.444750637920179 -1.0129557206004378
4900 3.5 U 7.589423773498793 -16.107288010724513 15.618901105528424 -4.9667911571744225
4900 4.0 U 5.105618863048265 -10.881590955159893 10.85415901190092 -3.3897123358890875
4900 4.5 U 3.7506279463009973 -7.938857928461208 8.166461739523541 -2.5258415148356916
4900 5.0 U 2.7777276740663024 -5.722426933709012 6.028761166446511 -1.8003651177587012
4900 5.5 U 2.2099831708590107 -4.389007680664378 4.745709403092069 -1.3879666989251218
4900 6.0 U 1.7474409418845323 -3.1531271707447632 3.530217646280114 -1.0256731097721514
5100 3.5 U 8.985191102773484 -19.074174519704933 18.572049465479054 -6.113971278999583
5100 4.0 U 5.7371828269435445 -12.401930651854649 12.66597158171801 -4.212598334405528
5100 4.5 U 4.111006566265684 -8.872702684476938 9.351103680201714 -3.082485234872398
5100 5.0 U 2.9980154974804183 -6.372153116569539 6.928312881624767 -2.238864900500328
5100 5.5 U 2.434944860159992 -5.081879320019723 5.639983693882747 -1.7864212738747534
5100 6.0 U 2.019740856673045 -4.032909968096892 4.564402952723951 -1.424614630179359
5200 3.5 U 9.196092839234401 -19.472895298787943 18.948528737687266 -6.268272841085392
5200 4.0 U 5.876079530853146 -12.719905449527461 13.039024206962067 -4.387349329274778
5200 4.5 U 4.23988005276654 -9.193503532350235 9.741593679369013 -3.2642222362920332
5200 5.0 U 3.0205512821165543 -6.459700625897038 7.096060357602656 -2.340296673639273
5200 5.5 U 2.4405058058727387 -5.137670379306574 5.773877417644707 -1.8708505113009064
5200 6.0 U 2.003442835043129 -4.035840431369863 4.638501389307139 -1.4802987291725564
5300 3.5 U 9.741772021071467 -20.747726943807937 20.318906582332673 -6.827752708811177
5300 4.0 U 6.012863517044045 -12.99616614079609 13.331500231390455 -4.520588509942411
5300 4.5 U 4.304762369263048 -9.345244990024687 9.950307274835328 -3.3783350989334613
5300 5.0 U 3.1118068282491143 -6.701863961100796 7.410806692752673 -2.4935465494211506
5300 5.5 U 2.390746824463296 -5.04084648858595 5.772096890588912 -1.920820681353391
5300 6.0 U 2.032939747639835 -4.141835540389192 4.815209257131413 -1.5782124078745066
5400 3.5 U 10.30013951252087 -21.952234982502915 21.478506261237044 -7.255799339540592
5400 4.0 U 6.203510467696501 -13.376586909358553 13.705487626324514 -4.676526438795328
5400 4.5 U 4.403653327758947 -9.559616721597907 10.201886673213421 -3.5016173490151434
5400 5.0 U 3.1786077155331594 -6.871399796382909 7.6359562144506175 -2.6103776614004657
5400 5.5 U 2.410224797455121 -5.059621067816216 5.846736039520114 -1.9945745091384923
5400 6.0 U 2.0209799794138283 -4.135267201401564 4.874305494830323 -1.6343356346661675
5500 3.5 U 11.011216546149553 -23.400142268199353 22.813406242046902 -7.733124812145618
5500 4.0 U 6.482458835343437 -13.936885801408623 14.24292562201818 -4.88822940291323
5500 4.5 U 4.557274428598734 -9.875394206562579 10.524305417673354 -3.6408931666116477
5500 5.0 U 3.220142251167734 -6.956951917450681 7.7639767891824185 -2.689478249402293
5500 5.5 U 2.400035939976388 -5.028042331291663 5.865934391890677 -2.036598520909656
5500 6.0 U 2.0074196786123597 -4.116416732482219 4.916545512542439 -1.6845558699187493
5600 3.5 U 11.777810493643976 -25.001280091726635 24.286140753760478 -8.247268203647558
5600 4.0 U 6.86566379425569 -14.73559343899224 15.001814076257554 -5.172817168723054
5600 4.5 U 4.777727253988288 -10.343147376711903 10.993295987322394 -3.8312655403171556
5600 5.0 U 3.1470453789160047 -6.689991265815048 7.539336413136517 -2.666639118642347
5600 5.5 U 2.405170565563935 -5.0322843661663645 5.918789831649006 -2.092183253059043
5600 6.0 U 1.9893745578009083 -4.077371940014271 4.932866843058979 -1.7252993885844858
5700 3.5 U 12.389353084449644 -26.21592109403281 25.356320941914237 -8.612688221816779
5700 4.0 U 7.209083156587076 -15.444242243987036 15.660178679014626 -5.415275659390729
5700 4.5 U 4.868892847530811 -10.478160645807296 11.107083821556465 -3.8870371523874523
5700 5.0 U 3.2384842998928103 -6.862896718694446 7.728739231073423 -2.7625674619613356
5700 5.5 U 2.4322783845318114 -5.068467840551456 5.985762545913201 -2.147157488913509
5700 6.0 U 1.9948282664641064 -4.081666506452263 4.981991742555851 -1.7755614359212362
5800 3.5 U 13.135751708137853 -27.69533970930775 26.654749567634557 -9.048224919834906
5800 4.0 U 7.5238150452885755 -16.063284294708915 16.21823500920085 -5.620338151718313
5800 4.5 U 4.892921750750264 -10.412700801328985 11.054991993111866 -3.9181363643045604
5800 5.0 U 3.281461885907696 -6.909617186387442 7.780137240055038 -2.805120561198067
5800 5.5 U 2.4257191308976953 -5.015353118108838 5.954050362826288 -2.1640306833234337
5800 6.0 U 1.9708146444811845 -4.005614591166031 4.941308220145566 -1.7913689702610356
5900 3.5 U 13.590825285923975 -28.517421695923947 27.317576780364895 -9.267631628883553
5900 4.0 U 7.80085517164795 -16.568778579023977 16.636938029641925 -5.766436078215569
5900 4.5 U 5.105840467235742 -10.851885339228506 11.470865188062078 -4.0763254159579105
5900 5.0 U 3.3280856462959747 -6.95016487400864 7.808606354964598 -2.8337379557399585
5900 5.5 U 2.4690785861722198 -5.091687348100456 6.04366821628458 -2.2154820247427462
5900 6.0 U 1.9806914321829343 -3.9993901625964976 4.958905528593363 -1.8249336124101152
6000 3.5 U 14.265049385673782 -29.85346981413541 28.487819350871415 -9.664278666985773
6000 4.0 U 8.126778875009316 -17.18923657575195 17.167415596128112 -5.951526245488294
6000 4.5 U 5.213359090161011 -10.984367999549125 11.550573465648702 -4.116177890403406
6000 5.0 U 3.3951619612871498 -7.035587545316492 7.871443353140265 -2.8700073516050693
6000 5.5 U 2.444760980044452 -4.958789528839093 5.905933808153973 -2.1917134246056804
6000 6.0 U 1.9684235974843702 -3.9429690838628675 4.9151018389363985 -1.8277279997804172
6100 3.5 U 15.055095105179646 -31.43748236769331 29.892335756373686 -10.141821743891372
6100 4.0 U 8.534630822733325 -18.00227779315843 17.878784043207027 -6.193324950788505
6100 4.5 U 5.4123348305892 -11.352792195829378 11.863036830953444 -4.230616107156784
6100 5.0 U 3.4385142294527196 -7.077789480773912 7.892534534400645 -2.8863684166712917
6100 5.5 U 2.4658566748193196 -4.944741830067982 5.879173445691324 -2.1980049397471917
6100 6.0 U 1.8404721556817594 -3.477643193995507 4.392520917243376 -1.6575256907552594
6200 3.5 U 15.950026462132918 -33.26911425867121 31.532828779395928 -10.700687874836627
6200 4.0 U 8.808129676733587 -18.445515016612568 18.181638627860906 -6.280881206258698
6200 4.5 U 5.647592430823013 -11.797758033964861 12.236868106207597 -4.361067374156151
6200 5.0 U 3.5287564648622256 -7.20656593916561 7.979971382373444 -2.9236860984430018
6200 5.5 U 2.395838749070916 -4.601927929371818 5.457569168642885 -2.0546795488582528
6200 6.0 U 1.8291242538661332 -3.3406271170314703 4.209868091769472 -1.6025720721962966
6300 3.5 U 17.45852414400782 -36.491643861946315 34.51072144514265 -11.7215290639868
6300 4.0 U 9.256439255821249 -19.303265214519016 18.901962237014317 -6.52195322596143
6300 4.5 U 5.810418639183299 -12.061229604981236 12.412404622836794 -4.410894797004915
6300 5.0 U 3.7105522916321614 -7.538503293500776 8.250534905517018 -3.0219573567521834
6300 5.5 U 2.4238827475787246 -4.548340801338662 5.329706261965931 -2.0053781273259186
6300 6.0 U 1.82422982125721 -3.2404851505001244 4.077794431891337 -1.5664017666208543
6400 3.5 U 18.551252497789736 -38.76912586844673 36.556705353504654 -12.406484745261574
6400 4.0 U 9.775939160888615 -20.366050390774127 19.849105702090803 -6.846331846119583
6400 4.5 U 6.160900403875467 -12.756953341425412 13.007575735480373 -4.611481993581931
6400 5.0 U 3.852098645318487 -7.782214193848476 8.433163594609109 -3.083245924213892
6400 5.5 U 2.4995152711238444 -4.6180962295468575 5.338766858894214 -2.011566262965395
6400 6.0 U 1.83098707427602 -3.1646945115124314 3.961444375696527 -1.531973886261027
6500 3.5 U 20.379211331408918 -42.57698668180143 39.97114274909198 -13.537507975128047
6500 4.0 U 10.381236934978418 -21.61237032167738 20.962171757382485 -7.2244923897974385
6500 4.5 U 6.568249180754679 -13.592401537513279 13.737771920592676 -4.853378081426322
6500 5.0 U 4.02125337346432 -8.09128677516339 8.672301603753517 -3.160406462150236
6500 5.5 U 2.547844420044517 -4.657048433400669 5.332604244791507 -2.009103089788501
6500 6.0 U 1.8693167797125956 -3.1783356249324664 3.9346817356891717 -1.5269892812577532
6600 3.5 U 21.35491231483294 -44.61685580964247 41.79930805282391 -14.145032552616783
6600 4.0 U 11.145939135275807 -23.25017114216253 22.46885825364958 -7.74225693794944
6600 4.5 U 7.008015562071541 -14.506079895472238 14.546412283916363 -5.1254151411537805
6600 5.0 U 4.210812026414215 -8.442236709432065 8.942136866514579 -3.2437740684637557
6600 5.5 U 2.6640505832239163 -4.834213215486355 5.443432127026443 -2.0452765794736023
6600 6.0 U 1.9057578948043652 -3.17471146399777 3.8808834530752634 -1.509483305155094
6700 3.5 U 23.38497954286271 -48.86275248277173 45.61824495676565 -15.41154564773578
6700 4.0 U 11.899554675045817 -24.851503657700768 23.923552292962093 -8.23412233892443
6700 4.5 U 7.430500550774274 -15.366308583079755 15.283318269215012 -5.362854159664036
6700 5.0 U 4.393723130284471 -8.767049096776992 9.171786187189348 -3.3068722100380374
6700 5.5 U 2.7806049740303767 -5.035578114597192 5.589815057149717 -2.093226809573426
6700 6.0 U 1.9546105051735416 -3.207577144451621 3.8631393644630827 -1.502615290030222
6800 3.5 U 24.836816651613457 -51.88420098172825 48.31565013015545 -16.300577396306373
6800 4.0 U 12.663059806337923 -26.471456127657216 25.38978061754505 -8.727021421194518
6800 4.5 U 7.8324824602093095 -16.164373611435934 15.944425928610645 -5.5683302949959534
6800 5.0 U 4.778793175720111 -9.603624375880752 9.936967539199422 -3.568924590580462
6800 5.5 U 2.912484970400298 -5.276493421410669 5.772567622981419 -2.1514613187558984
6800 6.0 U 2.0158846397218464 -3.2736548530476512 3.8761274366149228 -1.5044021047414422
6900 3.5 U 25.215043221232435 -52.725517410644414 49.09458062982215 -16.566003133920027
6900 4.0 U 13.642039686143718 -28.591920951686685 27.339988825756386 -9.386796125743414
6900 4.5 U 8.363840828041399 -17.283265426537366 16.94115334069362 -5.899444444327549
6900 5.0 U 5.019240280563983 -10.065033936422871 10.294149466150131 -3.6724842471152024
6900 5.5 U 3.114054377264757 -5.690153281250681 6.12729242532089 -2.268539602278374
6900 6.0 U 2.09987208541456 -3.4054515837484427 3.9585370767536063 -1.5303296583917387
