Teff log(g) filter a1 a2 a3 a4
2300 3.5 R 4.046184156392871 -7.862026116515398 8.26943949294868 -2.907426244973486
2300 4.0 R 2.854723372122287 -5.419610906756396 6.047399411867396 -2.160877640180004
2300 4.5 R 2.3484344066260787 -4.215514841226285 4.830234967123973 -1.7389496721604283
2300 5.0 R 1.6573681907037145 -2.6359205723407624 3.2950841196935508 -1.2098082449836263
2300 5.5 R 1.8835611958305896 -2.871460886680005 3.2335401570771425 -1.1391002669921027
2300 6.0 R 1.550930120114775 -2.1151512292856176 2.5075638459309597 -0.8967075357284974
2400 3.5 R 2.435800994718392 -3.819209263458396 4.2823893348157975 -1.5391209931726015
2400 4.0 R 1.903709682559549 -3.0796501216048213 3.8163397207903675 -1.4157997508675768
2400 4.5 R 1.5347674076674034 -2.3413271626189096 3.126606539231929 -1.1774773160568908
2400 5.0 R 1.2100626202018543 -1.5578772590653358 2.3349090096561422 -0.9073336697624416
2400 5.5 R 0.9754934050272188 -0.8782586604585803 1.547887597409164 -0.6143127935688896
2400 6.0 R 1.1106394391802277 -1.131018986840485 1.6730782007297698 -0.6333402784334757
2500 3.5 R 2.6483828621931886 -3.8072376919585427 3.9900016645899754 -1.409673190030924
2500 4.0 R 1.416489083858252 -1.503356455916151 2.0757466050123243 -0.7948319941659374
2500 4.5 R 1.0656622424060778 -0.9798264907314234 1.7015121437938618 -0.6741564034856656
2500 5.0 R 0.8403838783552302 -0.6596071049142921 1.4558580654725408 -0.586540804877425
2500 5.5 R 0.6329130794434357 -0.05186660317921432 0.7703917913329625 -0.3440949644379112
2500 6.0 R 0.8358517866498668 -0.45754114304597243 1.0633289859793005 -0.42910963080442177
2600 3.5 R 3.9936278353581867 -6.365810337391211 6.092182506231891 -2.080480609732843
2600 4.0 R 1.718601123507203 -1.7246412219570968 1.991415937736984 -0.7275220319732759
2600 4.5 R 0.7587446520967494 0.06208380464436884 0.5318822479915292 -0.25807797585364434
2600 5.0 R 0.5148345438526528 0.34797647015446725 0.3812427583768369 -0.2079363216551044
2600 5.5 R 0.6271448757913826 -0.055628827348476594 0.7788435601635806 -0.32667020449806394
2600 6.0 R 0.6170475391647285 -0.04921382742329117 0.6922262156559476 -0.2625669501690518
2700 3.5 R 6.130986400510322 -10.937466969384573 10.22309401763762 -3.463470879797925
2700 4.0 R 2.7897227933742657 -3.8489660958648906 3.775944651093736 -1.3051189839891526
2700 4.5 R 1.3837035608962145 -0.9757478532755507 1.2446852376466178 -0.46312848257066624
2700 5.0 R 0.6026350239065303 0.45506866478615643 0.09007731739247928 -0.08499105773149197
2700 5.5 R 0.4461827042887906 0.5710689878606915 0.08289965844245516 -0.07618606578537553
2700 6.0 R 0.47932559478122366 0.3606791677639797 0.29606589375501535 -0.12898728422023256
2800 3.5 R 8.14889484536172 -15.344351508236306 14.272373514233154 -4.826964408717766
2800 4.0 R 4.2617214095226 -7.0263437498957 6.646617863589384 -2.2685379178369387
2800 4.5 R 2.386996769706752 -3.0581483573499377 3.0500305261749534 -1.058930158128376
2800 5.0 R 1.2469286431900835 -0.7712442173599633 1.0661545111145616 -0.3974249078139879
2800 5.5 R 0.717066822716913 0.17140121757776716 0.3153601236399547 -0.14435413555679516
2900 3.5 R 9.193016015253434 -17.71828823406486 16.505284341595573 -5.586562030513063
2900 4.0 R 5.042376949765176 -8.803293093874887 8.293139683819296 -2.829825375957693
2900 4.5 R 3.090777639749765 -4.6126609232481846 4.450418106419621 -1.5338857305572111
2900 5.0 R 1.9002627776690864 -2.141761963161007 2.2508300150615494 -0.7955040274753012
2900 5.5 R 1.2343395538671527 -0.9044591331249726 1.2600120580708032 -0.4722931044062669
2900 6.0 R 0.8255144322527393 -0.2746149074802896 0.8510459733288411 -0.3454580483827654
3000 3.5 R 8.714513309913823 -16.83437952301979 15.759355529990742 -5.343811356394646
3000 4.0 R 5.419761093904994 -9.758710380610415 9.23028687771818 -3.159176013453775
3000 4.5 R 3.5569396898006485 -5.673819482357101 5.4212279342490195 -1.8663927064776393
3000 5.5 R 1.5265721987393412 -1.480344725044432 1.7214907987941777 -0.6348385264232117
3000 6.0 R 1.032362309184224 -0.6417035043649478 1.131440941088662 -0.45867817560053764
3100 3.5 R 8.796548378934942 -17.131547492488643 16.1002680613654 -5.457906299779771
3100 4.0 R 5.817424801837117 -10.757774583337566 10.229806248018473 -3.510209338192275
3100 4.5 R 4.00589649866707 -6.7590931630014985 6.46944380952181 -2.2354471987868787
3100 5.0 R 2.6037757414188474 -3.6809949133091986 3.6019348248717553 -1.2613153083676152
3100 5.5 R 1.739392287598021 -1.8823522906813583 2.0218204682156222 -0.7400377212854368
3100 6.0 R 1.2038915269448254 -0.8961599107038335 1.2719676865331273 -0.5132414893817285
3200 3.5 R 9.303242950494237 -18.400257420160777 17.377621409618303 -5.889198394425268
3200 4.0 R 6.676375449017024 -12.866474554021632 12.352820709422632 -4.261060855092223
3200 4.5 R 4.727312941076264 -8.512012969781692 8.211046921291835 -2.8554056404021786
3200 5.0 R 3.067645473508487 -4.761924016006238 4.626770475415177 -1.623376998561136
3200 5.5 R 2.002870420340244 -2.407875071132753 2.440313145351443 -0.8820080086039389
3200 6.0 R 1.327762395837933 -1.0210470732536818 1.257349884692713 -0.5018841443709132
3300 3.5 R 9.997678521396452 -20.216991104687484 19.23431240553697 -6.52914454130778
3300 4.0 R 7.067630491200949 -13.968842338134584 13.542713045574384 -4.69420556772386
3300 4.5 R 5.0959452900839635 -9.475157498076078 9.210580382863967 -3.219990739552609
3300 5.0 R 3.435317136850755 -5.6376949434003025 5.470866230069568 -1.9239556678770386
3300 5.5 R 2.335510900683551 -3.1154257266535965 3.046405639687426 -1.087355933366307
3300 6.0 R 1.5693824925264035 -1.4282336288280524 1.5068750373500392 -0.573323007652336
3400 3.5 R 11.318532647697307 -23.456835803656237 22.434071855754674 -7.632694874998548
3400 4.0 R 7.514333268508817 -15.23263787786913 14.908309289667551 -5.195318682037019
3400 4.5 R 5.3436809104318215 -10.193553448318644 9.998027367129977 -3.5169548289077484
3400 5.0 R 3.6326694338129255 -6.144476312523497 5.976938076066229 -2.109467126814376
3400 5.5 R 2.5435283794127863 -3.5563348938000967 3.4096895003004146 -1.2077294534659886
3400 6.0 R 1.822192308569334 -1.8881870513534622 1.8126530371619969 -0.6589132008581766
3500 3.5 R 12.961827046924622 -27.29966680394137 26.131062844994428 -8.895873888147834
3500 4.0 R 8.201112503633814 -16.957401894046267 16.651164984273695 -5.815193069988327
3500 4.5 R 5.556358893685059 -10.777370804277266 10.617542878459384 -3.7478072937192417
3500 5.0 R 3.7465206748620963 -6.443531711692776 6.272191716356861 -2.218325567769639
3500 5.5 R 2.7109896845240256 -3.9225800451536275 3.7132142315719348 -1.30724446903329
3500 6.0 R 2.0388897788239166 -2.307677364258376 2.107148833679639 -0.741786404343877
3600 3.5 R 13.623009435024713 -28.836166186301575 27.595784285483713 -9.382444250029298
3600 4.0 R 8.65690288233783 -18.04115421343564 17.702440935149234 -6.176178010662067
3600 4.5 R 5.937759982595423 -11.694840939919908 11.519249632443012 -4.067582664347219
3600 5.0 R 3.9755723939361314 -6.987677690516905 6.791254820757454 -2.401445500649095
3600 5.5 R 2.8894471758865707 -4.324257141555954 4.061779929439817 -1.4229816772787351
3600 6.0 R 2.2544423107972915 -2.7664633998662986 2.4705159303858903 -0.8526406506884892
3700 3.5 R 14.292739090564885 -30.438662504630873 29.151772473763558 -9.904028216656052
3700 4.0 R 8.841460450650453 -18.453660634538043 18.068398504666785 -6.283271586441937
3700 4.5 R 6.198396954469254 -12.26047579652921 12.023459872069482 -4.231181248033682
3700 5.0 R 4.15965189387817 -7.385465276604042 7.138058189326026 -2.515096319502418
3700 5.5 R 3.066642595549117 -4.723440595698265 4.406631567424485 -1.5351240257272811
3700 6.0 R 2.4265587435601126 -3.1448933875874476 2.7777163491191885 -0.9470223186227998
3800 3.5 R 14.093754080801016 -29.985948377737667 28.716973326280506 -9.741534903079181
3800 4.0 R 8.753628486079153 -18.270877600316457 17.8747697801397 -6.190227336865308
3800 4.5 R 6.33403608324976 -12.535200511436768 12.237826989861414 -4.283841366671114
3800 5.0 R 4.421085893350851 -7.963927547975439 7.648554421766014 -2.6785769432256417
3800 5.5 R 3.262552772358167 -5.160409706287932 4.785750053305873 -1.6564774438795056
3800 6.0 R 2.6050863272580056 -3.559025317708401 3.1364056066695407 -1.061578913932206
3900 3.5 R 15.339752866564373 -32.92150751192537 31.58137741266071 -10.736206627555674
3900 4.0 R 9.11304595098109 -19.143136308774928 18.695579696789746 -6.447925911522761
3900 4.5 R 6.521288834434337 -13.005850105202212 12.675220485401862 -4.412928369970389
3900 5.0 R 4.562250414959936 -8.274066891599432 7.912151006752114 -2.7533487391138003
3900 5.5 R 3.4731716923242923 -5.657185330017522 5.2379584398826715 -1.8036953850935737
3900 6.0 R 2.7745068153282144 -3.9715354875649562 3.511092046094214 -1.184376986680741
4000 3.5 R 15.161106398852095 -32.3034403060604 30.846866236304265 -10.44906566289157
4000 4.0 R 9.110573229826203 -19.21202629414704 18.779942608647655 -6.459568390761366
4000 4.5 R 6.502032866381345 -13.02503083673091 12.696759973508913 -4.395311110805039
4000 5.0 R 4.711391945025347 -8.683959829889908 8.316598244758053 -2.8805753244977184
4000 5.5 R 3.6111817630981973 -6.007773299000314 5.5721281153079145 -1.9120447246578958
4000 6.0 R 2.9300278988812245 -4.394601061618374 3.924184189492782 -1.3251811299361813
4100 3.5 R 15.483141099575874 -32.85784701646615 31.279652169698696 -10.591173848761454
4100 4.0 R 9.210122479727877 -19.568876245140316 19.196265151730387 -6.607075108442369
4100 4.5 R 6.213909730724269 -12.508678172559724 12.276797231085956 -4.2404745079661765
4100 5.0 R 4.6657555050379464 -8.693170277155337 8.376990329288553 -2.892359759833838
4100 5.5 R 3.653435839854586 -6.165067125216758 5.747662338691205 -1.9678748414235525
4100 6.0 R 2.9887767069547384 -4.576062731588128 4.112305865029575 -1.3888807613773084
4200 3.5 R 16.1419363022101 -34.266807593506805 32.58193894899154 -11.043738533961672
4200 4.0 R 9.43075065605077 -20.10931442765227 19.722587751359907 -6.7820924098023525
4200 4.5 R 6.262429360426675 -12.793274434527172 12.635424048640878 -4.361715590427669
4200 5.0 R 4.507383503673763 -8.465831456608052 8.232114131079726 -2.8350531380475172
4200 5.5 R 3.629099262870954 -6.283875242351632 5.955083647745987 -2.0459703297008973
4200 6.0 R 2.9966445563036603 -4.6652824547620915 4.234890782233054 -1.4328251548828719
4300 3.5 R 16.735980402132586 -35.58301594776589 33.82807536455076 -11.482816914713133
4300 4.0 R 9.757907975451916 -20.789811671924692 20.316689185786863 -6.978075835871027
4300 4.5 R 6.132142185360481 -12.658292159892827 12.618205945694658 -4.369126421123634
4300 5.0 R 4.184767038852014 -7.871996496036404 7.763021821905877 -2.673049341972455
4300 5.5 R 3.3986503377850577 -5.782903800134699 5.5084963720326074 -1.8804952857772352
4300 6.0 R 2.932485695083835 -4.607144888397554 4.236321924036852 -1.4365575060344393
4400 3.5 R 17.14666931266758 -36.50392984755692 34.70807499442724 -11.79711926242624
4400 4.0 R 9.903979467631496 -21.094130959814386 20.59013616636798 -7.07647804557303
4400 4.5 R 6.33808208895931 -13.294327238498209 13.329112299526688 -4.630803152309825
4400 5.0 R 4.121653248335016 -7.9748306547459515 8.01541653548728 -2.7778712325175663
4400 5.5 R 3.3050956032214973 -5.742687793272348 5.58317169671249 -1.9119343828815836
4400 6.0 R 2.7858217745971414 -4.327845082406753 4.025592959583826 -1.364355734292085
4500 3.5 R 17.042570994393312 -36.26156520399159 34.475535346705804 -11.726504200733523
4500 4.0 R 9.786579818038394 -20.810363283448826 20.311173369826687 -6.9884601977017935
4500 4.5 R 6.450082977674792 -13.526894787633788 13.51596627800988 -4.686811011702162
4500 5.0 R 3.937147624637748 -7.692668342957139 7.863595425964223 -2.744899981206063
4500 5.5 R 3.0329990637250366 -5.262403752281204 5.237936189912874 -1.8018746224192081
4500 6.0 R 2.6255530918908936 -4.092205435677687 3.891851403160879 -1.322694816828352
4600 3.5 R 17.01553874587278 -36.1899924949625 34.40265661615861 -11.709384861735618
4600 4.0 R 9.761252381931417 -20.729172421773516 20.221732494929306 -6.964138397413123
4600 4.5 R 6.272477411724041 -13.094591642063223 13.087010979560448 -4.544744958882776
4600 5.0 R 4.009272317981409 -8.027572875233865 8.301615764711118 -2.9198583642213323
4600 5.5 R 2.884286307722579 -5.127457288512951 5.261118800511687 -1.8337615056035386
4600 6.0 R 2.4517808218624118 -3.826536462297454 3.7397468254555846 -1.2771882454786658
4700 3.5 R 16.971135229936586 -36.05780487959541 34.255424949530976 -11.661684464181732
4700 4.0 R 9.677335118051552 -20.508500503214467 19.99201715277407 -6.888701192843168
4700 4.5 R 6.23487537791993 -12.97532076187592 12.955509074320473 -4.504590440697728
4700 5.0 R 4.075066934909369 -8.1820925354576 8.437958313769128 -2.964572033766118
4700 5.5 R 2.764144186031283 -5.006696034704931 5.279777023159055 -1.8680730073728813
4700 6.0 R 2.2301151802681423 -3.4436782111119286 3.4891760202597135 -1.206058760363425
4800 3.5 R 17.44731836593551 -37.08627001289276 35.20546541739957 -11.988816886163624
4800 4.0 R 9.645258554911242 -20.388255775147776 19.84485396023367 -6.837764764609894
4800 4.5 R 6.382778687215564 -13.288173476313942 13.245263312935732 -4.611381960451448
4800 5.0 R 4.0422352421311825 -8.070998709921122 8.298705810187636 -2.9123063409464005
4800 5.5 R 2.762474678108026 -5.178540995103835 5.573853800555374 -1.9995083418056476
4800 6.0 R 2.053993748678359 -3.2391392377397383 3.4505009003504847 -1.2228251608450844
4900 3.5 R 18.104121423591387 -38.49220271609655 36.49342620011904 -12.425797690099055
4900 4.0 R 10.009542840943356 -21.191223631919875 20.596048840933403 -7.100120320329652
4900 4.5 R 6.554809906249899 -13.649849547403496 13.57906852846986 -4.732947309662234
4900 5.0 R 4.133285908272349 -8.252854305603364 8.462770791609863 -2.9758583998886206
4900 5.5 R 2.8554157548325803 -5.40969932662781 5.796217589979092 -2.076520329888591
4900 6.0 R 2.069378159388939 -3.3738496923443417 3.6840314203118205 -1.3280794519562609
5100 3.5 R 21.847391676510707 -46.46668067976985 43.766930148754696 -14.854519206489904
5100 4.0 R 11.833421483302681 -25.138026806277956 24.260618097539837 -8.357787489585641
5100 4.5 R 7.389256126639748 -15.42579856076029 15.193932445773571 -5.284904833042765
5100 5.0 R 4.743253775893368 -9.567197624958778 9.670847503985634 -3.3976989421879864
5100 5.5 R 3.2232224240326826 -6.204183187679651 6.502416602170996 -2.314748538986652
5100 6.0 R 2.385958282766563 -4.293273021809019 4.695753333811879 -1.710711773368476
5200 3.5 R 22.37582422961459 -47.62532917044136 44.84227501001349 -15.221056766521022
5200 4.0 R 12.099779084080664 -25.72848464407783 24.814491011465563 -8.552418019121113
5200 4.5 R 7.536251138234058 -15.750419896498052 15.496420104983946 -5.393845915103993
5200 5.0 R 4.831326250799403 -9.755352947748111 9.8420167308245 -3.4617284358776303
5200 5.5 R 3.264665404528756 -6.2815500601331085 6.5645310523991505 -2.340418537942196
5200 6.0 R 2.4292635129061946 -4.3783220695597675 4.768881563827687 -1.7400212704747053
5300 3.5 R 23.017979915103304 -49.01173501021836 46.152822038656694 -15.686337071699947
5300 4.0 R 12.377099100884907 -26.346277638603897 25.396251077977173 -8.756702069158676
5300 4.5 R 7.987832972938365 -16.78679013977567 16.495779983668537 -5.747233380199167
5300 5.0 R 4.926647302171537 -9.967118758511138 10.038857859864173 -3.5347029987190823
5300 5.5 R 3.3053552665444976 -6.353269776566505 6.638784630449791 -2.3808184851222434
5300 6.0 R 2.455104863508449 -4.420623803277031 4.798566332105371 -1.7556762394470715
5400 3.5 R 23.611654320148514 -50.32211153795737 47.38066781374191 -16.108085208172586
5400 4.0 R 12.70799950930532 -27.084323109510613 26.090821968242633 -8.998475910027222
5400 4.5 R 8.171099913193435 -17.196248388838892 16.879576525474505 -5.883028038445645
5400 5.0 R 5.036521633033513 -10.224981994760485 10.284942308921453 -3.624810714395074
5400 5.5 R 3.4650914711239476 -6.665559354677546 6.909059850493945 -2.480847783995616
5400 6.0 R 2.481726664518521 -4.45750199971563 4.816500036406573 -1.7650819299367217
5500 3.5 R 24.69841874934656 -52.58893060965661 49.42016514637314 -16.784358873547802
5500 4.0 R 13.148436108887754 -28.02603831605441 26.951703128083594 -9.290292961727317
5500 4.5 R 8.428990204127306 -17.77179402516242 17.41765895042597 -6.069971274723909
5500 5.0 R 5.158929710814304 -10.49285597299256 10.53020269536585 -3.711844589762968
5500 5.5 R 3.5285843614135093 -6.789707484439246 7.011042443756108 -2.5184232740077643
5500 6.0 R 2.5137247952367683 -4.5097135693841555 4.850498545434961 -1.780085258811481
5600 3.5 R 24.57646674802885 -52.21672298846133 48.99503692578392 -16.623832181132144
5600 4.0 R 13.482228119688962 -28.74901934127388 27.617948603085733 -9.518111779941531
5600 4.5 R 8.629068007185642 -18.21427496368303 17.829825892690867 -6.213998470783284
5600 5.0 R 5.243469422577272 -10.634119131784391 10.65378700976569 -3.7703738703441387
5600 5.5 R 3.589573734736043 -6.92173035386764 7.129633949510638 -2.5642402890140525
5600 6.0 R 2.5456565961159714 -4.563836186093892 4.886055532503139 -1.7949747168332981
5700 3.5 R 25.20106214039013 -53.5338964690778 50.187565820946105 -17.02206697850252
5700 4.0 R 13.78075528631009 -29.4041627617189 28.226214127158386 -9.727127789950861
5700 4.5 R 8.801182995420765 -18.588574430941556 18.172826803599456 -6.332546855885827
5700 5.0 R 5.336213425578503 -10.835266508503397 10.836364360632253 -3.8364850764567637
5700 5.5 R 3.643730812959051 -7.032838577294359 7.223288831348096 -2.5992247090233
5700 6.0 R 2.5762189234585597 -4.618894666964631 4.924485252094415 -1.8108676672881627
5800 3.5 R 26.006320696676696 -55.17681017267545 51.64232145281512 -17.497340476306587
5800 4.0 R 14.068462684951987 -30.02162644189536 28.789809519865138 -9.918261951339495
5800 4.5 R 8.961633813815196 -18.902060441599037 18.460505761747534 -6.44589822172498
5800 5.0 R 5.426948282633786 -11.030586648055708 11.011646500241536 -3.8990710651986378
5800 5.5 R 3.698337313156287 -7.1474023121193015 7.321631334149774 -2.635725923596806
5800 6.0 R 2.603833429151034 -4.668696271761652 4.957425271727687 -1.8240462024704114
5900 3.5 R 26.355762184451926 -55.92224113298973 52.31527288228113 -17.7234480728624
5900 4.0 R 14.328461604852215 -30.578805107420187 29.29672010007309 -10.089596673190893
5900 4.5 R 8.731174727367197 -18.345770504092187 17.902587061104203 -6.249345280271176
5900 5.0 R 5.516400222316641 -11.224692223337863 11.186724586451161 -3.9614047601871403
5900 5.5 R 3.735289162046123 -7.231651946377819 7.399721192101603 -2.6654472811490746
5900 6.0 R 2.6338994307851995 -4.731017082978264 5.006722681207827 -1.843541676399637
6000 3.5 R 26.834169021965145 -56.92250205761003 53.21287813651543 -18.021089532103346
6000 4.0 R 14.564705403849352 -31.083115139427594 29.75323877437851 -10.243269758151932
6000 4.5 R 8.89910104213416 -18.706071322279247 18.224751521265812 -6.359831889040238
6000 5.0 R 5.602728107188071 -11.414622704792817 11.358721228286853 -4.022311609666885
6000 5.5 R 3.809293411749583 -7.388815289201182 7.533568018763335 -2.7132177463024574
6000 6.0 R 2.6525823464291896 -4.7708566267727575 5.038271603611439 -1.8561562488466632
6100 3.5 R 27.381819997514683 -58.03906446386563 54.19821638748055 -18.34294176695944
6100 4.0 R 14.743979236570844 -31.457648063026966 30.088726978720757 -10.35524398853837
6100 4.5 R 9.03465312618669 -18.996547130839154 18.486390629553217 -6.449391103782
6100 5.0 R 5.656099247455378 -11.534397666811966 11.47089187755082 -4.063398554226258
6100 5.5 R 3.867723675292706 -7.513662616309437 7.641504496907315 -2.7514761416159774
6100 6.0 R 2.6106077812075514 -4.558563459040513 4.747516184409283 -1.744595444457871
6200 3.5 R 27.816228859043292 -58.94246666739918 55.00078614428382 -18.606732510374115
6200 4.0 R 14.31578470089538 -30.443128772762922 29.07839021102559 -9.99796025347132
6200 4.5 R 9.169561728713147 -19.288183414072133 18.75114269214278 -6.5402976707524045
6200 5.0 R 5.741281524217323 -11.719622023249627 11.63673528635499 -4.121224263191809
6200 5.5 R 3.703462304002066 -7.038906834256732 7.1140412118828875 -2.55993893997212
6200 6.0 R 2.649578355336988 -4.60396845407857 4.745900469183632 -1.737511199019267
6300 3.5 R 28.696748926338373 -60.746557691255084 56.598169190948916 -19.128047891274147
6300 4.0 R 14.578130200089534 -30.99631947290221 29.57078224725396 -10.160635835805982
6300 4.5 R 9.286489951701983 -19.537117737301262 18.97691268691874 -6.617762155648829
6300 5.0 R 5.869466540104801 -12.009315888049125 11.903050641965281 -4.213691967660222
6300 5.5 R 3.7471946862319667 -7.0969362288878735 7.126131278379486 -2.556532629098441
6300 6.0 R 2.690072739644056 -4.674003873451999 4.788520919392258 -1.7500569766801888
6400 3.5 R 29.214242099349903 -61.811002486139635 57.53779102631133 -19.434441664016234
6400 4.0 R 14.84659649382607 -31.55555025800306 30.066866918767083 -10.323676616313799
6400 4.5 R 9.473205081197454 -19.942764230670797 19.34531590122983 -6.742555915067015
6400 5.0 R 5.96955725727562 -12.222197604356758 12.091382337070634 -4.277324402476535
6400 5.5 R 3.8311769531538222 -7.269818023013233 7.268691295090522 -2.6035698407768555
6400 6.0 R 2.7341555343017654 -4.755529064897056 4.844122771886086 -1.7670751728632295
6500 3.5 R 30.373180073970786 -64.1634883394856 59.60502354690878 -20.104751491688173
6500 4.0 R 15.154998081155503 -32.189504206496984 30.625179401727973 -10.506080929713542
6500 4.5 R 9.639720767301151 -20.293875336289517 19.660869193848317 -6.8484632621558115
6500 5.0 R 6.070959355782512 -12.444218674173122 12.292913149605655 -4.346397396808492
6500 5.5 R 3.870251133252333 -7.350875718387409 7.335160453677662 -2.62596014757862
6500 6.0 R 2.789795648959384 -4.883678052701977 4.956692139874773 -1.8058553242516642
6600 3.5 R 30.74773295881875 -64.92847749296871 60.27554210756305 -20.322446921140173
6600 4.0 R 15.516770541211509 -32.94232461988106 31.294865792964924 -10.726129853638806
6600 4.5 R 9.845504097769627 -20.729840910596185 20.051676192541827 -6.978845556511252
6600 5.0 R 6.1804646512015315 -12.682384900619763 12.508494864736637 -4.4196694486369275
6600 5.5 R 3.9629535760187236 -7.549220316511328 7.507859620153919 -2.684035278908024
6600 6.0 R 2.842131843441744 -4.989624233255067 5.040151098747244 -1.832932939892992
6700 3.5 R 32.104156779872575 -67.68627236273346 62.70162191537554 -21.10962022088486
6700 4.0 R 15.88980758154331 -33.71098513029921 31.974033077439355 -10.948228333247616
6700 4.5 R 10.067920907886664 -21.200994200205596 20.47636703684408 -7.120758040610689
6700 5.0 R 6.3026810672050555 -12.947968256520012 12.749744122836335 -4.501478482527574
6700 5.5 R 4.033736347525222 -7.700972055100166 7.640223631047894 -2.728477894945275
6700 6.0 R 2.8955490397209966 -5.099579228328442 5.129052431139433 -1.8619202842249036
6800 3.5 R 32.917172962559306 -69.34014470929131 64.15419054339432 -21.581127163079252
6800 4.0 R 16.263093223368685 -34.47911911788651 32.6520468056446 -11.169873518286105
6800 4.5 R 10.300054544048574 -21.693062630445944 20.92037149303489 -7.269034142807268
6800 5.0 R 6.434425214225767 -13.232329193691484 13.008406129063873 -4.589199503333121
6800 5.5 R 4.110219799598931 -7.866184221207214 7.786684486023732 -2.778007119265804
6800 6.0 R 2.949828797481705 -5.21344587326923 5.223490069537927 -1.892938716466689
6900 3.5 R 32.69619505884559 -68.89834549411484 63.765654642081635 -21.4572815093981
6900 4.0 R 16.608261897035668 -35.19011298725502 33.280075312592324 -11.3756742243959
6900 4.5 R 10.58926325611389 -22.300828711681003 21.466341462071473 -7.450276317573192
6900 5.0 R 6.574991324561703 -13.534142668023268 13.28139035374159 -4.681005984620729
6900 5.5 R 4.185344861938086 -8.028988858681673 7.93126820681721 -2.8264386245320066
6900 6.0 R 3.0113833137666925 -5.346423230367826 5.338684985382779 -1.931613610850109
