Teff log(g) filter a1 a2 a3 a4
2300 3.5 I 3.519212179056711 -6.101438770345444 6.364840350601325 -2.2675833880867806
2300 4.0 I 2.2374781119816767 -3.4771269029535734 3.997536278326525 -1.473986014078781
2300 4.5 I 1.8544653777884095 -2.6844300492972843 3.254216124078745 -1.225545258551862
2300 5.0 I 1.4186474737977033 -1.720093983855772 2.31146031400887 -0.8943655069248575
2300 5.5 I 1.5630683566021533 -1.951918180679871 2.3716059794525943 -0.8833409054374863
2300 6.0 I 1.2728662607445806 -1.248653338030355 1.6678175746043855 -0.6430251990843875
2400 3.5 I 3.118869212047825 -4.739492786515372 4.818397430059291 -1.7094069471642601
2400 4.0 I 1.6376222670877558 -1.883046356944102 2.3961279836276965 -0.9310383806775248
2400 4.5 I 1.210496151197948 -1.099764428201473 1.7461475154638064 -0.7226735688173952
2400 5.0 I 0.9137403521354189 -0.4067392735400613 1.053193785461672 -0.4858835056668664
2400 5.5 I 0.9288055833484825 -0.4483754960917229 1.0428152764383989 -0.47101422280577876
2400 6.0 I 0.9593474157171544 -0.4878039549974911 1.0116965459631422 -0.45083252583206995
2500 3.5 I 3.900036211585639 -6.007076695295161 5.67675480135919 -1.9515385269669425
2500 4.0 I 1.7461978039124266 -1.6763707381012838 1.918331093800322 -0.7337796164919194
2500 4.5 I 1.0853266288357508 -0.5431128323345786 1.0749743309013058 -0.4831602856973267
2500 5.0 I 0.6708415406629334 0.1425464579678949 0.5754818364633352 -0.33349390145219737
2500 5.5 I 0.5251444325123171 0.6230526399161409 -0.0029678235154784183 -0.12287969116799768
2500 6.0 I 0.6187344231365246 0.4119526920295011 0.14532674752582306 -0.16500566206144215
2600 3.5 I 6.07635713235777 -10.518712429230202 9.638724289370929 -3.251847498212294
2600 4.0 I 2.6797378941469856 -3.3338106121688673 3.1468871270189416 -1.098204499832606
2600 4.5 I 1.2147301737360319 -0.3856410615475321 0.6244915520343491 -0.2884459742191526
2600 5.0 I 0.5883112144163805 0.7040507818282248 -0.1807216747769314 -0.05178972936768339
2600 5.5 I 0.4184496368521607 0.8649612079198326 -0.19844692415045992 -0.06570394123087757
2600 6.0 I 0.3570400717634571 0.8179171625379821 -0.04388607560539959 -0.138190046614169
2700 3.5 I 8.715012103786384 -16.30783339067005 14.96298050545697 -5.046073890886114
2700 4.0 I 4.272763703840175 -6.683609694506104 6.086544713716202 -2.0632040898436648
2700 4.5 I 2.1980787747439776 -2.2386364640656904 2.062679001441479 -0.7250094084669071
2700 5.0 I 0.9159698544408772 0.3828212978405452 -0.18756377733673935 -0.0024898314665700028
2700 5.5 I 0.43536616480609636 1.1954092386571402 -0.7485354199780427 0.15102795464180957
2700 6.0 I 0.2953483235155189 1.3237509417994386 -0.7413729028363901 0.12499638577676171
2800 3.5 I 11.118756485481024 -21.61564471861867 19.883838092424096 -6.709779419677443
2800 4.0 I 6.058844587454052 -10.60824883375236 9.663780635524219 -3.2624106250446543
2800 4.5 I 3.538362330599551 -5.096498858944089 4.570074368334837 -1.5467549035520463
2800 5.0 I 1.8443178941739584 -1.4693081989140777 1.3106264246910997 -0.46833799084055583
2800 5.5 I 0.9296211915527904 0.41228349800677894 -0.30252447229912993 0.0486915559883895
2900 3.5 I 12.482213673706239 -24.704113716757085 22.80017983244629 -7.707885792530923
2900 4.0 I 7.1395972536605745 -13.106224505140236 12.00981311620802 -4.065253117815386
2900 4.5 I 4.453466080000865 -7.148389645787631 6.415064490343928 -2.1606850321673834
2900 5.0 I 2.772864325677582 -3.4599571748424283 3.01997136930977 -1.0199982206262566
2900 5.5 I 1.6520813826897087 -1.044223884628467 0.873513957415765 -0.3174064374599184
2900 6.0 I 0.8491406265221219 0.624367456438553 -0.5336816294592261 0.12356775613303879
3000 3.5 I 12.024967644242027 -23.8320218790765 22.055299028511655 -7.471663827258289
3000 4.0 I 7.745770476985776 -14.586901051177172 13.446426757112016 -4.568164252018523
3000 4.5 I 5.289407509143134 -9.07983069165411 8.205579532534031 -2.7681594885002374
3000 5.5 I 2.2820966846841393 -2.3952062329881305 1.9914252326367892 -0.6674766151707983
3000 6.0 I 1.36777585818654 -0.399197012216046 0.21685038368793216 -0.0891874039568132
3100 3.5 I 12.375608833598196 -24.588451065274064 22.760772114515945 -7.70885136397644
3100 4.0 I 8.33091365323307 -15.93127092058545 14.719734415713534 -5.005540926189196
3100 4.5 I 5.953903527056813 -10.659128717240245 9.705405131645392 -3.2851234585658453
3100 5.0 I 4.039346745018817 -6.353550429416868 5.605656031705041 -1.874594730194498
3100 5.5 I 2.8424083513681606 -3.6610772794939317 3.0870222271128016 -1.0202973470434933
3100 6.0 I 1.9361560780952356 -1.6294570878748966 1.2288871298266133 -0.4020751401289684
3200 3.5 I 13.34282721608443 -26.64302628040062 24.654146534552776 -8.341623940438524
3200 4.0 I 9.686802836342467 -19.020663469376455 17.68567556662874 -6.033664619039261
3200 4.5 I 7.0129947893120415 -13.135462008880097 12.090729523815304 -4.114909929164771
3200 5.0 I 4.689878381418488 -7.893178145959855 7.05243653211228 -2.368811839043016
3200 5.5 I 3.354862121952686 -4.869521691816708 4.176067826868521 -1.3801584303234447
3200 6.0 I 2.4234202582965096 -2.7534720406957813 2.198585751243423 -0.7110522839832364
3300 3.5 I 14.395395418659447 -28.968164726070185 26.8413875077763 -9.079950819600807
3300 4.0 I 10.612705397233826 -21.138181065084265 19.721120288946377 -6.737942729621073
3300 4.5 I 7.886901151630898 -15.183748728329034 14.07314130428955 -4.805898191968873
3300 5.0 I 5.504467519427889 -9.839031250097069 8.932564376334781 -3.0235636840722995
3300 5.5 I 3.972656895546543 -6.352738932094034 5.571236688006804 -1.855612646499544
3300 6.0 I 2.9472419051451655 -4.006015633780432 3.3374391983729974 -1.0880572805104125
3400 3.5 I 15.813061838530109 -32.26909265319951 30.020991463728656 -10.16954837510441
3400 4.0 I 11.214186115500166 -22.585282852268804 21.146290587282966 -7.236351192533738
3400 4.5 I 8.392282086867839 -16.409039996223974 15.277082137249025 -5.2285975126804045
3400 5.0 I 5.930982558409013 -10.888500979021101 9.953803763399888 -3.379949968235382
3400 5.5 I 4.394862722253922 -7.394165839489736 6.5663666905606295 -2.19793582616224
3400 6.0 I 3.3605678818936258 -5.024189672608942 4.284445270065331 -1.4061945092285486
3500 3.5 I 17.988996698884776 -37.324513579358616 34.871613899564814 -11.829337747070541
3500 4.0 I 12.024435804069322 -24.576322755606103 23.120325676200608 -7.927439963575654
3500 4.5 I 8.803168138783448 -17.447446458268974 16.317485242464397 -5.5969185687562355
3500 5.0 I 6.2049202799983725 -11.598564823731008 10.660726188560533 -3.629554950319892
3500 5.5 I 4.6385230649503795 -8.027750947263684 7.180746150275855 -2.4105725298254366
3500 6.0 I 3.6488170664823785 -5.7593243464360935 4.981589150530699 -1.6431862977735465
3600 3.5 I 19.616670549517973 -41.1424234738531 38.54900576869457 -13.083398184615678
3600 4.0 I 12.813412343944645 -26.53522382464583 25.070901393868386 -8.608023392519177
3600 4.5 I 9.249640666861948 -18.59214646910773 17.4753349567828 -6.007557560586202
3600 5.0 I 6.45043149532309 -12.254731441495352 11.328695784106083 -3.868077075513286
3600 5.5 I 4.806298654143133 -8.4898242731652 7.643497583548057 -2.573857828622211
3600 6.0 I 3.8233359383636283 -6.236309129316233 5.445388015039702 -1.8031381862196847
3700 3.5 I 20.817907346368195 -44.107701715403955 41.50589896133254 -14.110525166345575
3700 4.0 I 13.18815902532495 -27.545201911681364 26.110850182829257 -8.968421515098607
3700 4.5 I 9.4969984373504 -19.27298677801241 18.182557112946167 -6.257561576493031
3700 5.0 I 6.563535212984363 -12.59374890462865 11.687038376385944 -3.996687853412678
3700 5.5 I 4.874907898676105 -8.727524084336125 7.898589108801108 -2.666569491529674
3700 6.0 I 3.9327833123220026 -6.559632705920392 5.772034824332953 -1.9184496541214473
3800 3.5 I 21.259509611888642 -45.25641489788603 42.6723641690325 -14.510270282158075
3800 4.0 I 13.253134827352195 -27.890184804583136 26.556304633319932 -9.130392795120654
3800 4.5 I 9.509622125506672 -19.41035268981476 18.370779193029197 -6.324804761535543
3800 5.0 I 6.740970048056638 -13.1113643873453 12.243323188717072 -4.198695772643309
3800 5.5 I 4.978842613788483 -9.04410949654805 8.237545054158687 -2.7900630233598402
3800 6.0 I 3.9569823748434745 -6.683980240417108 5.912393967423769 -1.9703053435632356
3900 3.5 I 22.22882128231141 -47.74290521731567 45.2181570454906 -15.412586536786552
3900 4.0 I 13.39128828684261 -28.43820190813011 27.2074209971456 -9.364346595138375
3900 4.5 I 9.53199179411719 -19.640778049807846 18.70069507078035 -6.450167829306311
3900 5.0 I 6.662250286485537 -13.00618358986262 12.186079110262602 -4.181731447635012
3900 5.5 I 4.9643432499412485 -9.089588381611403 8.320525574547345 -2.8246402275534854
3900 6.0 I 3.9373114792420325 -6.705695545506878 5.959836413620932 -1.9911470450214723
4000 3.5 I 22.34320591003443 -47.953168397997864 45.35023845769801 -15.42970228904471
4000 4.0 I 13.097134643029182 -27.956187502505607 26.857184127948766 -9.250498596018465
4000 4.5 I 9.223778645649787 -19.078361341194565 18.245692787454647 -6.293714122395747
4000 5.0 I 6.496731128725429 -12.746052486915458 12.010370139794242 -4.127485441793019
4000 5.5 I 4.867104214363379 -8.93751319218033 8.217959406784116 -2.794505387279283
4000 6.0 I 3.8615356772602856 -6.61742285706387 5.918191895451981 -1.9844069446614674
4100 3.5 I 22.337821594149393 -47.904571955838165 45.28155670580295 -15.405499138230718
4100 4.0 I 12.821944890147517 -27.542527298271292 26.60082802152059 -9.180899915666918
4100 4.5 I 8.59495109688774 -17.79392443415518 17.124316110318215 -5.9133171216543685
4100 5.0 I 6.170174484963658 -12.11787774108101 11.490095270035466 -3.952655911896829
4100 5.5 I 4.698994317910599 -8.62247845921026 7.966291338893012 -2.7121969156317864
4100 6.0 I 3.816733699200248 -6.5696291842814745 5.909155742137804 -1.9871403181564127
4200 3.5 I 22.56030373515863 -48.41654397097257 45.779679630953716 -15.585240891775147
4200 4.0 I 12.776899506654157 -27.528263112411114 26.623536663571628 -9.184540147649635
4200 4.5 I 8.30968237310973 -17.340257575420267 16.811447835181443 -5.815906733222786
4200 5.0 I 5.9288166768591095 -11.69843760632142 11.184606142238945 -3.853727592600568
4200 5.5 I 4.428792883775078 -8.152435847401543 7.615946330478006 -2.604514294377281
4200 6.0 I 3.6784701542528713 -6.318409671792964 5.715460235797904 -1.926574677656067
4300 3.5 I 22.520466731141912 -48.35004924944884 45.7334225881873 -15.579522118560563
4300 4.0 I 12.721407867149251 -27.3685424060205 26.42936769603828 -9.107335859802362
4300 4.5 I 7.931223285102719 -16.632705176943677 16.246714720943903 -5.635749179468663
4300 5.0 I 5.444061124595634 -10.698347233690836 10.318141122265878 -3.559798029266833
4300 5.5 I 4.248499390807961 -7.755095211916255 7.27156737569467 -2.48161096503189
4300 6.0 I 3.504088810989899 -5.99308160095119 5.461768874425205 -1.8457065099792849
4400 3.5 I 22.396051742059395 -48.09200609816091 45.501163215876545 -15.508703902707692
4400 4.0 I 12.527977667895533 -26.91851541937127 25.987713181904393 -8.956219592322176
4400 4.5 I 8.129794028320848 -17.25904346912122 16.95107594839223 -5.894041978897958
4400 5.0 I 5.1890584019593105 -10.337006868514253 10.119003507753934 -3.510930810543868
4400 5.5 I 3.9701351860827634 -7.254182087998581 6.891469449457745 -2.358960721293847
4400 6.0 I 3.3255304887521424 -5.616784417440625 5.1487119170849684 -1.7404073665553172
4500 3.5 I 22.122551917587636 -47.498705322022445 44.94943511038147 -15.328083799953177
4500 4.0 I 12.314181360287275 -26.439840471591463 25.532082901233196 -8.805147223063312
4500 4.5 I 8.052832714003678 -17.06130970372177 16.722363134841807 -5.8031575600847995
4500 5.0 I 4.91800377546332 -9.830995189667403 9.73207697178955 -3.392142643102952
4500 5.5 I 3.726314235941567 -6.805017553031608 6.562576333726157 -2.2569004505080095
4500 6.0 I 3.1051959908599236 -5.2176466910507475 4.849527215245461 -1.6448021846007017
4600 3.5 I 21.792794365870453 -46.76739383308154 44.25674418671529 -15.096267512403857
4600 4.0 I 12.433999962837534 -26.71948454256143 25.805092397093627 -8.90676830977713
4600 4.5 I 7.898835787414804 -16.707110182802275 16.378428795756598 -5.688724346547222
4600 5.0 I 5.0510631001588475 -10.300562895069637 10.290305296127286 -3.6045622415946954
4600 5.5 I 3.500048885487009 -6.463290121660901 6.368317625970374 -2.211087608316465
4600 6.0 I 2.8914455782040713 -4.8308507729862535 4.566669851417305 -1.5555632973655367
4700 3.5 I 22.06102355424385 -47.36987721821691 44.8271625562379 -15.297209281839777
4700 4.0 I 12.188827460826534 -26.14309929662746 25.235632316750003 -8.71075384479973
4700 4.5 I 8.019015681759988 -16.974959269084568 16.632482657373792 -5.781945791559175
4700 5.0 I 5.0354311242101435 -10.264345063251575 10.23484123554998 -3.578321004119018
4700 5.5 I 3.440501974362206 -6.4649518501023975 6.489384170828389 -2.276767334679473
4700 6.0 I 2.7174977463124312 -4.524879083003078 4.370249689668636 -1.5018607265338015
4800 3.5 I 22.518747878445673 -48.37196685286445 45.75834536087166 -15.616714668627138
4800 4.0 I 12.453208728607335 -26.726040946064106 25.780238691845284 -8.900926076502396
4800 4.5 I 7.886531461328729 -16.641777539963527 16.288943531257214 -5.662359361997564
4800 5.0 I 5.108701672727497 -10.414273172394331 10.358145107623063 -3.6181974300251913
4800 5.5 I 3.4001143484028122 -6.538588417498961 6.6729399892890955 -2.363400278522055
4800 6.0 I 2.585519494170004 -4.401518042964363 4.394322314474184 -1.5376066831023167
4900 3.5 I 23.210674725258915 -49.863083010698475 47.128598184064046 -16.080000853192907
4900 4.0 I 12.842582904681779 -27.598723159952225 26.6032360793841 -9.186800064330393
4900 4.5 I 8.056220322528675 -17.010882958318884 16.63312449676323 -5.785059532464521
4900 5.0 I 5.201366984849481 -10.613619939313782 10.542742292435952 -3.6864000383059805
4900 5.5 I 3.5662060394600252 -6.933326611393221 7.045268755843889 -2.488565186335251
4900 6.0 I 2.60546748541095 -4.530914464424 4.6045903227572325 -1.6289957249212015
5100 3.5 I 26.922702221340472 -57.697990764476685 54.216574101291066 -18.42930975153792
5100 4.0 I 14.96400974969545 -32.20494144705878 30.871904369127414 -10.638287355758948
5100 4.5 I 9.298559184122308 -19.74628748232526 19.181820365703164 -6.658168468795664
5100 5.0 I 5.916889662844202 -12.194549966146127 12.01386992064603 -4.194930172607646
5100 5.5 I 3.9832267440679834 -7.8592806136326505 7.884332356164434 -2.7705572047875533
5100 6.0 I 2.961267154400087 -5.535193905388977 5.678554852678605 -2.023537314311349
5200 3.5 I 27.448880332928137 -58.85412302708505 55.29017069314982 -18.79468631201084
5200 4.0 I 15.226812845158722 -32.795550525026066 31.428168814432862 -10.832277628936884
5200 4.5 I 9.436540762332077 -20.060240644158267 19.47744348279473 -6.763385684985135
5200 5.0 I 5.995749763021339 -12.371862933693484 12.177593860776858 -4.254572150704629
5200 5.5 I 4.018544226873498 -7.934726138093404 7.94902373975538 -2.795662082837468
5200 6.0 I 3.000414985741466 -5.620019675809835 5.753542794662045 -2.0514919463435928
5300 3.5 I 28.887067481979035 -62.02942270333361 58.288543813019785 -19.829549532441433
5300 4.0 I 15.515216704891122 -33.44272699418898 32.03761495390983 -11.044143862304775
5300 4.5 I 9.954323565023978 -21.261099533115758 20.641510229445757 -7.17362843298923
5300 5.0 I 6.088207022887216 -12.586910558367716 12.380905896312775 -4.328378379520271
5300 5.5 I 4.069099955648286 -8.046768361907134 8.066744769367144 -2.8479938554470174
5300 6.0 I 3.0260422847237045 -5.676776094949826 5.803269646028961 -2.072800331370462
5400 3.5 I 29.554838073196066 -63.50144767256735 59.66291430591482 -20.2982398677743
5400 4.0 I 15.877301843683114 -34.25249969449527 32.79822392764682 -11.306397364828877
5400 4.5 I 10.14518200756613 -21.6931826635944 21.047935854081896 -7.315770471837677
5400 5.0 I 6.200334052310446 -12.858317388159799 12.642699346751828 -4.422654213586941
5400 5.5 I 4.266889817739709 -8.475658800298442 8.466276210571113 -2.9935581933187874
5400 6.0 I 3.0542604548605308 -5.733263935282051 5.848208716599075 -2.0912071372936754
5500 3.5 I 30.840395667125378 -66.1857709437497 62.075828840578424 -21.095164981628503
5500 4.0 I 16.379051809004334 -35.32770463560253 33.78009031286571 -11.63672692885479
5500 4.5 I 10.431174480570602 -22.335766271499818 21.649972011241967 -7.523233215298242
5500 5.0 I 6.329236792332884 -13.14687815125747 12.909155807668576 -4.515561505077848
5500 5.5 I 4.330934129388164 -8.612765810625008 8.586354098372299 -3.0367367159525713
5500 6.0 I 3.0868225925437045 -5.800118640049257 5.902430872384905 -2.1123351163112045
5600 3.5 I 30.707613250959092 -65.76690057708782 61.58726724863977 -20.90666869781054
5600 4.0 I 16.752727499130522 -36.13723606293667 34.52319086843627 -11.888078570920863
5600 4.5 I 10.649657069945857 -22.821777520577456 22.102084734999316 -7.679041487690703
5600 5.0 I 6.684519638873511 -13.953917655701837 13.70122741647143 -4.808268431855272
5600 5.5 I 4.398574934548194 -8.772614887770754 8.737444737667653 -3.0930055041501716
5600 6.0 I 3.119666741757679 -5.869471583615172 5.959359200673232 -2.134184254339852
5700 3.5 I 31.446735291098 -67.32347105796528 62.99166059518334 -21.37248831310777
5700 4.0 I 17.095124231587327 -36.88813275571579 35.21762590457521 -12.124225351519163
5700 4.5 I 10.8316435804203 -23.21907465521506 22.464840207382796 -7.802443521767811
5700 5.0 I 6.789261480282866 -14.19051092241425 13.920920379945299 -4.886182849060617
5700 5.5 I 4.456184036568344 -8.90284729395427 8.85530080467345 -3.1360282700957787
5700 6.0 I 3.2558129618474223 -6.1778584292437575 6.248851058353272 -2.237148603309018
5800 3.5 I 32.45388219064218 -69.37831117658328 64.8058624665113 -21.962090001886747
5800 4.0 I 17.414349500493238 -37.569711142134445 35.83425190303688 -12.330339854804063
5800 4.5 I 11.033404889823078 -23.655432495326203 22.883880949922176 -7.959956337753254
5800 5.0 I 6.644090532220376 -13.840020785164402 13.56204336608539 -4.759266291779729
5800 5.5 I 4.512804926665789 -9.031191449823385 8.971264188146288 -3.177991916398309
5800 6.0 I 3.2885043045090323 -6.251428868162952 6.311658962162477 -2.2607423724987674
5900 3.5 I 32.81286710168326 -70.14311038664627 65.49227905136432 -22.19051658223282
5900 4.0 I 17.705095967972557 -38.18895272023251 36.392316821997994 -12.516285638472729
5900 4.5 I 11.19005870810442 -23.996272496216132 23.19840172633505 -8.067665311044284
5900 5.0 I 6.738794062866534 -14.052447983219722 13.757137832931912 -4.827659505905423
5900 5.5 I 4.554312914565091 -9.131686143049897 9.067478903733063 -3.2134690767628866
5900 6.0 I 3.323560263504391 -6.33529771278756 6.387100087002579 -2.2889868161365894
6000 3.5 I 33.38713345580037 -71.33538088691645 66.55194636713804 -22.53766978597886
6000 4.0 I 17.96682365999628 -38.74163306135824 36.88549200813625 -12.679317965979337
6000 4.5 I 10.920767888450465 -23.34306534790857 22.529601672940043 -7.8284001317610965
6000 5.0 I 6.831902006876344 -14.263518015142502 13.951662078909562 -4.895633067284094
6000 5.5 I 4.632471143075312 -9.309757989718657 9.22786199790983 -3.2702770893314765
6000 6.0 I 3.3448699781839544 -6.387892463503617 6.434618467665462 -2.3069646774490353
6100 3.5 I 34.06787042867514 -72.71488785806584 67.75729953617105 -22.926500126545545
6100 4.0 I 18.182514298660095 -39.185399677634884 37.274730970231474 -12.806043299487076
6100 4.5 I 11.068538972842783 -23.662141882298016 22.81703551169295 -7.92537949379363
6100 5.0 I 6.890215161282513 -14.396287465257084 14.075431422208588 -4.939426543486274
6100 5.5 I 4.6933225853012654 -9.446290652316709 9.350034858208327 -3.3129557188951533
6100 6.0 I 3.198721140063088 -5.973021516923258 5.9763797574512445 -2.1425808157313875
6200 3.5 I 33.16540241503676 -70.61281532552387 65.6897565723195 -22.199573440718776
6200 4.0 I 17.655892551599745 -37.92797889509093 36.01373694505453 -12.356715912365644
6200 4.5 I 11.217425716740633 -23.984841820473033 23.10849466740704 -8.023658617642885
6200 5.0 I 6.980574164926426 -14.596402709841009 14.255894549373696 -5.001229403124047
6200 5.5 I 4.689494283471446 -9.369810984046023 9.232182163968183 -3.269157371142407
6200 6.0 I 3.2360960743296734 -6.02941057312939 5.997376789110344 -2.1454004071221395
6300 3.5 I 34.210408096770465 -72.74792949027596 67.5722649545458 -22.811288249652097
6300 4.0 I 17.947862306821264 -38.53285642037902 36.54112165587282 -12.527236457491105
6300 4.5 I 11.354015790472499 -24.27434435050413 23.367267435088884 -8.110040953629607
6300 5.0 I 7.121812502316004 -14.919639709397668 14.555128408553047 -5.104075157471648
6300 5.5 I 4.732558496952417 -9.43737088137226 9.263384181364858 -3.2744146923258097
6300 6.0 I 3.27739075125483 -6.110370546487639 6.057210303664042 -2.1645859203508535
6400 3.5 I 34.8136677181957 -73.98406321697362 68.65853719292281 -23.164273805774453
6400 4.0 I 18.26392775489809 -39.17913537955564 37.102067733253556 -12.707595760370758
6400 4.5 I 11.566608204554662 -24.735891353393754 23.784130963693613 -8.249263384482095
6400 5.0 I 7.229567110183967 -15.149785192272562 14.757850204165264 -5.171191402692835
6400 5.5 I 4.828614166179679 -9.644670012766767 9.443728626932469 -3.334773842604365
6400 6.0 I 3.323221826231071 -6.204085486595769 6.130677397759525 -2.188452932549084
6500 3.5 I 36.19464341648367 -76.79229998694481 71.12602686298088 -23.963443970647873
6500 4.0 I 18.629736904399085 -39.92080051886522 37.7439415377732 -12.913579605381239
6500 4.5 I 11.770769095223475 -25.165905159692954 24.167194273999257 -8.3755501735733
6500 5.0 I 7.344116025202023 -15.400418491400792 14.983288791401192 -5.246649220527961
6500 5.5 I 4.683199286385188 -9.302403778821619 9.098959405112597 -3.2125118004762547
6500 6.0 I 3.3817584391527067 -6.3443552497801035 6.258598915521158 -2.232645759917685
6600 3.5 I 36.67094106737491 -77.77327030211592 71.99164606852281 -24.246204718715628
6600 4.0 I 19.085223580312427 -40.86802233781697 38.5848023696663 -13.189242015796474
6600 4.5 I 12.013849263355725 -25.67893688528016 24.622248472236844 -8.524663291658758
6600 5.0 I 7.4730723724389145 -15.68164820105369 15.236612691138685 -5.331184301130355
6600 5.5 I 4.786130293352349 -9.527666096429881 9.299113987129347 -3.27961567046503
6600 6.0 I 3.4380950110334507 -6.465402837244574 6.360870638823221 -2.2665408023311415
6700 3.5 I 38.309458251380114 -81.12468767500677 74.95109282034801 -25.20832287075401
6700 4.0 I 19.565143039622626 -41.86353400909163 39.46845693945948 -13.479172466189715
6700 4.5 I 12.289679960709005 -26.262986245915133 25.144603239635895 -8.696657783007398
6700 5.0 I 7.619760839871012 -16.000411342181227 15.523842641565627 -5.426697034288756
6700 5.5 I 4.867690060906979 -9.70670743834309 9.458550302971199 -3.3329785630275643
6700 6.0 I 3.497240466823129 -6.593656947147111 6.471054270302967 -2.3031502169785103
6800 3.5 I 39.3127036238093 -83.18800552094524 76.77724687535986 -25.80387909907345
6800 4.0 I 20.05379614367616 -42.88092108934749 40.374233358281245 -13.776985345590123
6800 4.5 I 12.582685197144173 -26.884554879480078 25.7014283522997 -8.880040977674586
6800 5.0 I 7.781543121144703 -16.349248448239766 15.837604620418455 -5.530724797187715
6800 5.5 I 4.9569155288735764 -9.902723399388822 9.634321069606006 -3.39186973035818
6800 6.0 I 3.5579860495418276 -6.726772038554246 6.586975153520205 -2.3417307431508285
6900 3.5 I 39.118520322717586 -82.82156190237367 76.4676241014476 -25.70902337901221
6900 4.0 I 20.511383483879953 -43.838270950130365 41.229350277296966 -14.059038621011998
6900 4.5 I 12.955072904372969 -27.67275815499575 26.409411481916504 -9.113611430681004
6900 5.0 I 7.955226151655252 -16.722830734500242 16.172553510924804 -5.641190928462315
6900 5.5 I 5.046302895817177 -10.099397299400087 9.810899345496617 -3.450670070915582
6900 6.0 I 3.6278896535162306 -6.882263723877507 6.725632735102566 -2.3883172946868156
