Teff log(g) filter a1 a2 a3 a4
2300 3.5 V 3.960139172501504 -8.216627870638488 8.762991398321798 -2.979395278658007
2300 4.0 V 2.969470145274409 -6.121155712393549 6.730229250617576 -2.2530817908368523
2300 4.5 V 2.498508670544154 -4.907487317877832 5.459102759401473 -1.816657036903645
2300 5.0 V 1.7631034459772883 -3.1610573904951664 3.758265824332779 -1.2416968624428761
2300 5.5 V 2.1385084681135953 -3.5790505989066834 3.817750301837135 -1.2343497588773582
2300 6.0 V 1.8373984002863382 -2.884882256090344 3.144099384668105 -1.0075302706382097
2400 3.5 V 1.9241818228768302 -3.394918895347743 4.207294216053394 -1.4531461414279183
2400 4.0 V 1.8498685943874125 -3.5929502594885374 4.468353156102782 -1.5134183780483486
2400 4.5 V 1.8310689765371178 -3.6273711781741493 4.414852371966182 -1.452031262029739
2400 5.0 V 1.4728493328047167 -2.744574798001208 3.5261722276478773 -1.1562243428863286
2400 5.5 V 1.2408338242017116 -1.910548324548302 2.541379357798509 -0.809204349929048
2400 6.0 V 1.3463430799841996 -2.028325804343258 2.5152970483556634 -0.7833010054723368
2500 3.5 V 1.6270146385539432 -2.346411805720004 3.0841170005885026 -1.0932739484015854
2500 4.0 V 1.2109517976127244 -1.837623201431443 2.749672791977781 -0.9555673980674575
2500 4.5 V 1.0546306330929092 -1.6676366356030041 2.5432454884811597 -0.8208045224771268
2500 5.0 V 1.2107562541917907 -2.273741221673521 3.1037719473843697 -0.9568685696782102
2500 5.5 V 1.0775742644178432 -1.8241896627620262 2.5335975151677634 -0.7418480806421643
2500 6.0 V 1.2620223470963217 -2.1296236811374682 2.7982374547673157 -0.8749299434312177
2600 3.5 V 2.035170908756226 -2.771049242941702 3.222321050063136 -1.13097263795301
2600 4.0 V 0.9335828461082532 -0.84211994384111 1.6796847325383368 -0.6196607082863805
2600 4.5 V 0.6477164018037858 -0.6828411734463878 1.729767481352615 -0.6159965068101354
2600 5.0 V 0.6601473026379612 -0.970017536626081 1.9922843832348376 -0.6324364217891248
2600 5.5 V 1.0833009555346276 -2.073786106762708 2.9442998417116097 -0.8857466385025982
2600 6.0 V 1.068034951821507 -1.7231796350730053 2.1958991912210832 -0.49963162995069466
2700 3.5 V 3.3911952183204717 -5.436144066525506 5.4895382673390785 -1.8808852540372047
2700 4.0 V 1.3308176228843265 -1.3719802973330883 1.9897808887724546 -0.732203306425231
2700 4.5 V 0.6570657795383354 -0.3159631418996583 1.2339585867066611 -0.4798389938701931
2700 5.0 V 0.5189693476856221 -0.5316667900421014 1.6632001904134344 -0.5999940481101508
2700 5.5 V 0.6090880296715211 -0.9986571770536959 2.097066411684844 -0.669219510836
2700 6.0 V 0.7475473833905232 -1.3306788655855233 2.2394885023661986 -0.6243289206489854
2800 3.5 V 4.76755265608608 -8.286553801348665 8.003620201530797 -2.713810906006115
2800 4.0 V 2.1779384128827277 -2.9587174281449884 3.2792922079849527 -1.1584963921759543
2800 4.5 V 1.0933640512200884 -0.9375959661752654 1.6263276247400609 -0.6217612636009797
2800 5.0 V 0.5774761786623621 -0.24559815362496626 1.226866518814649 -0.4907736569391661
2800 5.5 V 0.49917383950114874 -0.49465508569342903 1.6333613563867324 -0.5999670778993065
2900 3.5 V 5.584035211855192 -10.089947290850565 9.660593064218533 -3.2704140674926103
2900 4.0 V 2.772689785928216 -4.153465950273954 4.2896827460296425 -1.4947722133865624
2900 4.5 V 1.4637089242537782 -1.5142617199106314 1.9995695123708792 -0.7455385741270091
2900 5.0 V 0.806225952029365 -0.40606753145455976 1.1863545346243396 -0.4906600119494444
2900 5.5 V 0.5897894229824622 -0.3916830039629732 1.4489503566026862 -0.5935323291316776
2900 6.0 V 0.647805457158605 -1.0246758911575073 2.2865435468260102 -0.8665624914177207
3000 3.5 V 5.292185415004811 -9.600280189844877 9.270475601563104 -3.1427922031973528
3000 4.0 V 3.12102406766369 -4.932947246337543 4.998026065294184 -1.738036493701522
3000 4.5 V 1.8619358712819811 -2.248940368249837 2.5721583205707317 -0.9369454057584707
3000 5.5 V 0.6334636659653171 -0.12084161532636452 0.9998699252077861 -0.45953898800828974
3000 6.0 V 0.486651197707217 -0.26205849443076923 1.4348913579234055 -0.6374198059741156
3100 3.5 V 5.285778059774594 -9.756616067742675 9.508448752050635 -3.2232521534038967
3100 4.0 V 3.4230594245066173 -5.668152635849069 5.720050354679392 -1.9913383845698984
3100 4.5 V 2.223213609854723 -2.995896601986681 3.2146655098753576 -1.156660831279681
3100 5.0 V 1.3331747133093814 -1.121272234849091 1.5401612311358186 -0.607483533601709
3100 5.5 V 0.7436649687184886 -0.03903385820656302 0.7099300860161957 -0.3571797398893404
3100 6.0 V 0.4464858164333333 0.2618062933103687 0.7008754477643843 -0.396882700819672
3200 3.5 V 5.601862927088271 -10.702128575916026 10.54277371402399 -3.5812942255402564
3200 4.0 V 3.9937344557995993 -7.100225137005695 7.184261916470318 -2.5149247331703997
3200 4.5 V 2.791860525303111 -4.301568158080968 4.465399357221316 -1.5993053295636135
3200 5.0 V 1.723577520688101 -1.8825316465839224 2.160959972153716 -0.817372147931997
3200 5.5 V 0.9728165753669781 -0.2871697158390747 0.7384589135528917 -0.3503415808221822
3200 6.0 V 0.5046014576944642 0.5443077256165703 0.14610197293322102 -0.1856785854584344
3300 3.5 V 6.098702804035817 -12.135774697987037 12.072062689467256 -4.115317212627039
3300 4.0 V 4.263808761780108 -7.91280153294751 8.093020723217414 -2.854445797524972
3300 4.5 V 3.1303102181978795 -5.1315755359722415 5.296744438204458 -1.9021421286432088
3300 5.0 V 2.1095217250073164 -2.6970399346680094 2.8743066363871606 -1.0625944887848318
3300 5.5 V 1.368604693776322 -1.004392770933317 1.2577019971284558 -0.5113878778491121
3300 6.0 V 0.7573127696377869 0.2896634741169489 0.12496141864334476 -0.14496078524538092
3400 3.5 V 7.233519730792149 -14.892429705669999 14.764136520148822 -5.03549860720838
3400 4.0 V 4.677305199494014 -9.052975280201771 9.31004468059408 -3.302323525246319
3400 4.5 V 3.3816585039904936 -5.793147578781173 5.983753257787245 -2.158306394569221
3400 5.0 V 2.350411187483266 -3.2269924428156824 3.344009208134905 -1.2259420897070121
3400 5.5 V 1.6526991315344948 -1.5332810912723145 1.6358736999959962 -0.6247562403104039
3400 6.0 V 1.0812604602720615 -0.22704295598065663 0.3990648179391218 -0.20414483334374953
3500 3.5 V 8.745534258049931 -18.292600666300576 17.93258525524559 -6.097006089167038
3500 4.0 V 5.320025225276615 -10.582690491104128 10.791825712072628 -3.8181260719842385
3500 4.5 V 3.7412494068649926 -6.662016677488942 6.83455755339 -2.4627143999465964
3500 5.0 V 2.5944108537653614 -3.7783719690943944 3.8406380847638917 -1.3974328070440911
3500 5.5 V 1.9093438322539167 -2.052200262641764 2.0383200669576675 -0.749344652531355
3500 6.0 V 1.4034641585429235 -0.8306313580458057 0.8170266997611814 -0.3194539830943841
3600 3.5 V 9.477519909159097 -19.852116499959678 19.3038595303393 -6.5239923514763065
3600 4.0 V 5.995267591208699 -12.095747418058576 12.185732699478073 -4.2810852778801
3600 4.5 V 4.152940153472853 -7.590535745835298 7.689132701765752 -2.7526849614437485
3600 5.0 V 2.857744340222154 -4.360262971575738 4.352678746538286 -1.5682022105999578
3600 5.5 V 2.1345531106229703 -2.5295261397279676 2.4241533235791417 -0.8700676920220103
3600 6.0 V 1.7016357296861873 -1.4518221192954153 1.304700401149029 -0.4666004955970684
3700 3.5 V 10.319201675917217 -21.760402913851372 21.059200536064594 -7.085491542785199
3700 4.0 V 6.367255911146919 -12.889111043018064 12.853288628424409 -4.471516152053523
3700 4.5 V 4.565871654372146 -8.484301060316838 8.472601283223497 -3.0019704425349922
3700 5.0 V 3.1444972134074844 -4.983866755618101 4.893852541038923 -1.7428148897081592
3700 5.5 V 2.4340420271795153 -3.2060157961068723 3.0208182070168115 -1.0657717690534494
3700 6.0 V 1.9515769797137077 -2.0006627846298533 1.7585834959597484 -0.6078144534276718
3800 3.5 V 10.327426338611327 -21.734853654012195 20.97292202784979 -7.0219653993762545
3800 4.0 V 6.47772082302478 -13.157124248340663 13.053712932291209 -4.494925264766928
3800 4.5 V 4.839914920577228 -9.087265660393905 8.987596418255817 -3.1500706881273643
3800 5.0 V 3.5654595943112892 -5.94793942519437 5.7745545917789745 -2.0325125092415797
3800 5.5 V 2.697498789823885 -3.805576119321848 3.5502686958859697 -1.236830535319952
3800 6.0 V 2.187216446519491 -2.548398484550162 2.2380351376050704 -0.7620297838216743
3900 3.5 V 11.656513055425306 -24.860321328601096 23.998759595404202 -8.062007159563569
3900 4.0 V 6.965220058583339 -14.336127363496846 14.145091581415933 -4.829571427122497
3900 4.5 V 5.2231586179207765 -10.049665676198783 9.905102746487492 -3.4398895684534367
3900 5.0 V 3.7679601921311408 -6.424824825372754 6.204115250769572 -2.1627893744275783
3900 5.5 V 2.951376916690499 -4.417989986099976 4.116431304117348 -1.422794061667465
3900 6.0 V 2.423341188647115 -3.1242372521729727 2.771097503976542 -0.9396116680217201
4000 3.5 V 11.560404511360552 -24.46272531394628 23.491639573093334 -7.854905414668509
4000 4.0 V 7.036007803628302 -14.605227447245756 14.41671999219487 -4.894029939493484
4000 4.5 V 5.2605368033906075 -10.237550626788872 10.091699265828664 -3.4702354884849838
4000 5.0 V 3.949554523322337 -6.940163318459266 6.718874000615427 -2.3254572233661315
4000 5.5 V 3.1076583524812658 -4.830677931541664 4.518045874293076 -1.5543095398750313
4000 6.0 V 2.603857175195523 -3.6162785220435785 3.253648035059259 -1.1043906406335897
4100 3.5 V 11.855880998548038 -24.991173409014394 23.93037511296438 -8.007917856693485
4100 4.0 V 7.146662131074634 -15.01950267631849 14.893752005545226 -5.056369653474162
4100 4.5 V 5.011483315963567 -9.857406679683418 9.809532965987872 -3.353026698372738
4100 5.0 V 3.918584801698809 -7.017184321701847 6.853252421003366 -2.3577501634150795
4100 5.5 V 3.206599696888841 -5.144443683834777 4.857117694341387 -1.6669628060635098
4100 6.0 V 2.669914596012937 -3.8274339595810263 3.4762215695650633 -1.1801069314428314
4200 3.5 V 12.354175675747063 -26.06031787707475 24.938482830295445 -8.36975350334384
4200 4.0 V 7.331284007022042 -15.508955615650484 15.392177253152445 -5.224460287311425
4200 4.5 V 5.069667862485163 -10.192497564039588 10.217575395637917 -3.482434945554172
4200 5.0 V 3.768421835152655 -6.841785325938486 6.763632387561612 -2.3118302694518187
4200 5.5 V 3.19782605165542 -5.322083972292226 5.126768451923508 -1.7631168421830423
4200 6.0 V 2.683818347820687 -3.9443635780914543 3.6313344477522045 -1.2346238341925657
4300 3.5 V 12.777473523629324 -26.99844931751639 25.844288671851036 -8.700159663005705
4300 4.0 V 7.569934892992099 -16.00204366562444 15.82442702109023 -5.369495993126396
4300 4.5 V 4.9491576224005565 -10.109455290172898 10.259804740816717 -3.5063927338692507
4300 5.0 V 3.53303110550312 -6.495371701441592 6.54699310239732 -2.2307911738598465
4300 5.5 V 2.955812527386681 -4.825110010463221 4.695144198571881 -1.5984921730360642
4300 6.0 V 2.6686034701921018 -4.016287613568643 3.765677089285927 -1.2832204313206852
4400 3.5 V 13.060561133681436 -27.6290700354018 26.45995980568581 -8.929937141497174
4400 4.0 V 7.633900855503204 -16.121544579746406 15.930506701095181 -5.413551179176804
4400 4.5 V 5.1284541950419795 -10.698788292048805 10.937185552868531 -3.7574851799176914
4400 5.0 V 3.502468802720571 -6.694234363162115 6.891692405333573 -2.3600114215291788
4400 5.5 V 2.808698147982453 -4.682647574407635 4.669006774252498 -1.586035173923531
4400 6.0 V 2.464597822555861 -3.629371933103236 3.460496566863125 -1.1754378280847535
4500 3.5 V 13.1876044919036 -27.906962431229385 26.736316567622886 -9.041221174507644
4500 4.0 V 7.672331964646969 -16.20470724056318 16.025687494790233 -5.463646095265031
4500 4.5 V 5.2206942267620216 -10.898918312139024 11.10978155653402 -3.8133173791819974
4500 5.0 V 3.3364387138697533 -6.483832858302653 6.822565436446736 -2.354008708871458
4500 5.5 V 2.6083369547085575 -4.407399675330565 4.53503820378705 -1.5443138635725944
4500 6.0 V 2.3181845343204888 -3.447285025412439 3.381823089294831 -1.1474734687965835
4600 3.5 V 13.260725020483592 -28.055216629709303 26.88181473334957 -9.105159201106307
4600 4.0 V 7.6553329939914 -16.142785093707676 15.966757863596875 -5.455870406688474
4600 4.5 V 5.212118044854722 -10.869495864539152 11.093471424199455 -3.823705299666528
4600 5.0 V 3.4170187947600112 -6.847871392108555 7.297923627899709 -2.543162002749323
4600 5.5 V 2.4970853114057854 -4.382595763841367 4.669499532541307 -1.609926776381324
4600 6.0 V 2.201806270464225 -3.339345567074069 3.3875837467864462 -1.151161315718224
4700 3.5 V 13.592057337175818 -28.773676328057558 27.562759495766127 -9.351262710915726
4700 4.0 V 7.815869636022366 -16.49227275952594 16.30759340249302 -5.5874557834853595
4700 4.5 V 5.197513018518741 -10.807608297310177 11.033327943083133 -3.815565181881511
4700 5.0 V 3.486971495243708 -7.022704847575881 7.471141140909835 -2.606429842727841
4700 5.5 V 2.4012041718322314 -4.341498572619829 4.777691042999655 -1.6748962409133665
4700 6.0 V 2.0017116648107356 -3.039094616069989 3.228096318174184 -1.1075624874816274
4800 3.5 V 14.058887365385557 -29.778899982022697 28.501464610428457 -9.681331139368353
4800 4.0 V 8.067022948097643 -17.0330249177414 16.8199332970994 -5.774980221136034
4800 4.5 V 5.325136895248132 -11.07739386978045 11.296073619076015 -3.919884664480312
4800 5.0 V 3.5679506714638474 -7.189252687696601 7.621683750447983 -2.66220713192412
4800 5.5 V 2.4867348080339693 -4.72385701586823 5.284661998684102 -1.8822654643696954
4800 6.0 V 1.9218779802768657 -3.081570531246351 3.436475019509034 -1.2075291398922106
4900 3.5 V 14.688348039515834 -31.12522790315353 29.745193083480398 -10.110234507615402
4900 4.0 V 8.42561543646707 -17.82186590014496 17.56873594688259 -6.04320511788663
4900 4.5 V 5.474317153887067 -11.388355424313088 11.595214491406104 -4.036867674840856
4900 5.0 V 3.645465887130202 -7.343579488656495 7.773503828554972 -2.728138005793546
4900 5.5 V 2.640186675641285 -5.1027136086693 5.667133797764544 -2.02120482494763
4900 6.0 V 1.882449113054162 -3.107800695016955 3.5764950412017114 -1.280496377133629
5100 3.5 V 17.63216410362494 -37.35260491702921 35.403780197956664 -12.000547777125089
5100 4.0 V 9.806612752596124 -20.768228270347016 20.31160285837613 -7.00390471672233
5100 4.5 V 6.446393040356632 -13.492266992603243 13.563358630809605 -4.729917493867896
5100 5.0 V 4.202311491458732 -8.535685789987472 8.889805634488265 -3.132646736749428
5100 5.5 V 2.9381587639471993 -5.745976485714196 6.253371538037719 -2.2289284700542407
5100 6.0 V 2.1980301911090847 -4.029721030802828 4.603581028117799 -1.6732106397606237
5200 3.5 V 18.123744530591413 -38.427806809429214 36.40651572347943 -12.346149925623529
5200 4.0 V 10.062176548200851 -21.327477834485375 20.841796250060543 -7.195797946722716
5200 4.5 V 6.592841424399358 -13.808985360204051 13.86541842574962 -4.844538244501294
5200 5.0 V 4.284263961964544 -8.704986174575918 9.051922802026862 -3.1997652354400343
5200 5.5 V 2.9738882954694397 -5.809655253148614 6.314425105051092 -2.2607665230229648
5200 6.0 V 2.2306770226297603 -4.09264352005345 4.668509190390345 -1.705661449575051
5300 3.5 V 18.72594945313618 -39.72431447351622 37.65774935758391 -12.808289108974018
5300 4.0 V 10.618467345192629 -22.585381793848395 22.052764923324716 -7.625382011148065
5300 4.5 V 6.748702980569016 -14.147175454541856 14.185632312458841 -4.9638735474034625
5300 5.0 V 4.374278737767825 -8.89737085265636 9.23711446903914 -3.274465236978632
5300 5.5 V 3.0651685607729657 -5.987869637983695 6.500732395079257 -2.3476592982591895
5300 6.0 V 2.2492777850096326 -4.114773248422649 4.688401991781438 -1.723776103232218
5400 3.5 V 19.27424055435565 -40.930898007983714 38.79382239954166 -13.203320263804686
5400 4.0 V 10.94185586617939 -23.30082357199988 22.730651853766805 -7.865929734650424
5400 4.5 V 6.917723782626444 -14.516026540581745 14.534004525107338 -5.0916659017763015
5400 5.0 V 4.485095578202161 -9.148883343501323 9.4818253765205 -3.369003842161093
5400 5.5 V 3.094971613029305 -5.9773939465565125 6.454098590252243 -2.340996196908898
5400 6.0 V 2.3234781506519444 -4.255735859430948 4.816636399602398 -1.7779486024396063
5500 3.5 V 20.23130305415728 -42.92474160304046 40.59466810731919 -13.80616320502688
5500 4.0 V 11.360003664097244 -24.19134364826793 23.54992718230684 -8.148288741687503
5500 4.5 V 7.3717357832640555 -15.546345433694835 15.52426675178778 -5.442544953915754
5500 5.0 V 4.600006949490206 -9.391037994450931 9.705649901314079 -3.4527827744307342
5500 5.5 V 3.1463114361585087 -6.061053136561387 6.518778685493336 -2.3697817818121654
5500 6.0 V 2.3455739968580818 -4.274388458517583 4.82217157022836 -1.787724961688898
5600 3.5 V 20.875069544648415 -44.28057578337714 41.828467095068454 -14.222792961221487
5600 4.0 V 11.687897807550918 -24.898461575562443 24.206487552589113 -8.376963874014697
5600 4.5 V 7.565467712287763 -15.967619022357196 15.918811763031334 -5.584048921026757
5600 5.0 V 4.776944204830399 -9.710145028450816 9.989469376076372 -3.5702398150571972
5600 5.5 V 3.281584568563308 -6.350646107331811 6.79065316471909 -2.4729522977825678
5600 6.0 V 2.368144273556868 -4.293781775493054 4.8257466195887755 -1.7955755508163533
5700 3.5 V 21.96356873700527 -46.64796520632457 44.03362907618501 -14.97525110127588
5700 4.0 V 12.326515394382445 -26.337625651095127 25.582300995275315 -8.858246641752201
5700 4.5 V 7.73656090053774 -16.334277025506132 16.257482438324683 -5.70448936859474
5700 5.0 V 4.868531989953902 -9.894381978685239 10.152568680838836 -3.6316807855529607
5700 5.5 V 3.3310679357239175 -6.4360750059497525 6.857282497460667 -2.5012568650068774
5700 6.0 V 2.448203505513038 -4.447257073909721 4.9585670597634985 -1.8476410099657037
5800 3.5 V 23.165035894294306 -49.20440295718526 46.380822633296575 -15.76551277006295
5800 4.0 V 12.632626911443376 -26.996585213945018 26.191318920225374 -9.06877346078494
5800 4.5 V 8.082977174101224 -17.042597829808212 16.913122403071043 -5.947699377880836
5800 5.0 V 5.09550012891149 -10.39776103461801 10.629336605514222 -3.8030558995931627
5800 5.5 V 3.3807712872109548 -6.523494017876453 6.925096902685093 -2.5289117131559555
5800 6.0 V 2.472239012653609 -4.473691684467647 4.966844851076241 -1.8549531395415684
5900 3.5 V 23.595237380692627 -50.12829254139491 47.22825831835593 -16.055134793961766
5900 4.0 V 12.916085586233718 -27.608431567529816 26.757319654870926 -9.264319079818396
5900 4.5 V 8.220185530995945 -17.336519147169305 17.18736432706152 -6.045583117986622
5900 5.0 V 5.192799301516648 -10.597377732797764 10.806407370062713 -3.8676885838041715
5900 5.5 V 3.503380076601786 -6.798418237261902 7.188793019426935 -2.625752331702256
5900 6.0 V 2.5006355231591058 -4.516138155049211 4.992914762334416 -1.8682669351853842
6000 3.5 V 24.156572178055093 -51.32335298152061 48.323454483187454 -16.425757558115244
6000 4.0 V 13.508675701759104 -28.938398487743118 28.023884195196846 -9.70501620929579
6000 4.5 V 8.414865032457012 -17.745187954906243 17.55255370060089 -6.17257173100019
6000 5.0 V 5.291401724261342 -10.804602268707269 10.99247409093312 -3.9350704885241847
6000 5.5 V 3.5826213257266453 -6.94930177930136 7.31056772169214 -2.6708900362757
6000 6.0 V 2.578857404439737 -4.681372191333969 5.1430476549603705 -1.9235561096126017
6100 3.5 V 24.76908843516717 -52.600450958567926 49.47897850953953 -16.812584794444433
6100 4.0 V 13.721716192769366 -29.396369145705652 28.449452754075267 -9.852328211013537
6100 4.5 V 8.800304328457774 -18.614330021383044 18.382576847094157 -6.464397918170076
6100 5.0 V 5.349964269501423 -10.928042585977341 11.106191265320753 -3.977816986699003
6100 5.5 V 3.6436494350506585 -7.067248917142753 7.407687032524404 -2.7065204114602732
6100 6.0 V 2.5420366383535535 -4.448539949312102 4.8119664960635085 -1.7952061162481208
6200 3.5 V 25.284205932421305 -53.693004956031544 50.47371972556145 -17.14724937988948
6200 4.0 V 13.977972602299955 -29.950452559487868 28.961838677458964 -10.028652671562055
6200 4.5 V 8.967232825366025 -18.97301066602514 18.712148680191486 -6.579680816252904
6200 5.0 V 5.445469937556402 -11.12705887185106 11.28272401087158 -4.0406021868494175
6200 5.5 V 3.633128565300202 -6.918928251257142 7.178797558616667 -2.6165873881947133
6200 6.0 V 2.5886866971348663 -4.490904841193441 4.795861521334209 -1.7821408790402349
6300 3.5 V 26.247225916208308 -55.70258979958651 52.2872424601812 -17.749791134995213
6300 4.0 V 14.301645758818362 -30.647331966654594 29.601324918592876 -10.246250142872334
6300 4.5 V 9.106515597176147 -19.26818076314806 18.982908831722956 -6.674315511755181
6300 5.0 V 5.5942903091038785 -11.453249781715217 11.581482963747577 -4.145775623601159
6300 5.5 V 3.6943441961625383 -7.0016353767560675 7.204273868160689 -2.61616265209083
6300 6.0 V 2.6337182331742612 -4.554613698079285 4.824182547447293 -1.7895832726600778
6400 3.5 V 26.82616503758515 -56.9179073459522 53.38592606690567 -18.11619545869276
6400 4.0 V 14.624565918501215 -31.337775707050707 30.23427142008792 -10.460795141533358
6400 4.5 V 9.331805773800353 -19.756642538287377 19.432098975108097 -6.829141150589521
6400 5.0 V 5.851274193398371 -12.028733033566965 12.126848236171197 -4.337126978105721
6400 5.5 V 3.7937309828215406 -7.1951974404549555 7.3599091569872215 -2.6678812515074393
6400 6.0 V 2.683589780228781 -4.633816863180033 4.869672340329436 -1.8028415032880796
6500 3.5 V 28.017980067352113 -59.36377063843892 55.562354116197056 -18.83083688525582
6500 4.0 V 14.978388567242945 -32.08167955794437 30.908836109464108 -10.687521959670631
6500 4.5 V 9.523331628230943 -20.16249614865879 19.80272407274947 -6.956064113038559
6500 5.0 V 5.965574176586328 -12.273358411162377 12.349112536908038 -4.414596197947771
6500 5.5 V 3.8408995094195983 -7.285085331230279 7.430526071641162 -2.6918243200935525
6500 6.0 V 2.7467945357433683 -4.76504829705491 4.978291367724696 -1.840138255303378
6600 3.5 V 28.412943958167997 -60.18542776374265 56.30034677939165 -19.07624553613338
6600 4.0 V 15.390307684658973 -32.95529713253259 31.705468528966954 -10.955639349119481
6600 4.5 V 9.751138394809002 -20.645378372119406 20.240977265475035 -7.104928790026929
6600 5.0 V 5.925847422801778 -12.154400474365056 12.212461102904042 -4.36474803585891
6600 5.5 V 3.947977642971718 -7.504162887734711 7.617597208501268 -2.7549890092294564
6600 6.0 V 2.807039282892498 -4.875438416828092 5.0589546774787415 -1.8659421629139967
6700 3.5 V 29.768766188609426 -62.95744761089949 58.757244316252105 -19.879918438137985
6700 4.0 V 15.799364456948759 -33.81186021908007 32.478717591680734 -11.21383355904736
6700 4.5 V 9.99598235671687 -21.165924865627304 20.716836651869176 -7.266916294261649
6700 5.0 V 6.054723934094714 -12.430551424289249 12.464655584359388 -4.451929367926564
6700 5.5 V 4.030419068377029 -7.673607624381379 7.763330025914728 -2.80436098553317
6700 6.0 V 2.868091703968213 -4.990503920219036 5.146482425549332 -1.8942136804251195
6800 3.5 V 30.557068202384933 -64.56191389276799 60.173106020403246 -20.34266674308064
6800 4.0 V 16.20377123837121 -34.65476480118616 33.237132170084934 -11.466647322624379
6800 4.5 V 10.245486105200648 -21.695612531377073 21.200814231436443 -7.431428739880357
6800 5.0 V 6.190339747822043 -12.718667400024504 12.727205265683214 -4.542321632405176
6800 5.5 V 4.116953582824076 -7.852578218860254 7.919067904187107 -2.8572213151410883
6800 6.0 V 2.929778122234761 -5.10967621525413 5.24009576478182 -1.9246889923882216
6900 3.5 V 30.32184898348225 -64.08403268630492 59.75114884518131 -20.207989214957777
6900 4.0 V 16.56984669555337 -35.41453820566571 33.91840472947342 -11.693573445763194
6900 4.5 V 10.553661297825752 -22.344327884908274 21.789588495632945 -7.629695951679121
6900 5.0 V 6.331786914054299 -13.018817514630404 13.00041549858141 -4.636016219826508
6900 5.5 V 4.202803919875164 -8.033064174667095 8.078289246613778 -2.9110924530263156
6900 6.0 V 2.998472438660927 -5.247687767195868 5.3543132085949585 -1.9626928309945038
