Teff log(g) filter a1 a2 a3 a4
2300 3.5 B 0.7439780982448893 -0.8119519213550425 1.9325707254208642 -0.7332402682677049
2300 4.0 B 0.27818720227697946 -0.036188296681983353 1.2630400084083253 -0.4829697740017126
2300 4.5 B 0.25534240361196436 -0.0007804968342708385 1.1669679047635186 -0.4237739913360894
2300 5.0 B 0.2470201633768715 -0.002056664577394951 1.1267099068224682 -0.3877823136755454
2300 5.5 B 0.6800856946299413 -0.6478465417347337 1.4619978284937865 -0.465894381199231
2300 6.0 B 0.736316867747166 -0.647547729487214 1.3643179252084787 -0.4209495439868263
2400 3.5 B 0.8074141156600139 -0.40499490619894307 1.2509792203345793 -0.4739947252333436
2400 4.0 B 0.06576663565377168 0.7230769505445422 0.47286340949637484 -0.23540271517695335
2400 4.5 B 0.0997839593982862 0.37418100157696776 0.8452557879286623 -0.32214102789356897
2400 5.0 B 0.09521661549048062 0.3295095558565299 0.9062691866838484 -0.3524678815285386
2400 5.5 B 0.22219599827138656 0.11945833249517275 0.9889685657308157 -0.3429847656095667
2400 6.0 B 0.45581543605481545 -0.2299258317304418 1.1364203137164919 -0.35548372804478584
2500 3.5 B 1.7669017060783132 -2.1943555502177134 2.7284118307384015 -0.9685966280185856
2500 4.0 B 0.5865287499805232 0.007827958851772121 0.8936111881524283 -0.36333893359382996
2500 4.5 B 0.1413515799128763 0.625681027761295 0.4728744265883996 -0.2051119034376919
2500 5.0 B -0.001092853608155142 0.4869759281414423 0.7981852364364606 -0.30420033442234673
2500 5.5 B 0.18217461501115187 0.09453008985623788 1.0303944767083428 -0.32140472803519454
2500 6.0 B 0.3916519456242497 -0.27564837241407697 1.3527797438778244 -0.4633694954114947
2600 3.5 B 2.636624884198425 -3.7808730643961375 3.991657641971165 -1.3764174197330317
2600 4.0 B 1.0879887942190545 -0.7848671433716197 1.449847957066831 -0.5509132563790681
2600 4.5 B 0.3681855414381731 0.36460182720439754 0.6300484269345933 -0.28787879358280444
2600 5.0 B 0.04885790152876617 0.702840863905909 0.45562749995823876 -0.19722906349806033
2600 5.5 B 0.1270434166258155 0.17754264618306131 1.0363103031302865 -0.3452157606241391
2600 6.0 B 0.46137432768734216 -0.6208856794705904 1.5996209374398938 -0.42438429884340884
2700 3.5 B 3.828201659849328 -6.180257331688429 6.067072751620681 -2.0607557688697002
2700 4.0 B 1.6803408424305348 -1.8126114782364797 2.2215084502429043 -0.8008661801073952
2700 4.5 B 0.6789128642654558 0.02500202284551456 0.7423958517760583 -0.3243887026423118
2700 5.0 B 0.19270022429634998 0.6414162419859333 0.42962361448634295 -0.22610446152361235
2700 5.5 B 0.16397232987304106 0.31162916129180557 0.8730982205316691 -0.33237312246263523
2700 6.0 B 0.26184296473497903 -0.16061966479658388 1.3067629538353844 -0.399728176338808
2800 3.5 B 5.016281751575051 -8.642772321750755 8.247732927452308 -2.782382775926485
2800 4.0 B 2.540097840754897 -3.483963836903965 3.614241167798275 -1.2559773812102648
2800 4.5 B 1.2322421737871734 -0.8886459575056176 1.3870127268760293 -0.5300555910685558
2800 5.0 B 0.45177350363088814 0.43596257703628116 0.40498143572055273 -0.21872069304815814
2800 5.5 B 0.21066142655422854 0.5298353990900899 0.5464812428925104 -0.2600675279528416
2900 3.5 B 5.581319166679976 -9.856052365921384 9.342155255827771 -3.145787643631977
2900 4.0 B 3.1150630457851984 -4.658624529854262 4.623724632236528 -1.591122074976134
2900 4.5 B 1.716587992512577 -1.759108784296104 2.043149285217024 -0.7403161488713312
2900 5.0 B 0.8267066140572434 -0.08649398250865464 0.6835590468410587 -0.30404296639083667
2900 5.5 B 0.36845596935407143 0.4995575877190656 0.4121676627898472 -0.23273257240584824
2900 6.0 B 0.2885680453393492 0.14146130347069819 1.0432684027596 -0.4503653231252831
3000 3.5 B 5.3395413892435295 -9.431524495043263 8.99737195466568 -3.0350772225983014
3000 4.0 B 3.4218595402770413 -5.324555167541713 5.216902558746424 -1.7921960519074664
3000 4.5 B 2.1876787592724063 -2.674777214810903 2.7881085261441623 -0.9836365605732792
3000 5.5 B 0.6100597847635774 0.28622682060398863 0.3998811937078387 -0.22469825782826333
3000 6.0 B 0.2949992260483029 0.5192181827494738 0.4899554469400691 -0.2834034788157105
3100 3.5 B 5.29884791592735 -9.411117252342617 9.01640050291513 -3.0374008302802378
3100 4.0 B 3.715792100579222 -5.981566006985357 5.828457800779962 -2.0003422210068105
3100 4.5 B 2.5704884164340918 -3.4672133297150043 3.4686865234504642 -1.2107939944908606
3100 5.0 B 1.5912635943851006 -1.410080406865503 1.6192996544659213 -0.5989974402135523
3100 5.5 B 0.8766892526766195 -0.04764491592473896 0.5179866840284841 -0.25189063621004903
3100 6.0 B 0.4319347227370052 0.5703451719403395 0.21549036055009207 -0.186661554014201
3200 3.5 B 5.338937083817762 -9.57455041677167 9.212162096895721 -3.0943192807338797
3200 4.0 B 4.073581096624535 -6.810216443161607 6.633319994544037 -2.278033704630788
3200 4.5 B 3.0329223644714203 -4.48166244658753 4.401209150508914 -1.5302410488765021
3200 5.0 B 1.9771563167250819 -2.178523383767653 2.2493301964862344 -0.8053839222694353
3200 5.5 B 1.2065613439166865 -0.5956596158549033 0.8678994358496636 -0.3546659876402398
3200 6.0 B 0.6482070542228509 0.39625491492488213 0.1447105578002073 -0.14317292423290426
3300 3.5 B 5.426932737652519 -9.92490298702073 9.610819879824072 -3.2176649166352695
3300 4.0 B 4.318144567109064 -7.443787455755344 7.28929147224561 -2.509945999318158
3300 4.5 B 3.420870824088465 -5.378161348016341 5.261106311521526 -1.8308327948397005
3300 5.0 B 2.409585639846811 -3.113921775325672 3.0856005753329288 -1.0894611072282674
3300 5.5 B 1.605259221444841 -1.3721108456336952 1.4777622694598729 -0.5489600224933384
3300 6.0 B 0.9548801700950191 -0.0666976011856566 0.37972727486813906 -0.1986406875549518
3400 3.5 B 5.960623252503971 -11.304590353299927 10.95872910387023 -3.6522338093191724
3400 4.0 B 4.516037076036097 -8.0230036346912 7.912243774629039 -2.731369114195604
3400 4.5 B 3.630597513026674 -5.9077392073010015 5.791807768426206 -2.0201541287510936
3400 5.0 B 2.664531844569746 -3.6834750341569302 3.5984430777034717 -1.2641857091187212
3400 5.5 B 1.9323261927388264 -2.0449914321944003 2.030448584530105 -0.7274979154528545
3400 6.0 B 1.2915871972605268 -0.6774061697436053 0.7995133243432836 -0.31907758960973415
3500 3.5 B 7.060092278581204 -13.91004100518088 13.40375774500262 -4.441462814154785
3500 4.0 B 4.95326043573821 -9.15640599196319 9.045449932366024 -3.119087649037168
3500 4.5 B 3.8487224504946207 -6.481444433326007 6.372828413068818 -2.225919790960259
3500 5.0 B 2.880868023971002 -4.203084260656972 4.0895217904307355 -1.4348030336718074
3500 5.5 B 2.1632006136858384 -2.54187869459252 2.4459533410540066 -0.861923943571038
3500 6.0 B 1.5790645828794956 -1.243628240830653 1.2246832645067907 -0.44622135080409836
3600 3.5 B 7.741816335462606 -15.567454421279601 14.928169313829436 -4.898183376423795
3600 4.0 B 5.378600488119166 -10.262039358708567 10.130023708087466 -3.4742478669284687
3600 4.5 B 4.1176509464082125 -7.1860145138422435 7.078779815692835 -2.470248015911656
3600 5.0 B 3.0349386738117463 -4.59207615621633 4.460559118740969 -1.5620386963183988
3600 5.5 B 2.346441837355985 -2.961094538568002 2.812780700408407 -0.9825960067508418
3600 6.0 B 1.8208898028918847 -1.75764641701393 1.63760205300095 -0.5737223267391605
3700 3.5 B 8.253049660985912 -16.953868265154316 16.263744715031173 -5.296653353631588
3700 4.0 B 5.556578152536977 -10.814627557676513 10.669983639269203 -3.6224944859378105
3700 4.5 B 4.304020421917795 -7.703072676531915 7.5943954489630325 -2.638228048487092
3700 5.0 B 3.197448081085617 -5.015003183413755 4.875156052315592 -1.7034019027526415
3700 5.5 B 2.48709525640101 -3.3088201128480748 3.129904915120585 -1.0877319784434853
3700 6.0 B 2.0029545910459974 -2.169984452147779 1.988400152781117 -0.6856577540534876
3800 3.5 B 8.152336611812371 -16.87401821687012 16.18605619295463 -5.2182424503499165
3800 4.0 B 5.432401821720488 -10.736526582064648 10.627291246155616 -3.5578554902927366
3800 4.5 B 4.392521578363779 -8.031063749593736 7.9430367234002315 -2.739877240793331
3800 5.0 B 3.325729728306254 -5.388056894273431 5.253040075659051 -1.828695840609516
3800 5.5 B 2.623745955756089 -3.6677001211382407 3.477917117559572 -1.2055016403017371
3800 6.0 B 2.1266322823739654 -2.4792713240223216 2.267312673591778 -0.7767392469140936
3900 3.5 B 8.755262867892313 -18.512290972443733 17.862172103539752 -5.786967453977989
3900 4.0 B 5.523401410923265 -11.154428266243148 11.04987200990017 -3.651107850959888
3900 4.5 B 4.374510356658742 -8.182342173923805 8.143452669148276 -2.781124934624749
3900 5.0 B 3.3635699497677396 -5.573820915747251 5.469941864159116 -1.8948125952835555
3900 5.5 B 2.7025303111796797 -3.9195718367347308 3.7407611726337313 -1.2940118247657433
3900 6.0 B 2.2356016387839928 -2.7785249400505614 2.5600275079789645 -0.8762407012551797
4000 3.5 B 8.499475839592954 -17.904870199129316 17.24043210297108 -5.548960069837254
4000 4.0 B 5.394253559343283 -11.072929204954937 11.019963233623733 -3.5972534431557435
4000 4.5 B 4.18055047684817 -7.9291652890856525 7.942483329184766 -2.6678135421489158
4000 5.0 B 3.329356806965067 -5.653872117606868 5.608407589029759 -1.9284207945135317
4000 5.5 B 2.738888731094237 -4.0972238079690015 3.956191500746501 -1.3669611652925204
4000 6.0 B 2.2958379921656693 -3.005418570598017 2.8092944387701007 -0.9640264763982307
4100 3.5 B 8.379700650971438 -17.583659548787185 16.937638617325074 -5.460935341227786
4100 4.0 B 5.263824044930776 -10.999198894465358 11.04639010213094 -3.592428106972931
4100 4.5 B 3.776652012118974 -7.258414812489935 7.387357659011561 -2.4361012635724424
4100 5.0 B 3.145663074986095 -5.427460449400168 5.470046861075146 -1.858004542179159
4100 5.5 B 2.661857716521828 -4.033823486808589 3.9540404534038562 -1.3607109043673835
4100 6.0 B 2.2960956397353844 -3.081920520512532 2.9246722210653804 -1.0057035007606114
4200 3.5 B 8.444595022912756 -17.718516548180094 17.104971359094026 -5.548296227285562
4200 4.0 B 5.260566464335273 -11.104766321505288 11.204301324144621 -3.643639077830906
4200 4.5 B 3.7628539695302132 -7.4660229241377465 7.67089579743912 -2.5054734337160376
4200 5.0 B 2.9078705904554396 -5.085713969905618 5.218114561913848 -1.7394058662151626
4200 5.5 B 2.5635947563747994 -4.022818304982307 4.047439226439129 -1.3887927154987314
4200 6.0 B 2.241864155108561 -3.055018909586663 2.954940615985197 -1.0166355352267924
4300 3.5 B 8.636974279871929 -18.1499662747069 17.556678557097644 -5.733423853392732
4300 4.0 B 5.310516808000859 -11.189217045586707 11.271669305308311 -3.6694156146297296
4300 4.5 B 3.5946237901576765 -7.300928922032884 7.633201667372581 -2.4903421161762034
4300 5.0 B 2.6383396751574604 -4.700294421246821 4.955025825676682 -1.6217635288979217
4300 5.5 B 2.2840127500574643 -3.4817378608394574 3.5836108083760125 -1.2029397538470799
4300 6.0 B 2.1460417342867006 -2.9543886905175016 2.9282459912220786 -1.0049898318111439
4400 3.5 B 8.750334638062698 -18.402506902147987 17.831729067764094 -5.8547899850808465
4400 4.0 B 5.378490156613358 -11.329299223991205 11.415960402704338 -3.7324175147525405
4400 4.5 B 3.699769801536406 -7.723437917055506 8.151753395306688 -2.6836387888354176
4400 5.0 B 2.601069556213998 -4.891111269307799 5.271110678172979 -1.7230377020425807
4400 5.5 B 2.1705930493844066 -3.437501354572141 3.639217255499569 -1.2015823381399438
4400 6.0 B 1.9548577082552714 -2.6298493354575547 2.695506448101062 -0.9167394247776773
4500 3.5 B 8.956800374181036 -18.86712929039158 18.3060283500702 -6.043130067773246
4500 4.0 B 5.404734445433837 -11.38998409869149 11.507791618990732 -3.7894881565223386
4500 4.5 B 3.833681830655918 -8.038353603027401 8.460606054924911 -2.794837954512827
4500 5.0 B 2.4657283767617444 -4.781147743766192 5.303700020327996 -1.7452439408147427
4500 5.5 B 1.9484551615716028 -3.148215736863859 3.4849467706851818 -1.136085344464868
4500 6.0 B 1.817196555879026 -2.4855987599873783 2.644199623842076 -0.8851636235703254
4600 3.5 B 9.193609847987304 -19.400455945921987 18.84444478253113 -6.252745207749931
4600 4.0 B 5.532188079019685 -11.67692255754375 11.812473518755349 -3.9187663401307318
4600 4.5 B 3.836971436741703 -8.043460905590068 8.498117179232331 -2.8332636260152277
4600 5.0 B 2.604220947635531 -5.284212579751348 5.918758568928051 -1.9831184794271925
4600 5.5 B 1.9244874539069252 -3.346661585341253 3.828949257253293 -1.2631048434215486
4600 6.0 B 1.7117766077793637 -2.428672558770844 2.6908203036496143 -0.8884438078905825
4700 3.5 B 9.479290620115973 -20.03748061046361 19.477057877584567 -6.493228411990215
4700 4.0 B 5.68466642405391 -12.02328008141587 12.175623489226394 -4.068524038017982
4700 4.5 B 3.9330261992775397 -8.256898158838714 8.735168034506698 -2.941028710721762
4700 5.0 B 2.7302075150752603 -5.6047612240053715 6.257699051081687 -2.1131120091750275
4700 5.5 B 1.8715983549830244 -3.430209125693455 4.065040165535781 -1.3690192721032226
4700 6.0 B 1.5525178384392793 -2.264528266212506 2.6678259043766106 -0.881899720024504
4800 3.5 B 9.849317422201564 -20.853571565922643 20.269695483090814 -6.784906921147207
4800 4.0 B 5.895993429680837 -12.494315964844755 12.648565851504923 -4.252719071887351
4800 4.5 B 4.0448894120519725 -8.506535542982357 9.004463590420508 -3.058425298049212
4800 5.0 B 2.8108411840975056 -5.789436222889635 6.451365559626755 -2.1933834532072773
4800 5.5 B 1.9731167936700367 -3.8533779098503262 4.61517072170213 -1.5919319879743092
4800 6.0 B 1.5252164789613702 -2.4524950388794964 3.016119279798105 -1.0230857951095311
4900 3.5 B 10.315467762863978 -21.870126454539164 21.240006856320246 -7.1332609584644695
4900 4.0 B 6.19194534867108 -13.163673298147657 13.313444794479134 -4.503357326116286
4900 4.5 B 4.16712057017898 -8.774331379548782 9.290715542156146 -3.182672474111531
4900 5.0 B 2.8744036542580824 -5.924552525135969 6.608466611315451 -2.271489671530732
4900 5.5 B 2.097704184237603 -4.173662775438773 4.9599799887844345 -1.7258808492924895
4900 6.0 B 1.5325765909256892 -2.6111334213489608 3.298329264543682 -1.145995593983929
5100 3.5 B 12.550988810000284 -26.644976553961676 25.660782567702412 -8.649204690915846
5100 4.0 B 7.243147798575955 -15.428297789013408 15.516029536823286 -5.328097812608299
5100 4.5 B 4.90516854615628 -10.379800549672922 10.852604937817338 -3.768785146145692
5100 5.0 B 3.229906841234359 -6.672398761621733 7.35380113389112 -2.5763566537267333
5100 5.5 B 2.403187978073934 -4.864218270446738 5.654222317370062 -1.9993744783186613
5100 6.0 B 1.8177317106362514 -3.4619518812974204 4.2812674914742805 -1.5375628794893925
5200 3.5 B 12.904483116413692 -27.430049331433576 26.41730060815667 -8.92177861984752
5200 4.0 B 7.413917527997856 -15.802313341201813 15.89392223469355 -5.479493253445487
5200 4.5 B 5.000707344567759 -10.584458245434266 11.067484203913663 -3.8635049423797767
5200 5.0 B 3.2794443150533357 -6.770287006265107 7.465692319915662 -2.6356929205058783
5200 5.5 B 2.4233682720126763 -4.894011199155004 5.6991582359943855 -2.034558289604493
5200 6.0 B 1.8341392188554795 -3.4868947611632586 4.3230599062903465 -1.5697644462479892
5300 3.5 B 13.300474641430636 -28.27087134525582 27.280056117186 -9.276198132753299
5300 4.0 B 7.78382470035753 -16.640641271855454 16.722088969107002 -5.7866357080810795
5300 4.5 B 5.110268434632131 -10.821666946140159 11.31198738000108 -3.967336197892066
5300 5.0 B 3.4151065864892334 -7.0739571224002695 7.780103628195357 -2.76591547396007
5300 5.5 B 2.3989386879634305 -4.7916556255432505 5.619842637428589 -2.03601079963677
5300 6.0 B 1.8421892305803433 -3.481919423100328 4.329390535923868 -1.5912419348970808
5400 3.5 B 13.713844227098837 -29.18265223899695 28.157775609048592 -9.593185665379385
5400 4.0 B 8.010799655971995 -17.13660878761268 17.204977199915458 -5.968525526443363
5400 4.5 B 5.224003403558436 -11.063355588488523 11.552859808284955 -4.066296857826895
5400 5.0 B 3.500164067577674 -7.266496299502261 7.984504207556822 -2.8557399710341365
5400 5.5 B 2.4421934401454495 -4.795257643024157 5.590560349466942 -2.0418294137341135
5400 6.0 B 1.8452869099891593 -3.454027591826226 4.303197598333605 -1.598104001245097
5500 3.5 B 14.402109735238419 -30.617034119372807 29.48028430390238 -10.052444011511914
5500 4.0 B 8.322519963555328 -17.800841117409774 17.83752754191146 -6.200052774971707
5500 4.5 B 5.541673866833752 -11.779393438477456 12.254523836728549 -4.325675027364602
5500 5.0 B 3.5693502331059377 -7.39927448512786 8.114868074551902 -2.914773546701001
5500 5.5 B 2.465058455523177 -4.805985877638462 5.59406560534462 -2.0563102982056525
5500 6.0 B 1.8407574785823515 -3.3996145635257733 4.241821600884423 -1.5894892988437241
5600 3.5 B 14.873381439298656 -31.611360535018942 30.403838514154955 -10.375879956629209
5600 4.0 B 8.563962794845091 -18.317006260923645 18.332469877931683 -6.383864460723332
5600 4.5 B 5.683032500623825 -12.08165974501732 12.551000681217904 -4.442426641369127
5600 5.0 B 3.535135187753815 -7.18270123881807 7.861009464551503 -2.8468589318662567
5600 5.5 B 2.4877502217515133 -4.822848986471838 5.606648387811402 -2.0752092633888397
5600 6.0 B 1.8867344799019456 -3.4683780064660326 4.305353710378887 -1.626270837896233
5700 3.5 B 15.607802845946276 -33.20426539174544 31.903671220651287 -10.899351977948632
5700 4.0 B 8.814900502675345 -18.867836985398167 18.864868002477998 -6.58023141519934
5700 4.5 B 5.809511232381413 -12.345399570741275 12.806638316105895 -4.5434750709744804
5700 5.0 B 3.6824804788684418 -7.490701526094741 8.155779385236166 -2.962178307128094
5700 5.5 B 2.5081370375222383 -4.830251204072241 5.60365736236558 -2.0853185543686337
5700 6.0 B 1.8832779217358295 -3.4158231344874705 4.2403638431836 -1.6136591896242125
5800 3.5 B 16.139547932129013 -34.298108880654944 32.90492471214398 -11.244112676029188
5800 4.0 B 9.236213006579298 -19.798039146004474 19.758654346590205 -6.901315186295594
5800 4.5 B 5.825567808763044 -12.2302001275228 12.633552421340859 -4.496162756931256
5800 5.0 B 3.7396578969062975 -7.583252524424198 8.234798244762464 -2.9999057301637313
5800 5.5 B 2.5909765390021686 -4.984118895654326 5.743895776711223 -2.14535575364023
5800 6.0 B 1.9317142566688752 -3.490533348713145 4.30438051984627 -1.6475361186720279
5900 3.5 B 16.446812888675947 -34.94194765623516 33.505756529687275 -11.46122463152183
5900 4.0 B 9.443080286387108 -20.23677390695837 20.177333027235385 -7.056620294775929
5900 4.5 B 6.072632831218676 -12.784209705842342 13.177875183620797 -4.697265443701131
5900 5.0 B 3.7988047088602226 -7.679048932840095 8.313770528690947 -3.035793393999154
5900 5.5 B 2.6085221603891737 -5.003153694559799 5.759424552867229 -2.1590500674952993
5900 6.0 B 1.9386691732625285 -3.4675172797745115 4.268157479606149 -1.6438331631489114
6000 3.5 B 16.83147186910306 -35.749437173870234 34.25793493858394 -11.727035194817736
6000 4.0 B 9.634145798895545 -20.638883274078488 20.55963945739512 -7.198632474571728
6000 4.5 B 6.206595239776488 -13.02875185723524 13.383689380169823 -4.774538387589081
6000 5.0 B 3.9581741189292856 -8.01404408135735 8.62855208883779 -3.1542130778125967
6000 5.5 B 2.650109786215577 -5.042558591500316 5.77149205835792 -2.1713260706062405
6000 6.0 B 1.943154720385124 -3.4500525169893175 4.240714110722848 -1.6402024263853856
6100 3.5 B 17.501812281725247 -37.17389479348399 35.58721780924518 -12.18955033769434
6100 4.0 B 9.767860010596012 -20.91408870158174 20.822602083257777 -7.2980388283405135
6100 4.5 B 6.324831473288462 -13.260060413874097 13.594488255141787 -4.855524843736631
6100 5.0 B 3.986819160616322 -8.051900991656133 8.65848949673279 -3.1715920617257396
6100 5.5 B 2.7456939766160113 -5.222339643694691 5.928585515356691 -2.232558232275652
6100 6.0 B 1.8873171175697847 -3.1430944219769112 3.8247028920798276 -1.4828213537091297
6200 3.5 B 17.86464039978185 -37.911154950491905 36.25387911992138 -12.420877456723213
6200 4.0 B 9.937921192320841 -21.25637574203669 21.1376200591662 -7.413760365109084
6200 4.5 B 6.440420417437657 -13.479970695808502 13.788671402808193 -4.928556531194363
6200 5.0 B 4.055425659239238 -8.17025081115609 8.756022973545246 -3.2113753352798637
6200 5.5 B 2.720422732218039 -5.0110264254509795 5.627134071511286 -2.1187015302202656
6200 6.0 B 1.9645890044947207 -3.235286307447884 3.854226076803485 -1.489753180205811
6300 3.5 B 18.59292453695314 -39.41655291242027 37.61873669361581 -12.883159403060638
6300 4.0 B 10.176791204099924 -21.743933503502564 21.582695657173954 -7.572536282210513
6300 4.5 B 6.5294107059672015 -13.641656473177814 13.92912361513713 -4.982157680533769
6300 5.0 B 4.168183325713414 -8.385859871329018 8.943466875834341 -3.2828459892415727
6300 5.5 B 2.77047738692917 -5.045169651017548 5.595522114025124 -2.0986560185917753
6300 6.0 B 1.991855146737418 -3.2355346180362505 3.8157091202779085 -1.4768875915869237
6400 3.5 B 19.043451535686664 -40.340613724116444 38.454629628669316 -13.169035891188411
6400 4.0 B 10.41536748311366 -22.233553877871625 22.030260478649282 -7.730275663402231
6400 4.5 B 6.700362113223005 -13.979258868878217 14.22765356132104 -5.089014667366025
6400 5.0 B 4.24009802817085 -8.503713574088938 9.032372208770019 -3.315701014974291
6400 5.5 B 2.8445711174041484 -5.1522784108222925 5.659333755621827 -2.121532123652302
6400 6.0 B 2.0233249585942277 -3.2472230308415564 3.7876905986428064 -1.4666782681398036
6500 3.5 B 19.931802821362766 -42.12848241388565 40.034856372265175 -13.692130739041774
6500 4.0 B 10.930752645798716 -23.340271849488587 23.064203893525285 -8.090033776040189
6500 4.5 B 6.839163985879212 -14.24506512093492 14.458027734123702 -5.169904981768261
6500 5.0 B 4.319074662239002 -8.640920242496287 9.141732892528456 -3.355953133398464
6500 5.5 B 2.880410184066895 -5.193734102833765 5.674610006375001 -2.1275021988899496
6500 6.0 B 2.070001995014001 -3.312283611001774 3.82053140130494 -1.4784735663509265
6600 3.5 B 20.233456660919416 -42.73077388708842 40.56931875450583 -13.873594078651319
6600 4.0 B 11.25925690573705 -24.012582134484155 23.67104022418667 -8.298423796828757
6600 4.5 B 7.016616508005625 -14.58676385202698 14.750714975197008 -5.270226153918308
6600 5.0 B 4.411830230187975 -8.80821716444907 9.278671610339929 -3.405026295045899
6600 5.5 B 2.964170576795854 -5.327068731204067 5.763989998973879 -2.1571963306943536
6600 6.0 B 2.114034764675795 -3.3560464092042697 3.8232205689099206 -1.4774933767828557
6700 3.5 B 21.268165368816923 -44.80889963863207 42.39532553602419 -14.472649868959074
6700 4.0 B 11.583202258842803 -24.66447130715763 24.24791612347046 -8.492523787551576
6700 4.5 B 7.210201284017401 -14.968021334941415 15.084365042676765 -5.384885709666754
6700 5.0 B 4.508804768355634 -8.980795686763614 9.415179235737229 -3.451481890079522
6700 5.5 B 3.0228270561526087 -5.40941408687307 5.807829547836552 -2.1699249054456713
6700 6.0 B 2.15697558962504 -3.3991307575109713 3.8257115674661444 -1.4757637693571257
6800 3.5 B 21.85161421297646 -45.951235074999055 43.38112937358059 -14.794708313128671
6800 4.0 B 11.903080101784365 -25.30313237676362 24.811200752328737 -8.682422831471836
6800 4.5 B 7.607613860722265 -15.822451352915028 15.878750332617482 -5.660351161304336
6800 5.0 B 4.62327483024859 -9.195908815008426 9.595948010773375 -3.5142594093255206
6800 5.5 B 3.10055186531702 -5.5434001157496136 5.90801434269155 -2.203868297844632
6800 6.0 B 2.2060803519538417 -3.460539890623008 3.8486292641941655 -1.481364197416495
6900 3.5 B 21.6600106129142 -45.53901926381409 43.00461408952545 -14.673265937630848
6900 4.0 B 12.19611783263935 -25.882917963653696 25.317553112971726 -8.851957484165537
6900 4.5 B 7.86308135446662 -16.33199802196064 16.325591342433036 -5.81073318806939
6900 5.0 B 4.749495559182904 -9.438942732874093 9.8039224560879 -3.586267658914264
6900 5.5 B 3.173205628038248 -5.667773035281003 5.997854273344486 -2.2323646379882858
6900 6.0 B 2.262601490191831 -3.542336107025286 3.8923429572863557 -1.4937366287938498
