4.546893791999999667e+04 0.000000000000000000e+00
4.548245022999999492e+04 0.000000000000000000e+00
4.549596254000000044e+04 3.582272464666160655e-07
4.550947484999999870e+04 1.305491856448940520e-06
4.552298716999999306e+04 4.979036762026341290e-06
4.553649948000000586e+04 8.706363854526040223e-06
4.555001180000000750e+04 1.216042560027016219e-05
4.556352410999999847e+04 1.801077522907829743e-05
4.557703643000000011e+04 2.285623455109676535e-05
4.559054873999999836e+04 2.841632561900965450e-05
4.560406106000000000e+04 3.840287295697485711e-05
4.561757337000000553e+04 5.072612387382615621e-05
4.563108567999999650e+04 6.643844376954968853e-05
4.564459799999999814e+04 8.781879620177422143e-05
4.565811030999999639e+04 1.164064712572392558e-04
4.567162262999999803e+04 1.515413815391645114e-04
4.568513493999999628e+04 1.955093256293887296e-04
4.569864725999999791e+04 2.493391818684608354e-04
4.571215957000000344e+04 3.138935111368176432e-04
4.572567188000000169e+04 3.920833663473565780e-04
4.573918420000000333e+04 4.859703231558835739e-04
4.575269650999999430e+04 5.871567927376782634e-04
4.576620882999999594e+04 6.965638007300607943e-04
4.577972114000000147e+04 8.112252463027627442e-04
4.579323345999999583e+04 9.048586803708043216e-04
4.580674577000000136e+04 9.872286608118042983e-04
4.582025809000000299e+04 1.054933674408666585e-03
4.583377040000000125e+04 1.088984101039576101e-03
4.584728271000000677e+04 1.116149279927780916e-03
4.586079502999999386e+04 1.137757253334459838e-03
4.587430733999999939e+04 1.169390263056880501e-03
4.588781966000000102e+04 1.217338923876124359e-03
4.590133196999999927e+04 1.282742515355094013e-03
4.591484429000000091e+04 1.379932156686059256e-03
4.592835659999999189e+04 1.503106226136785009e-03
4.594186891000000469e+04 1.656386116268593854e-03
4.595538122999999905e+04 1.858993247047310317e-03
4.596889353999999730e+04 2.102622697724609163e-03
4.598240585999999894e+04 2.396470551773799765e-03
4.599591817000000447e+04 2.768236751391064693e-03
4.600943049000000610e+04 3.218803527854202304e-03
4.602294279999999708e+04 3.768214502680410517e-03
4.603645511999999871e+04 4.459653225938628104e-03
4.604996742999999697e+04 5.307759303994161876e-03
4.606347974000000249e+04 6.355950819988274297e-03
4.607699206000000413e+04 7.677213372386210849e-03
4.609050436999999511e+04 9.306539591968506289e-03
4.610401668999999674e+04 1.132813229889914619e-02
4.611752900000000955e+04 1.386143263734836498e-02
4.613104132000000391e+04 1.699589235715238955e-02
4.614455363000000216e+04 2.089198525345486307e-02
4.615806595000000380e+04 2.574155231966763352e-02
4.617157825999999477e+04 3.175155126532038657e-02
4.618509057000000030e+04 3.922942768390420831e-02
4.619860289000000193e+04 4.849971914304203324e-02
4.621211520000000019e+04 5.997935654317763932e-02
4.622562751999999455e+04 7.415146726987185966e-02
4.623913983000000735e+04 9.129242164722807529e-02
4.625265215000000899e+04 1.119961162733698612e-01
4.626616445999999996e+04 1.360797276213480123e-01
4.627967676999999821e+04 1.627411888798358519e-01
4.629318908999999258e+04 1.924886417779480552e-01
4.630670140000000538e+04 2.224222432267494720e-01
4.632021372000000702e+04 2.514739439263853349e-01
4.633372602999999799e+04 2.802045820533999310e-01
4.634723834999999963e+04 3.031795751645099957e-01
4.636075065999999788e+04 3.222409359531112072e-01
4.637426297999999952e+04 3.379635011905902653e-01
4.638777529000000504e+04 3.465271927390334850e-01
4.640128759999999602e+04 3.523205504877278127e-01
4.641479991999999766e+04 3.555779689230635920e-01
4.642831222999999591e+04 3.559851105005564786e-01
4.644182455000000482e+04 3.559439568618958383e-01
4.645533685999999580e+04 3.554736645702185616e-01
4.646884917999999743e+04 3.552488099463176896e-01
4.648236149000000296e+04 3.552784209527488080e-01
4.649587380000000121e+04 3.557930679483136127e-01
4.650938612000000285e+04 3.567114749087988979e-01
4.652289842999999382e+04 3.576802144534927397e-01
4.653641074999999546e+04 3.587198723576552339e-01
4.654992306000000826e+04 3.594720295055852111e-01
4.656343537999999535e+04 3.599297054899252002e-01
4.657694769000000088e+04 3.598518070736793084e-01
4.659046001000000251e+04 3.592599852023765639e-01
4.660397232000000076e+04 3.584352773051965313e-01
4.661748463000000629e+04 3.572362038961348629e-01
4.663099694999999338e+04 3.559145786045795345e-01
4.664450926000000618e+04 3.545928356386189306e-01
4.665802158000000054e+04 3.532268088467389600e-01
4.667153388999999879e+04 3.514971401327083855e-01
4.668504621000000043e+04 3.494362723671067261e-01
4.669855851999999868e+04 3.451324343428413544e-01
4.671207083000000421e+04 3.388509742823888615e-01
4.672558314999999857e+04 3.294339654334234591e-01
4.673909545999999682e+04 3.143206404578193780e-01
4.675260777999999846e+04 2.962439230964133419e-01
4.676612009000000398e+04 2.722706021910257235e-01
4.677963241000000562e+04 2.441288385174500697e-01
4.679314471999999660e+04 2.153554731284696988e-01
4.680665703999999823e+04 1.832203246326011559e-01
4.682016935000000376e+04 1.528492355176513384e-01
4.683368166000000201e+04 1.253425374656783886e-01
4.684719398000000365e+04 9.977565517349715196e-02
4.686070628999999462e+04 7.870630987202240081e-02
4.687421860999999626e+04 6.134015661251067397e-02
4.688773092000000179e+04 4.743823925275199305e-02
4.690124324000000342e+04 3.663855406172897289e-02
4.691475555000000168e+04 2.832310743109386214e-02
4.692826786999999604e+04 2.201993814336000374e-02
4.694178017999999429e+04 1.718631154080605197e-02
4.695529248999999982e+04 1.355455715902919092e-02
4.696880481000000145e+04 1.077001210828059524e-02
4.698231711999999970e+04 8.609267723605745076e-03
4.699582943999999407e+04 6.975027765975011680e-03
4.700934175000000687e+04 5.681933784448329333e-03
4.702285407000000851e+04 4.663358448735818729e-03
4.703636637999999948e+04 3.865300786186824308e-03
4.704987868999999773e+04 3.219586500207762773e-03
4.706339100999999209e+04 2.704183025658658118e-03
4.707690332000000490e+04 2.286044597161822692e-03
4.709041564000000653e+04 1.940245434859453732e-03
4.710392794999999751e+04 1.661648563253244988e-03
4.711744026999999915e+04 1.428392672575982437e-03
4.713095257999999740e+04 1.232454946196888217e-03
4.714446490000000631e+04 1.066344656820822443e-03
4.715797720999999729e+04 9.243221596930276725e-04
4.717148951999999554e+04 8.036254637672320600e-04
4.718500184000000445e+04 7.016797168759096289e-04
4.719851415000000270e+04 6.139280283140439477e-04
4.721202647000000434e+04 5.385779411604778300e-04
4.722553877999999531e+04 4.742655204696487976e-04
4.723905109999999695e+04 4.188629710081352145e-04
4.725256341000000248e+04 3.728117745802605738e-04
4.726607572000000073e+04 3.338207716113621788e-04
4.727958804000000237e+04 3.016999384509106764e-04
4.729310035000000062e+04 2.782225598882749097e-04
4.730661267000000225e+04 2.586972358812744807e-04
4.732012498000000778e+04 2.429757818005452924e-04
4.733363729999999487e+04 2.284550815513341202e-04
4.734714961000000039e+04 2.149975752312192402e-04
4.736066193000000203e+04 2.039567137104136688e-04
4.737417424000000028e+04 1.929150612993853729e-04
4.738768654999999126e+04 1.814775734950576877e-04
4.740119886999999289e+04 1.682541763435924033e-04
4.741471118000000570e+04 1.554416885496082579e-04
4.742822350000000006e+04 1.436276431401260745e-04
4.744173580999999831e+04 1.327895930914493709e-04
4.745524812999999995e+04 1.228844696121624415e-04
4.746876043999999820e+04 1.139491679553709003e-04
4.748227275999999983e+04 1.057716981761203388e-04
4.749578506999999809e+04 9.820417036702933241e-05
4.750929737999999634e+04 8.861559004570292142e-05
4.752280969999999797e+04 7.899670974866444969e-05
4.753632201000000350e+04 6.899547123357874169e-05
4.754983433000000514e+04 6.137560446731385032e-05
4.756334663999999611e+04 5.558477749102455287e-05
4.757685895999999775e+04 5.009472111579187461e-05
4.759037127000000328e+04 4.472873227383054428e-05
4.760388358000000153e+04 3.915051074302293714e-05
4.761739590000000317e+04 3.439928791576580733e-05
4.763090820999999414e+04 3.013677429065163234e-05
4.764442052999999578e+04 2.448876240843243411e-05
4.765793284000000131e+04 1.753544856362574468e-05
4.767144516000000294e+04 1.247746146059266634e-05
4.768495747000000119e+04 7.238283974702334630e-06
4.769846978999999556e+04 3.808668809351590980e-06
4.771198209999999381e+04 1.402630368662659251e-06
4.772549440999999933e+04 1.032951813329576742e-07
4.773900673000000097e+04 4.952728189503904342e-09
4.775251903999999922e+04 4.568250076868316289e-09
4.776603135999999358e+04 4.563999044151842235e-09
4.777954367000000639e+04 4.559712575168580813e-09
4.779305599000000802e+04 2.226729256974193910e-08
4.780656829999999900e+04 1.019405782810644564e-06
4.782008061000001180e+04 1.623157902046456313e-06
4.783359292999999889e+04 3.125279967024239784e-06
4.784710524000000441e+04 4.040578069693616511e-06
4.786061756000000605e+04 6.183371959151423642e-06
4.787412986999999703e+04 8.012789079905197482e-06
4.788764218999999866e+04 9.479563970260237538e-06
4.790115449999999691e+04 1.048184078006901399e-05
4.791466682000000583e+04 1.119686396674516733e-05
4.792817912999999680e+04 1.131903671248293217e-05
4.794169144000000233e+04 1.106273989517085455e-05
4.795520376000000397e+04 1.028974903416916659e-05
4.796871607000000222e+04 9.660536084382481231e-06
4.798222839000000386e+04 9.322836838238588778e-06
4.799574069999999483e+04 9.702488356758787752e-06
4.800925301999999647e+04 1.020443267881644006e-05
4.802276532999999472e+04 0.000000000000000000e+00
4.803627764000000025e+04 0.000000000000000000e+00
