4.546893791999999667e+04 0.000000000000000000e+00
4.548245022999999492e+04 0.000000000000000000e+00
4.549596254000000044e+04 5.550426014288330159e-09
4.550947484999999870e+04 5.546534157975908270e-09
4.552298716999999306e+04 9.899066183122247571e-09
4.553649948000000586e+04 8.519613696378291533e-07
4.555001180000000750e+04 2.427037538482920399e-06
4.556352410999999847e+04 3.101510558208801506e-06
4.557703643000000011e+04 3.016066341805587621e-06
4.559054873999999836e+04 2.223825134142176710e-06
4.560406106000000000e+04 1.259901404175147789e-06
4.561757337000000553e+04 5.171567505262998153e-07
4.563108567999999650e+04 1.401958608409726865e-08
4.564459799999999814e+04 5.510024384404175142e-09
4.565811030999999639e+04 5.506266619897126948e-09
4.567162262999999803e+04 5.502912958789402073e-09
4.568513493999999628e+04 5.499157368882364357e-09
4.569864725999999791e+04 5.495458041314870089e-09
4.571215957000000344e+04 5.492122747586065186e-09
4.572567188000000169e+04 5.488441467848439384e-09
4.573918420000000333e+04 5.484742111418155991e-09
4.575269650999999430e+04 7.457645828264323387e-08
4.576620882999999594e+04 9.223313580325370540e-07
4.577972114000000147e+04 3.879433937065339531e-06
4.579323345999999583e+04 4.342328296138062201e-06
4.580674577000000136e+04 4.655403756823030578e-06
4.582025809000000299e+04 4.992701145720601306e-06
4.583377040000000125e+04 6.350955132463361040e-06
4.584728271000000677e+04 7.657663685403160421e-06
4.586079502999999386e+04 8.797723384703667301e-06
4.587430733999999939e+04 7.334187312523339036e-06
4.588781966000000102e+04 3.766058540284397016e-06
4.590133196999999927e+04 3.209036278845332309e-06
4.591484429000000091e+04 2.556704909503576688e-06
4.592835659999999189e+04 2.317682512908439810e-06
4.594186891000000469e+04 2.383157803542235590e-06
4.595538122999999905e+04 3.882877508073959381e-06
4.596889353999999730e+04 6.027343948417348009e-06
4.598240585999999894e+04 1.184316933565112418e-05
4.599591817000000447e+04 1.904397157549275805e-05
4.600943049000000610e+04 2.963147497646221554e-05
4.602294279999999708e+04 4.280278274088752878e-05
4.603645511999999871e+04 5.507249695221203771e-05
4.604996742999999697e+04 7.022570024408520946e-05
4.606347974000000249e+04 8.564672295077610737e-05
4.607699206000000413e+04 9.662352169843353060e-05
4.609050436999999511e+04 1.047240849925179832e-04
4.610401668999999674e+04 1.082970698443642705e-04
4.611752900000000955e+04 1.093916240522636781e-04
4.613104132000000391e+04 1.100282119247373457e-04
4.614455363000000216e+04 1.098806065676048173e-04
4.615806595000000380e+04 1.090137841230234643e-04
4.617157825999999477e+04 1.096750175669195134e-04
4.618509057000000030e+04 1.133733471733767306e-04
4.619860289000000193e+04 1.199344686018442927e-04
4.621211520000000019e+04 1.278436964642150374e-04
4.622562751999999455e+04 1.367007685414038730e-04
4.623913983000000735e+04 1.478534629879826509e-04
4.625265215000000899e+04 1.605441672699685872e-04
4.626616445999999996e+04 1.747394731276250587e-04
4.627967676999999821e+04 1.909678404388960788e-04
4.629318908999999258e+04 2.095115292275358254e-04
4.630670140000000538e+04 2.319675158658272656e-04
4.632021372000000702e+04 2.563985133473232212e-04
4.633372602999999799e+04 2.834019470943792873e-04
4.634723834999999963e+04 3.140818496438172337e-04
4.636075065999999788e+04 3.505151556149588266e-04
4.637426297999999952e+04 3.933905582985975920e-04
4.638777529000000504e+04 4.469370184122637454e-04
4.640128759999999602e+04 5.134963371712559805e-04
4.641479991999999766e+04 5.958826686903243020e-04
4.642831222999999591e+04 7.008062100088201197e-04
4.644182455000000482e+04 8.258892341314771251e-04
4.645533685999999580e+04 9.758528980223641876e-04
4.646884917999999743e+04 1.160803974692065739e-03
4.648236149000000296e+04 1.382768111951260476e-03
4.649587380000000121e+04 1.649957641978282456e-03
4.650938612000000285e+04 1.964400242633561507e-03
4.652289842999999382e+04 2.336582577576379761e-03
4.653641074999999546e+04 2.776710981181281564e-03
4.654992306000000826e+04 3.292624699609552220e-03
4.656343537999999535e+04 3.898572186604895920e-03
4.657694769000000088e+04 4.605520172651642215e-03
4.659046001000000251e+04 5.437798027965891519e-03
4.660397232000000076e+04 6.419393966366041676e-03
4.661748463000000629e+04 7.572997108253958463e-03
4.663099694999999338e+04 8.931910658624933608e-03
4.664450926000000618e+04 1.053691954100789002e-02
4.665802158000000054e+04 1.246563095342138189e-02
4.667153388999999879e+04 1.478158625581297951e-02
4.668504621000000043e+04 1.758570730000185572e-02
4.669855851999999868e+04 2.107295110563615209e-02
4.671207083000000421e+04 2.537970909395393521e-02
4.672558314999999857e+04 3.081919222747965190e-02
4.673909545999999682e+04 3.781775403241770250e-02
4.675260777999999846e+04 4.669228065842655206e-02
4.676612009000000398e+04 5.823349561454246870e-02
4.677963241000000562e+04 7.301703785466581720e-02
4.679314471999999660e+04 9.179146988372667570e-02
4.680665703999999823e+04 1.150335527557145160e-01
4.682016935000000376e+04 1.426728470448332953e-01
4.683368166000000201e+04 1.753501293959028318e-01
4.684719398000000365e+04 2.081524737672580949e-01
4.686070628999999462e+04 2.422287709938706624e-01
4.687421860999999626e+04 2.742049038231317293e-01
4.688773092000000179e+04 2.985816493456381893e-01
4.690124324000000342e+04 3.193479183444832281e-01
4.691475555000000168e+04 3.322023604638684180e-01
4.692826786999999604e+04 3.397206332891412606e-01
4.694178017999999429e+04 3.442362602871470445e-01
4.695529248999999982e+04 3.452035992535651965e-01
4.696880481000000145e+04 3.456096138394064710e-01
4.698231711999999970e+04 3.454960669750626323e-01
4.699582943999999407e+04 3.458355624569517950e-01
4.700934175000000687e+04 3.464518237147230506e-01
4.702285407000000851e+04 3.474219063472356872e-01
4.703636637999999948e+04 3.486058574511287644e-01
4.704987868999999773e+04 3.496899061894086502e-01
4.706339100999999209e+04 3.502827080957722772e-01
4.707690332000000490e+04 3.501811410601267660e-01
4.709041564000000653e+04 3.495639104332657343e-01
4.710392794999999751e+04 3.479117533243316629e-01
4.711744026999999915e+04 3.458937147637631826e-01
4.713095257999999740e+04 3.434671627302113839e-01
4.714446490000000631e+04 3.411711410742873096e-01
4.715797720999999729e+04 3.391906670550526304e-01
4.717148951999999554e+04 3.377860261450971180e-01
4.718500184000000445e+04 3.371698991592584904e-01
4.719851415000000270e+04 3.367990416131772524e-01
4.721202647000000434e+04 3.362390960452971145e-01
4.722553877999999531e+04 3.339604461301937111e-01
4.723905109999999695e+04 3.303164825454502629e-01
4.725256341000000248e+04 3.197674162283511423e-01
4.726607572000000073e+04 3.054273756109081583e-01
4.727958804000000237e+04 2.854857119860390591e-01
4.729310035000000062e+04 2.580615004035306526e-01
4.730661267000000225e+04 2.291961113619904178e-01
4.732012498000000778e+04 1.959833625307451643e-01
4.733363729999999487e+04 1.635036687967384439e-01
4.734714961000000039e+04 1.340186994221498062e-01
4.736066193000000203e+04 1.062635661784952779e-01
4.737417424000000028e+04 8.358772721284540852e-02
4.738768654999999126e+04 6.493826200331589971e-02
4.740119886999999289e+04 5.021272056628924702e-02
4.741471118000000570e+04 3.881359598570356673e-02
4.742822350000000006e+04 3.011778662193493467e-02
4.744173580999999831e+04 2.351333353557273631e-02
4.745524812999999995e+04 1.844366746108552779e-02
4.746876043999999820e+04 1.465627798773528820e-02
4.748227275999999983e+04 1.171078779215885789e-02
4.749578506999999809e+04 9.442723874694084613e-03
4.750929737999999634e+04 7.688973368770022319e-03
4.752280969999999797e+04 6.292981204673317799e-03
4.753632201000000350e+04 5.208080797520216881e-03
4.754983433000000514e+04 4.337154814720673920e-03
4.756334663999999611e+04 3.632543696691569249e-03
4.757685895999999775e+04 3.069470641447034735e-03
4.759037127000000328e+04 2.603631850843233023e-03
4.760388358000000153e+04 2.223923433225854975e-03
4.761739590000000317e+04 1.910323628351029857e-03
4.763090820999999414e+04 1.645816069270630930e-03
4.764442052999999578e+04 1.423279921895688645e-03
4.765793284000000131e+04 1.233030141824748320e-03
4.767144516000000294e+04 1.070597667001510619e-03
4.768495747000000119e+04 9.317050999630465324e-04
4.769846978999999556e+04 8.114856208022293120e-04
4.771198209999999381e+04 7.075089508890249936e-04
4.772549440999999933e+04 6.200569543593085001e-04
4.773900673000000097e+04 5.456208121310823517e-04
4.775251903999999922e+04 4.852814713898684416e-04
4.776603135999999358e+04 4.333675385490309861e-04
4.777954367000000639e+04 3.896821999675271022e-04
4.779305599000000802e+04 3.545810694126197210e-04
4.780656829999999900e+04 3.246078802296385041e-04
4.782008061000001180e+04 2.999319956416014168e-04
4.783359292999999889e+04 2.771315159607500500e-04
4.784710524000000441e+04 2.560404661837383357e-04
4.786061756000000605e+04 2.366062156631539113e-04
4.787412986999999703e+04 2.182769263041652030e-04
4.788764218999999866e+04 1.993359591087031583e-04
4.790115449999999691e+04 1.809390931504323784e-04
4.791466682000000583e+04 1.633221275371323910e-04
4.792817912999999680e+04 1.473752291293750237e-04
4.794169144000000233e+04 1.326276250097836360e-04
4.795520376000000397e+04 1.183312176460407867e-04
4.796871607000000222e+04 1.061055306225220513e-04
4.798222839000000386e+04 9.549943375004334416e-05
4.799574069999999483e+04 8.789108986442817090e-05
4.800925301999999647e+04 8.007887724760705001e-05
4.802276532999999472e+04 0.000000000000000000e+00
4.803627764000000025e+04 0.000000000000000000e+00
