4.496898228999997809e+04 0.000000000000000000e+00
4.498249459999998362e+04 0.000000000000000000e+00
4.499600690999999642e+04 1.693429467825781584e-05
4.500951922000000195e+04 1.983526933060292057e-05
4.502303153999999631e+04 1.355070814499492450e-05
4.503654385000000184e+04 1.815084585677215125e-05
4.505005617000000348e+04 2.274549795594805481e-05
4.506356848000000173e+04 2.386508801161535274e-05
4.507708079000000726e+04 2.265170642152823833e-05
4.509059310999999434e+04 2.827206762762408149e-05
4.510410541999999987e+04 4.189524430147906198e-05
4.511761774000000150e+04 4.139972658705174291e-05
4.513113004999999976e+04 3.889937092569843550e-05
4.514464237000000139e+04 4.099658628715329150e-05
4.515815467999999237e+04 6.075320199824537986e-05
4.517166699000000517e+04 6.853564118470585479e-05
4.518517930999999953e+04 6.990594406649493036e-05
4.519869161999999778e+04 7.321111549896972351e-05
4.521220393999999942e+04 9.477277899473214378e-05
4.522571624999999767e+04 1.186558320631313348e-04
4.523922856999999931e+04 1.299957426079187525e-04
4.525274087999999756e+04 1.468100207646858544e-04
4.526625319999999920e+04 1.717330590610375858e-04
4.527976550999999745e+04 2.077023384195350283e-04
4.529327782000000298e+04 2.230377510834660780e-04
4.530679014000000461e+04 2.477022581803035059e-04
4.532030244999999559e+04 2.839507110507558086e-04
4.533381476999999722e+04 3.333621436845996704e-04
4.534732708000000275e+04 3.725800682727332925e-04
4.536083940000000439e+04 4.050825769264381230e-04
4.537435171000000264e+04 4.554710840173565385e-04
4.538786403000000428e+04 5.156899523202870296e-04
4.540137633999999525e+04 5.810219853452188625e-04
4.541488865000000078e+04 6.317310952022019838e-04
4.542840097000000242e+04 6.981605536674264376e-04
4.544191328000000067e+04 7.751742164719316363e-04
4.545542559999999503e+04 8.560510680827711173e-04
4.546893791000000783e+04 9.288755474736540979e-04
4.548245023000000947e+04 1.008926323734709880e-03
4.549596254000000044e+04 1.111511765834171609e-03
4.550947484999999870e+04 1.212516867886436834e-03
4.552298716999999306e+04 1.314237359458561875e-03
4.553649948000000586e+04 1.412540561842145614e-03
4.555001180000000750e+04 1.541297073810103495e-03
4.556352410999999847e+04 1.677859909395954668e-03
4.557703643000000011e+04 1.813053521894459957e-03
4.559054873999999836e+04 1.946246575283064459e-03
4.560406106000000000e+04 2.098187032786922538e-03
4.561757337000000553e+04 2.278095554758993464e-03
4.563108567999999650e+04 2.448104101302524521e-03
4.564459799999999814e+04 2.624831927563710515e-03
4.565811030999999639e+04 2.809290815797491504e-03
4.567162262999999803e+04 3.031574333543629336e-03
4.568513493999999628e+04 3.256682585080161729e-03
4.569864725999999791e+04 3.479804535873765904e-03
4.571215957000000344e+04 3.717895656862591804e-03
4.572567188000000169e+04 3.986680376593546536e-03
4.573918420000000333e+04 4.291286522773536324e-03
4.575269650999999430e+04 4.586624681016155877e-03
4.576620882999999594e+04 4.903706223605625199e-03
4.577972114000000147e+04 5.244784469382417214e-03
4.579323345999999583e+04 5.633286988010037868e-03
4.580674577000000136e+04 6.033374051634948255e-03
4.582025809000000299e+04 6.445175044119950784e-03
4.583377040000000125e+04 6.898913634710597889e-03
4.584728271000000677e+04 7.393119285480420633e-03
4.586079502999999386e+04 7.931061608127832480e-03
4.587430733999999939e+04 8.471580656951228916e-03
4.588781966000000102e+04 9.060898213821364650e-03
4.590133196999999927e+04 9.703686218099402683e-03
4.591484429000000091e+04 1.040653596834975950e-02
4.592835659999999189e+04 1.114221381424375205e-02
4.594186891000000469e+04 1.191116609233958470e-02
4.595538122999999905e+04 1.276345977266495589e-02
4.596889353999999730e+04 1.368089108162102822e-02
4.598240585999999894e+04 1.466893764614407049e-02
4.599591817000000447e+04 1.569707088958438232e-02
4.600943049000000610e+04 1.681408401107525874e-02
4.602294279999999708e+04 1.803110346611242615e-02
4.603645511999999871e+04 1.933863621710739389e-02
4.604996742999999697e+04 2.072855186681237319e-02
4.606347974000000249e+04 2.220184218935936094e-02
4.607699206000000413e+04 2.382033177918851247e-02
4.609050436999999511e+04 2.555498208953646891e-02
4.610401668999999674e+04 2.741097893096335752e-02
4.611752900000000955e+04 2.937873208780442114e-02
4.613104132000000391e+04 3.150023125003117985e-02
4.614455363000000216e+04 3.380413325345073966e-02
4.615806595000000380e+04 3.626255205372059393e-02
4.617157825999999477e+04 3.888927698997939053e-02
4.618509057000000030e+04 4.169646112430722140e-02
4.619860289000000193e+04 4.474418575403913551e-02
4.621211520000000019e+04 4.800964233788630048e-02
4.622562751999999455e+04 5.149181827592064220e-02
4.623913983000000735e+04 5.520855679513337472e-02
4.625265215000000899e+04 5.918955958975005011e-02
4.626616445999999996e+04 6.348284855184460618e-02
4.627967676999999821e+04 6.804066602193713231e-02
4.629318908999999258e+04 7.289216943030835116e-02
4.630670140000000538e+04 7.806311504157578685e-02
4.632021372000000702e+04 8.359451927637764901e-02
4.633372602999999799e+04 8.950940965416438744e-02
4.634723834999999963e+04 9.573888856558281091e-02
4.636075065999999788e+04 1.023372892659761280e-01
4.637426297999999952e+04 1.093566817779845907e-01
4.638777529000000504e+04 1.167954186814650630e-01
4.640128759999999602e+04 1.246222789866642533e-01
4.641479991999999766e+04 1.328891851380606115e-01
4.642831222999999591e+04 1.415229702727892336e-01
4.644182455000000482e+04 1.506035653900162918e-01
4.645533685999999580e+04 1.601646372001039320e-01
4.646884917999999743e+04 1.700025449349646667e-01
4.648236149000000296e+04 1.802628582422255987e-01
4.649587380000000121e+04 1.909444159827760334e-01
4.650938612000000285e+04 2.019128251388755957e-01
4.652289842999999382e+04 2.132352063331069136e-01
4.653641074999999546e+04 2.247797663255459710e-01
4.654992306000000826e+04 2.365027002889110441e-01
4.656343537999999535e+04 2.485051793856213054e-01
4.657694769000000088e+04 2.605887296002776243e-01
4.659046001000000251e+04 2.726517663090532451e-01
4.660397232000000076e+04 2.849061030820321250e-01
4.661748463000000629e+04 2.969221108809700360e-01
4.663099694999999338e+04 3.088712055766497100e-01
4.664450926000000618e+04 3.208996178414393330e-01
4.665802158000000054e+04 3.322759438466842963e-01
4.667153388999999879e+04 3.435233250566057661e-01
4.668504621000000043e+04 3.545925379593665161e-01
4.669855851999999868e+04 3.649926860172605925e-01
4.671207083000000421e+04 3.750950162391163967e-01
4.672558314999999857e+04 3.846929267367242833e-01
4.673909545999999682e+04 3.936450447218773907e-01
4.675260777999999846e+04 4.022273217502994047e-01
4.676612009000000398e+04 4.101437112948954633e-01
4.677963241000000562e+04 4.174456499403036425e-01
4.679314471999999660e+04 4.243033846021483368e-01
4.680665703999999823e+04 4.304075581424579577e-01
4.682016935000000376e+04 4.360029618936949736e-01
4.683368166000000201e+04 4.412677888718769537e-01
4.684719398000000365e+04 4.456780565393023696e-01
4.686070628999999462e+04 4.497194223171867011e-01
4.687421860999999626e+04 4.534032551112162635e-01
4.688773092000000179e+04 4.565239595190166422e-01
4.690124324000000342e+04 4.592993976608588658e-01
4.691475555000000168e+04 4.616725727679866220e-01
4.692826786999999604e+04 4.636938030048813331e-01
4.694178017999999429e+04 4.654320799921585761e-01
4.695529248999999982e+04 4.668224655808333456e-01
4.696880481000000145e+04 4.679936427189876902e-01
4.698231711999999970e+04 4.689125339736615605e-01
4.699582943999999407e+04 4.696061734055932968e-01
4.700934175000000687e+04 4.701794067355943296e-01
4.702285407000000851e+04 4.705170698821153352e-01
4.703636637999999948e+04 4.707343964116478818e-01
4.704987868999999773e+04 4.708776462734846624e-01
4.706339100999999209e+04 4.708524338294343692e-01
4.707690332000000490e+04 4.708073548143681397e-01
4.709041564000000653e+04 4.706500908281845974e-01
4.710392794999999751e+04 4.704697068027377527e-01
4.711744026999999915e+04 4.702710433496153364e-01
4.713095257999999740e+04 4.699964465363177246e-01
4.714446490000000631e+04 4.697338116181267731e-01
4.715797720999999729e+04 4.694552258319202309e-01
4.717148951999999554e+04 4.690979713333275347e-01
4.718500184000000445e+04 4.687879415485451950e-01
4.719851415000000270e+04 4.684678636605753010e-01
4.721202647000000434e+04 4.680616756627614117e-01
4.722553877999999531e+04 4.676832764907845053e-01
4.723905109999999695e+04 4.672871075626743864e-01
4.725256341000000248e+04 4.668282020492828255e-01
4.726607572000000073e+04 4.664032183613143201e-01
4.727958804000000237e+04 4.659592285126306077e-01
4.729310035000000062e+04 4.654589006233095239e-01
4.730661267000000225e+04 4.649911522172230360e-01
4.732012498000000778e+04 4.644747913661056993e-01
4.733363729999999487e+04 4.639767534134735527e-01
4.734714961000000039e+04 4.634649728073946817e-01
4.736066193000000203e+04 4.628952561017039002e-01
4.737417424000000028e+04 4.623457500341203175e-01
4.738768654999999126e+04 4.617770333773082436e-01
4.740119886999999289e+04 4.611370786434375590e-01
4.741471118000000570e+04 4.605014784012861906e-01
4.742822350000000006e+04 4.598173455892050066e-01
4.744173580999999831e+04 4.590808474268806005e-01
4.745524812999999995e+04 4.583434661008383704e-01
4.746876043999999820e+04 4.575443891983617672e-01
4.748227275999999983e+04 4.567128192013512611e-01
4.749578506999999809e+04 4.558695347061416103e-01
4.750929737999999634e+04 4.550040253033205140e-01
4.752280969999999797e+04 4.541151895626345802e-01
4.753632201000000350e+04 4.532058912356796143e-01
4.754983433000000514e+04 4.522855010082967864e-01
4.756334663999999611e+04 4.513504632176619791e-01
4.757685895999999775e+04 4.504177335574314212e-01
4.759037127000000328e+04 4.494822476559722224e-01
4.760388358000000153e+04 4.485427753339629175e-01
4.761739590000000317e+04 4.476075740581283435e-01
4.763090820999999414e+04 4.466636655785506393e-01
4.764442052999999578e+04 4.457374400942365478e-01
4.765793284000000131e+04 4.448317439994015632e-01
4.767144516000000294e+04 4.439447270015858260e-01
4.768495747000000119e+04 4.430755126193037241e-01
4.769846978999999556e+04 4.422145789794928450e-01
4.771198209999999381e+04 4.413771376114714040e-01
4.772549440999999933e+04 4.405631685274909448e-01
4.773900673000000097e+04 4.397639255016289606e-01
4.775251903999999922e+04 4.390182989886601272e-01
4.776603135999999358e+04 4.382950378079816245e-01
4.777954367000000639e+04 4.376162772812130508e-01
4.779305599000000802e+04 4.369807659492861984e-01
4.780656829999999900e+04 4.363593142615876386e-01
4.782008061000001180e+04 4.358086921651986301e-01
4.783359292999999889e+04 4.352782721757496587e-01
4.784710524000000441e+04 4.347863989817543628e-01
4.786061756000000605e+04 4.343453148103503803e-01
4.787412986999999703e+04 4.339090413163216309e-01
4.788764218999999866e+04 4.335208761405427991e-01
4.790115449999999691e+04 4.331735491496271351e-01
4.791466682000000583e+04 4.328309364535929959e-01
4.792817912999999680e+04 4.324952643795128004e-01
4.794169144000000233e+04 4.321870320190362436e-01
4.795520376000000397e+04 4.318741845285861136e-01
4.796871607000000222e+04 4.315707534711288318e-01
4.798222839000000386e+04 4.312977237428042843e-01
4.799574069999999483e+04 4.309892255269269223e-01
4.800925301999999647e+04 4.306840476858668776e-01
4.802276533000000927e+04 4.304145864349321338e-01
4.803627764000000025e+04 4.301264925660308047e-01
4.804978996000000188e+04 4.298399490722074612e-01
4.806330227000000014e+04 4.295571622525922728e-01
4.807681459000000177e+04 4.292389406335705981e-01
4.809032690000000730e+04 4.289412512816812573e-01
4.810383921999999438e+04 4.285896120770661955e-01
4.811735152999999991e+04 4.282236589821729611e-01
4.813086384999999427e+04 4.278364411883818774e-01
4.814437615999999980e+04 4.274006127615225248e-01
4.815788846999999078e+04 4.269436452329959386e-01
4.817140078999999969e+04 4.264773170336511598e-01
4.818491310000000522e+04 4.259543480924002368e-01
4.819842541999999958e+04 4.253637316205552410e-01
4.821193772999999783e+04 4.247929315049733257e-01
4.822545004999999946e+04 4.241665123917214286e-01
4.823896235999999772e+04 4.235050681689213059e-01
4.825247467999999935e+04 4.228630743138764858e-01
4.826598698999999760e+04 4.221382609584657386e-01
4.827949929999999586e+04 4.214072942830681678e-01
4.829301162000000477e+04 4.207070496664878090e-01
4.830652393000000302e+04 4.199502738998728280e-01
4.832003625000000466e+04 4.192201734004121216e-01
4.833354855999999563e+04 4.184257643423952566e-01
4.834706087999999727e+04 4.176269127937870529e-01
4.836057318999998824e+04 4.168603844983086448e-01
4.837408550000000105e+04 4.160547664969067028e-01
4.838759782000000268e+04 4.152449997112793723e-01
4.840111012999999366e+04 4.144501257711462605e-01
4.841462244999999530e+04 4.136182689176801097e-01
4.842813476000000082e+04 4.127857895137915789e-01
4.844164708000000246e+04 4.119551384020323503e-01
4.845515939000000071e+04 4.110757180076815565e-01
4.846867170999999507e+04 4.101696613776554812e-01
4.848218402000000788e+04 4.092977281026886072e-01
4.849569632999999885e+04 4.083914312463545748e-01
4.850920865000000049e+04 4.074596325543087816e-01
4.852272095999999874e+04 4.065518276688934729e-01
4.853623327999999310e+04 4.055952171298268238e-01
4.854974559000000590e+04 4.046345768585623004e-01
4.856325791000000754e+04 4.036994512544604397e-01
4.857677021999999852e+04 4.026959973814651095e-01
4.859028252999999677e+04 4.017066496108984142e-01
4.860379484999999841e+04 4.006562814460274957e-01
4.861730716000000393e+04 3.995881876762503726e-01
4.863081947999999829e+04 3.985153652975511052e-01
4.864433178999999654e+04 3.973512648196256825e-01
4.865784410999999818e+04 3.961555816359874083e-01
4.867135642000000371e+04 3.949354113728494320e-01
4.868486874000000535e+04 3.936750483397431499e-01
4.869838104999999632e+04 3.923782341125973128e-01
4.871189336000000185e+04 3.910606142044372180e-01
4.872540568000000349e+04 3.896901567303462932e-01
4.873891799000000174e+04 3.883046541081912606e-01
4.875243031000000337e+04 3.869347868413437475e-01
4.876594261999999435e+04 3.855272357789001902e-01
4.877945493999999599e+04 3.841033040543218591e-01
4.879296725000000879e+04 3.825616573661114739e-01
4.880647955999999976e+04 3.810277903758308438e-01
4.881999188000000140e+04 3.795050140670791494e-01
4.883350418999999965e+04 3.779024877149745887e-01
4.884701651000000129e+04 3.764156889296294550e-01
4.886052881999999227e+04 3.748435614042080477e-01
4.887404113999999390e+04 3.734378617160683533e-01
4.888755344999999943e+04 3.720612971852475526e-01
4.890106576999999379e+04 3.706446959428887911e-01
4.891457807999999932e+04 3.693593430220816765e-01
4.892809038999999757e+04 3.681372932723483427e-01
4.894160270999999921e+04 3.668955214235520845e-01
4.895511502000000473e+04 3.658250753626006713e-01
4.896862733999999909e+04 3.648490890503445772e-01
4.898213964999999735e+04 3.637976796393955214e-01
4.899565196999999898e+04 3.629604221797148034e-01
4.900916428000000451e+04 3.621909831706975336e-01
4.902267660000000615e+04 3.613971838704090889e-01
4.903618890999999712e+04 3.607591628553265539e-01
4.904970122000000265e+04 3.601365938939536382e-01
4.906321354000000429e+04 3.594394413828803647e-01
4.907672585000000254e+04 3.588519550185111373e-01
4.909023817000000417e+04 3.581456041847139726e-01
4.910375047999999515e+04 3.574597952561432979e-01
4.911726279999999679e+04 3.567029230358596537e-01
4.913077511000000231e+04 3.556148380747555793e-01
4.914428742000000057e+04 3.545550047271369132e-01
4.915779974000000220e+04 3.531570843158218787e-01
4.917131204999999318e+04 3.513850972869687617e-01
4.918482436999999481e+04 3.493570925722831455e-01
4.919833668000000034e+04 3.468356243411523931e-01
4.921184900000000198e+04 3.439751848160691461e-01
4.922536131000000023e+04 3.404023781906838630e-01
4.923887362999999459e+04 3.365660072245632017e-01
4.925238594000000739e+04 3.317646542854654768e-01
4.926589824999999837e+04 3.265513558841923736e-01
4.927941057000000001e+04 3.208104072173177390e-01
4.929292287999999826e+04 3.140759896130589923e-01
4.930643519999999262e+04 3.072509399132717367e-01
4.931994751000000542e+04 2.991818759615092471e-01
4.933345983000000706e+04 2.908315040576464616e-01
4.934697213999999803e+04 2.818789547713045907e-01
4.936048444999999629e+04 2.723944994121259011e-01
4.937399676999999792e+04 2.627655428770906409e-01
4.938750908000000345e+04 2.524553057620581020e-01
4.940102139999999781e+04 2.421575911362135736e-01
4.941453370999999606e+04 2.314184851428114642e-01
4.942804602999999770e+04 2.208679875208505450e-01
4.944155834000000323e+04 2.101489780795494089e-01
4.945507066000000486e+04 1.995730048976787629e-01
4.946858296999999584e+04 1.892217976989958028e-01
4.948209528000000137e+04 1.789100779704547450e-01
4.949560760000001028e+04 1.691149513265272353e-01
4.950911991000000125e+04 1.595255455407081913e-01
4.952263223000000289e+04 1.503162751333364244e-01
4.953614453999999387e+04 1.414983725956164007e-01
4.954965685999999550e+04 1.331262833056706396e-01
4.956316917000000831e+04 1.251535714800930121e-01
4.957668147999999928e+04 1.176563317883515536e-01
4.959019380000000092e+04 1.105522198684710106e-01
4.960370610999999917e+04 1.038670608966760223e-01
4.961721843000000081e+04 9.760644436937636337e-02
4.963073073999999178e+04 9.172359557824856513e-02
4.964424306000000070e+04 8.626498397709862764e-02
4.965775537000000622e+04 8.115669251702957443e-02
4.967126769000000058e+04 7.634323220751876304e-02
4.968477999999999884e+04 7.185555042684250993e-02
4.969829230999999709e+04 6.772374788169194249e-02
4.971180462999999872e+04 6.382376276835827200e-02
4.972531694000000425e+04 6.021954333433053586e-02
4.973882925999999861e+04 5.683254353103887879e-02
4.975234156999999686e+04 5.362613845907364396e-02
4.976585389000000578e+04 5.067478601893794787e-02
4.977936620000000403e+04 4.790285925648118948e-02
4.979287852000000566e+04 4.528610614263209322e-02
4.980639082999999664e+04 4.282874170439184697e-02
4.981990314000000217e+04 4.049744039525061956e-02
4.983341545999998925e+04 3.828953788788454216e-02
4.984692777000000206e+04 3.623162007670994306e-02
4.986044009000000369e+04 3.424971955791133310e-02
4.987395239999999467e+04 3.238085998976926450e-02
4.988746471999999630e+04 3.057005437212692578e-02
4.990097703000000183e+04 2.884246552483005210e-02
4.991448934000000008e+04 2.721287308709327904e-02
4.992800166000000172e+04 2.565461952107951984e-02
4.994151396999999270e+04 2.413781907468649096e-02
4.995502628999999433e+04 2.268278439121098472e-02
4.996853859999999986e+04 2.128845382032917843e-02
4.998205092000000150e+04 1.994613781758729221e-02
4.999556322999999975e+04 1.869014348766324246e-02
5.000907554999999411e+04 1.744438481724169474e-02
5.002258786000000691e+04 1.626620905718253671e-02
5.003610016999999789e+04 1.512848196064216395e-02
5.004961248999999953e+04 1.405931762860773010e-02
5.006312479999999050e+04 1.304805177041512554e-02
5.007663711999999214e+04 1.207405954575807398e-02
5.009014943000000494e+04 1.115062144152150631e-02
5.010366174999999930e+04 1.026998645835764529e-02
5.011717405999999755e+04 9.453604905699341046e-03
5.013068636999999580e+04 8.691261819408348938e-03
5.014419869000000472e+04 7.982811756282915880e-03
5.015771100000000297e+04 7.304660363490181677e-03
5.017122331999999733e+04 6.675011531568803523e-03
5.018473562999999558e+04 6.094579499148896837e-03
5.019824795000000449e+04 5.567974828875220904e-03
5.021176026000000275e+04 5.086802524510306359e-03
5.022527258000000438e+04 4.629681717080747286e-03
5.023878488999999536e+04 4.211598480986537482e-03
5.025229720000000816e+04 3.833780946137925992e-03
5.026580952000000980e+04 3.493394426256119737e-03
5.027932183000000077e+04 3.188906664740483177e-03
5.029283415000000241e+04 2.900348229270339334e-03
5.030634646000000066e+04 2.628793420170573176e-03
5.031985878000000230e+04 2.389879200371303886e-03
5.033337108999999327e+04 2.175357139468704973e-03
5.034688340999999491e+04 1.989095305713244836e-03
5.036039572000000044e+04 1.818664254276658974e-03
5.037390802999999869e+04 1.646795182579693494e-03
5.038742035000000033e+04 1.494019485716035394e-03
5.040093265999999858e+04 1.363301815420063859e-03
5.041444498000000021e+04 1.248031402635913683e-03
5.042795729000000574e+04 1.147020940885374067e-03
5.044146961000000010e+04 1.047227471613040688e-03
5.045498191999999835e+04 9.525731479617377670e-04
5.046849422999999661e+04 8.775502824098792808e-04
5.048200654999999824e+04 8.109081002878185725e-04
5.049551886000000377e+04 7.490896545966376201e-04
5.050903117999999813e+04 6.899018665494354319e-04
5.052254349000000366e+04 6.246274071955926687e-04
5.053605581000000529e+04 5.711314918922116455e-04
5.054956812000000355e+04 5.323032010324324839e-04
5.056308044000000518e+04 4.952591907946668048e-04
5.057659274999999616e+04 4.603488640432383430e-04
5.059010506000000169e+04 4.203265325808138147e-04
5.060361737999998877e+04 3.808286995339741970e-04
5.061712969000000157e+04 3.571623259616874446e-04
5.063064201000000321e+04 3.367076540123479676e-04
5.064415431999999419e+04 3.146209862829391557e-04
5.065766663999999582e+04 2.926919400868092675e-04
5.067117895000000135e+04 2.673885089419520268e-04
5.068469125999999960e+04 2.488145836469221129e-04
5.069820358000000124e+04 2.390418472672757382e-04
5.071171588999999221e+04 2.248709644596426902e-04
5.072522820999999385e+04 2.077179515254024196e-04
5.073874051999999938e+04 1.891582739994251798e-04
5.075225284000000102e+04 1.711686310500024804e-04
5.076576514999999927e+04 1.660356524801374976e-04
5.077927746999999363e+04 1.627975719922144235e-04
5.079278978000000643e+04 1.509038822564652603e-04
5.080630208999999741e+04 1.396772956106505392e-04
5.081981440999999904e+04 1.281895991015531591e-04
5.083332671999999002e+04 1.213298948525631191e-04
5.084683903999999893e+04 1.220782796182615614e-04
5.086035135000000446e+04 1.179276105212974959e-04
5.087386366999999882e+04 1.091799227485472964e-04
5.088737597999999707e+04 1.018914467601602969e-04
5.090088829000000260e+04 9.551241899782538436e-05
5.091440061000000424e+04 9.567019747120470916e-05
5.092791292000000249e+04 9.749985620103525136e-05
5.094142523999999685e+04 8.835671434193416213e-05
5.095493755000000237e+04 7.980008714909448829e-05
5.096844987000001129e+04 7.395105139413610934e-05
5.098196218000000226e+04 6.983100440182440742e-05
5.099547450000000390e+04 6.993400975285189887e-05
5.100898681000000943e+04 0.000000000000000000e+00
5.102249912000002223e+04 0.000000000000000000e+00
