4.346911536999999225e+04 0.000000000000000000e+00
4.348262768999999389e+04 0.000000000000000000e+00
4.349614001000000280e+04 2.010160395962216139e-05
4.350965233000000444e+04 2.057944436503063946e-05
4.352316464000000269e+04 2.098844449248526826e-05
4.353667695000000094e+04 2.130632302910706670e-05
4.355018926999999530e+04 2.196433296669543975e-05
4.356370158000000083e+04 2.197031197715211450e-05
4.357721390000000247e+04 2.222521663196265815e-05
4.359072621000000072e+04 2.438415567851869649e-05
4.360423853000000236e+04 2.655119371311575590e-05
4.361775083999999333e+04 2.715018754536705975e-05
4.363126315000000614e+04 2.810743975616360635e-05
4.364477547000000777e+04 3.078134439793195516e-05
4.365828777999999875e+04 3.415111953853256117e-05
4.367180010000000038e+04 3.734869987727590726e-05
4.368531240999999136e+04 3.956379244307283165e-05
4.369882472999999300e+04 4.095887660135289030e-05
4.371233703999999852e+04 4.280149153744109260e-05
4.372584936000000016e+04 4.732256952129091829e-05
4.373936166999999841e+04 5.283228066253976347e-05
4.375287398000000394e+04 5.883076672141475557e-05
4.376638630000000558e+04 6.254538833021397817e-05
4.377989860999999655e+04 6.591037955422105799e-05
4.379341092999999819e+04 6.971769488553023072e-05
4.380692323999999644e+04 7.464436803466539144e-05
4.382043555999999080e+04 7.939038144503882805e-05
4.383394787000000360e+04 8.348239597265173328e-05
4.384746017999999458e+04 8.737026411287349722e-05
4.386097249999999622e+04 9.184570676966237978e-05
4.387448481000000902e+04 9.840739730883010404e-05
4.388799713000000338e+04 1.049475310382256779e-04
4.390150944000000163e+04 1.107583395630392525e-04
4.391502176000000327e+04 1.138788909134425301e-04
4.392853406999999424e+04 1.185358329173731638e-04
4.394204638999999588e+04 1.252235499830525798e-04
4.395555870000000141e+04 1.347012172262679623e-04
4.396907100999999966e+04 1.439596154240099660e-04
4.398258332999999402e+04 1.541088947022760478e-04
4.399609564000000682e+04 1.654738881096315373e-04
4.400960796000000846e+04 1.788204245493036975e-04
4.402312026999999944e+04 1.903310647555219262e-04
4.403663259000000107e+04 2.010191055856542684e-04
4.405014489999999205e+04 2.112638347040135360e-04
4.406365721999999369e+04 2.234679427774784611e-04
4.407716953000000649e+04 2.364971797441372267e-04
4.409068183999999746e+04 2.504688975984935805e-04
4.410419415999999910e+04 2.655455572511476302e-04
4.411770646999999735e+04 2.823163670483690331e-04
4.413121878999999899e+04 2.997333897949386750e-04
4.414473110000000452e+04 3.180404301652226809e-04
4.415824341999999888e+04 3.391126300774016319e-04
4.417175573000000441e+04 3.643737272428833481e-04
4.418526803999999538e+04 3.922897827256990183e-04
4.419878036000000429e+04 4.221470885295426330e-04
4.421229266999999527e+04 4.528160834609054326e-04
4.422580498999999691e+04 4.847520042536585384e-04
4.423931730000000243e+04 5.178856001196053150e-04
4.425282961999999679e+04 5.515462841691066292e-04
4.426634193000000232e+04 5.881537686762830031e-04
4.427985425000000396e+04 6.280948501112675617e-04
4.429336656000000221e+04 6.718384072402971627e-04
4.430687887000000046e+04 7.186961291283182861e-04
4.432039118999999482e+04 7.696713111919723481e-04
4.433390350000000035e+04 8.250408723573080015e-04
4.434741582000000199e+04 8.852822245153120885e-04
4.436092813000000024e+04 9.501264414964365537e-04
4.437444045000000187e+04 1.020429862705443972e-03
4.438795275999999285e+04 1.097129237805138501e-03
4.440146507000000565e+04 1.180299502819611790e-03
4.441497739000000729e+04 1.269482244405776379e-03
4.442848969999999827e+04 1.365363043968787675e-03
4.444200201999999990e+04 1.469492224354604967e-03
4.445551432999999088e+04 1.581858310536859904e-03
4.446902664999999979e+04 1.703601502956268330e-03
4.448253895999999804e+04 1.835983843607467535e-03
4.449605127999999968e+04 1.982844028773620738e-03
4.450956358999999793e+04 2.142714339538773390e-03
4.452307590000000346e+04 2.316594766998803824e-03
4.453658822000000509e+04 2.506012195221778583e-03
4.455010052999999607e+04 2.714848710053655370e-03
4.456361284999999771e+04 2.944354803658810662e-03
4.457712515999999596e+04 3.197279810361889490e-03
4.459063747999999032e+04 3.475159178410556528e-03
4.460414979000000312e+04 3.780032839882463500e-03
4.461766211000000476e+04 4.115029936740927097e-03
4.463117441999999573e+04 4.486621431200200211e-03
4.464468673000000854e+04 4.895368923507682421e-03
4.465819905000000290e+04 5.345519733413586771e-03
4.467171136000000115e+04 5.844538030790417775e-03
4.468522368000000279e+04 6.400430671728676510e-03
4.469873598999999376e+04 7.017511184904680691e-03
4.471224831000000995e+04 7.704668127626648419e-03
4.472576062000000093e+04 8.469138256276226989e-03
4.473927292999999918e+04 9.318785831581450838e-03
4.475278524999999354e+04 1.026496584453450919e-02
4.476629756000000634e+04 1.133114023881878416e-02
4.477980988000000798e+04 1.252189921331639880e-02
4.479332218999999895e+04 1.385249155586086231e-02
4.480683451000000059e+04 1.534512030428568027e-02
4.482034681999999884e+04 1.702352179321670045e-02
4.483385914000000048e+04 1.890459800151248967e-02
4.484737145000000601e+04 2.102031863764501629e-02
4.486088375999999698e+04 2.341683433332671094e-02
4.487439607999999862e+04 2.611449571642593392e-02
4.488790838999999687e+04 2.915543579662016951e-02
4.490142070999999851e+04 3.260632552225296854e-02
4.491493302000000403e+04 3.650021355760595804e-02
4.492844533999999840e+04 4.089904368486531328e-02
4.494195765000000392e+04 4.589619545597273254e-02
4.495546995999999490e+04 5.154314585317477243e-02
4.496898228000000381e+04 5.792096379090316827e-02
4.498249458999999479e+04 6.513865712461389124e-02
4.499600690999999642e+04 7.327370023154083922e-02
4.500951922000000195e+04 8.242178700422610194e-02
4.502303153999999631e+04 9.269906982760037217e-02
4.503654385000000184e+04 1.041517188639845132e-01
4.505005617000000348e+04 1.168968734775408802e-01
4.506356848000000173e+04 1.310280638896934857e-01
4.507708079000000726e+04 1.463747297259870850e-01
4.509059310999999434e+04 1.631023536350085235e-01
4.510410541999999987e+04 1.812327282388371263e-01
4.511761774000000150e+04 2.002952286483407618e-01
4.513113004999999976e+04 2.203057913461909378e-01
4.514464237000000139e+04 2.412749449472142427e-01
4.515815467999999237e+04 2.625030029426453360e-01
4.517166699000000517e+04 2.836529251202845603e-01
4.518517930999999953e+04 3.049466934503816673e-01
4.519869161999999778e+04 3.256957937634010758e-01
4.521220393999999942e+04 3.452062273853085950e-01
4.522571624999999767e+04 3.641159689583792769e-01
4.523922856999999931e+04 3.819900781098959364e-01
4.525274087999999756e+04 3.977868565867817008e-01
4.526625319999999920e+04 4.126114521868564644e-01
4.527976550999999745e+04 4.263627453272785250e-01
4.529327782000000298e+04 4.377210564309150786e-01
4.530679014000000461e+04 4.480558975481104267e-01
4.532030244999999559e+04 4.573800655306355933e-01
4.533381476999999722e+04 4.647593436212656970e-01
4.534732708000000275e+04 4.711295806277685516e-01
4.536083940000000439e+04 4.766717642036664149e-01
4.537435171000000264e+04 4.808805026784169767e-01
4.538786403000000428e+04 4.843111660655278206e-01
4.540137633999999525e+04 4.872074490615065923e-01
4.541488865000000078e+04 4.892571012765417615e-01
4.542840097000000242e+04 4.908235330398020846e-01
4.544191328000000067e+04 4.921248358070802742e-01
4.545542559999999503e+04 4.929910822911751644e-01
4.546893791000000783e+04 4.935681028786330637e-01
4.548245023000000947e+04 4.940553422313861409e-01
4.549596254000000044e+04 4.943762537084205322e-01
4.550947484999999870e+04 4.945958985260344720e-01
4.552298716999999306e+04 4.948171266371325094e-01
4.553649948000000586e+04 4.949561487363133283e-01
4.555001180000000750e+04 4.951818312940845512e-01
4.556352410999999847e+04 4.953747455871193583e-01
4.557703643000000011e+04 4.955747462370491130e-01
4.559054873999999836e+04 4.958401573278909957e-01
4.560406106000000000e+04 4.960981007216583860e-01
4.561757337000000553e+04 4.963986569449028163e-01
4.563108567999999650e+04 4.967374755049075441e-01
4.564459799999999814e+04 4.970469418112607451e-01
4.565811030999999639e+04 4.973687058978527586e-01
4.567162262999999803e+04 4.977700164050398168e-01
4.568513493999999628e+04 4.981150373794968056e-01
4.569864725999999791e+04 4.984356663914589758e-01
4.571215957000000344e+04 4.987679570415534114e-01
4.572567188000000169e+04 4.990575369807127015e-01
4.573918420000000333e+04 4.993379785833566009e-01
4.575269650999999430e+04 4.995545117000737001e-01
4.576620882999999594e+04 4.997195475158844880e-01
4.577972114000000147e+04 4.998626628609310618e-01
4.579323345999999583e+04 4.999901266171755121e-01
4.580674577000000136e+04 5.000359010383905733e-01
4.582025809000000299e+04 5.000499405169372968e-01
4.583377040000000125e+04 4.999945225058352594e-01
4.584728271000000677e+04 4.999077611899602203e-01
4.586079502999999386e+04 4.998067049062964728e-01
4.587430733999999939e+04 4.995908979513720150e-01
4.588781966000000102e+04 4.993613556172508128e-01
4.590133196999999927e+04 4.991303345106815614e-01
4.591484429000000091e+04 4.988300210533009871e-01
4.592835659999999189e+04 4.984907019411204399e-01
4.594186891000000469e+04 4.981204033798687369e-01
4.595538122999999905e+04 4.977473353958927760e-01
4.596889353999999730e+04 4.973545955069104130e-01
4.598240585999999894e+04 4.969437474394561849e-01
4.599591817000000447e+04 4.964866862227127475e-01
4.600943049000000610e+04 4.960443528700163585e-01
4.602294279999999708e+04 4.956155892310941113e-01
4.603645511999999871e+04 4.951735558920752345e-01
4.604996742999999697e+04 4.947260739446731059e-01
4.606347974000000249e+04 4.942646095797011974e-01
4.607699206000000413e+04 4.938528904797384600e-01
4.609050436999999511e+04 4.934207800233165186e-01
4.610401668999999674e+04 4.929866001144128651e-01
4.611752900000000955e+04 4.925577633976647718e-01
4.613104132000000391e+04 4.921326045320293385e-01
4.614455363000000216e+04 4.917577332872442031e-01
4.615806595000000380e+04 4.913760453974658216e-01
4.617157825999999477e+04 4.909771308933552625e-01
4.618509057000000030e+04 4.906153112558900853e-01
4.619860289000000193e+04 4.902860389981229527e-01
4.621211520000000019e+04 4.899251666793064119e-01
4.622562751999999455e+04 4.895705738138842467e-01
4.623913983000000735e+04 4.892343651987710595e-01
4.625265215000000899e+04 4.888764411659251019e-01
4.626616445999999996e+04 4.885742851925273245e-01
4.627967676999999821e+04 4.882482929127628379e-01
4.629318908999999258e+04 4.878780129796120302e-01
4.630670140000000538e+04 4.875633956111768974e-01
4.632021372000000702e+04 4.872067898820913179e-01
4.633372602999999799e+04 4.868842347687174499e-01
4.634723834999999963e+04 4.865176029494208132e-01
4.636075065999999788e+04 4.861144599720268467e-01
4.637426297999999952e+04 4.857637895238834380e-01
4.638777529000000504e+04 4.854060543890820201e-01
4.640128759999999602e+04 4.849682380445858310e-01
4.641479991999999766e+04 4.845556958957131233e-01
4.642831222999999591e+04 4.841517976742177320e-01
4.644182455000000482e+04 4.836769776257733855e-01
4.645533685999999580e+04 4.832388482237048311e-01
4.646884917999999743e+04 4.827621804708506215e-01
4.648236149000000296e+04 4.822296546550801644e-01
4.649587380000000121e+04 4.817675083248301737e-01
4.650938612000000285e+04 4.812673649301729695e-01
4.652289842999999382e+04 4.806812398335686964e-01
4.653641074999999546e+04 4.801211573459550630e-01
4.654992306000000826e+04 4.795703799440856896e-01
4.656343537999999535e+04 4.789458358003836347e-01
4.657694769000000088e+04 4.783482451742934183e-01
4.659046001000000251e+04 4.776627661009065218e-01
4.660397232000000076e+04 4.770367390128341656e-01
4.661748463000000629e+04 4.764287652486228208e-01
4.663099694999999338e+04 4.757249945602932684e-01
4.664450926000000618e+04 4.750697452316314795e-01
4.665802158000000054e+04 4.743986161677777869e-01
4.667153388999999879e+04 4.736605530804761655e-01
4.668504621000000043e+04 4.730016847137651914e-01
4.669855851999999868e+04 4.722978149732381947e-01
4.671207083000000421e+04 4.715154124432242577e-01
4.672558314999999857e+04 4.708076168942115780e-01
4.673909545999999682e+04 4.701138308822127021e-01
4.675260777999999846e+04 4.693394781668485116e-01
4.676612009000000398e+04 4.686001251348529406e-01
4.677963241000000562e+04 4.678612595467004365e-01
4.679314471999999660e+04 4.670498129740775495e-01
4.680665703999999823e+04 4.663122956277875319e-01
4.682016935000000376e+04 4.654743838935551659e-01
4.683368166000000201e+04 4.646854471164325595e-01
4.684719398000000365e+04 4.639029830823306333e-01
4.686070628999999462e+04 4.630439659813046505e-01
4.687421860999999626e+04 4.622510098675168821e-01
4.688773092000000179e+04 4.614121508947752193e-01
4.690124324000000342e+04 4.604928461729727029e-01
4.691475555000000168e+04 4.596419619165416082e-01
4.692826786999999604e+04 4.587584401146314050e-01
4.694178017999999429e+04 4.577833195402905009e-01
4.695529248999999982e+04 4.568116310848158168e-01
4.696880481000000145e+04 4.558274398998064525e-01
4.698231711999999970e+04 4.547667712054724865e-01
4.699582943999999407e+04 4.536825225767385783e-01
4.700934175000000687e+04 4.525482716313783405e-01
4.702285407000000851e+04 4.512770689452005324e-01
4.703636637999999948e+04 4.499936056805101670e-01
4.704987868999999773e+04 4.486522872707688903e-01
4.706339100999999209e+04 4.471162825791592521e-01
4.707690332000000490e+04 4.455090216379110624e-01
4.709041564000000653e+04 4.437637772508028489e-01
4.710392794999999751e+04 4.418881447841496168e-01
4.711744026999999915e+04 4.398591211966161318e-01
4.713095257999999740e+04 4.376211794648579012e-01
4.714446490000000631e+04 4.351136624124080088e-01
4.715797720999999729e+04 4.324564659790005594e-01
4.717148951999999554e+04 4.294904043335423527e-01
4.718500184000000445e+04 4.261869386127948300e-01
4.719851415000000270e+04 4.226777548547705488e-01
4.721202647000000434e+04 4.186333363923093187e-01
4.722553877999999531e+04 4.142841461167541262e-01
4.723905109999999695e+04 4.096773236969457610e-01
4.725256341000000248e+04 4.042458400369421390e-01
4.726607572000000073e+04 3.985599569208958526e-01
4.727958804000000237e+04 3.923864720934547856e-01
4.729310035000000062e+04 3.854893694043419750e-01
4.730661267000000225e+04 3.783283066161803321e-01
4.732012498000000778e+04 3.703291942887776411e-01
4.733363729999999487e+04 3.618386502457469067e-01
4.734714961000000039e+04 3.530702265886755953e-01
4.736066193000000203e+04 3.432422352524970854e-01
4.737417424000000028e+04 3.331949083124297051e-01
4.738768654999999126e+04 3.226443158128619038e-01
4.740119886999999289e+04 3.114014868191155583e-01
4.741471118000000570e+04 3.000796068087168145e-01
4.742822350000000006e+04 2.881050248335521036e-01
4.744173580999999831e+04 2.758670199700427039e-01
4.745524812999999995e+04 2.636469582082629493e-01
4.746876043999999820e+04 2.508444054994163341e-01
4.748227275999999983e+04 2.382366925585932549e-01
4.749578506999999809e+04 2.255935691078909122e-01
4.750929737999999634e+04 2.128773065910980755e-01
4.752280969999999797e+04 2.005266877559981342e-01
4.753632201000000350e+04 1.881703548830484518e-01
4.754983433000000514e+04 1.761852342027560303e-01
4.756334663999999611e+04 1.646279425687140474e-01
4.757685895999999775e+04 1.532742969425002488e-01
4.759037127000000328e+04 1.425120141291892073e-01
4.760388358000000153e+04 1.321802095984203340e-01
4.761739590000000317e+04 1.223309769795062896e-01
4.763090820999999414e+04 1.130795712870450442e-01
4.764442052999999578e+04 1.042547929617081148e-01
4.765793284000000131e+04 9.603025325798776601e-02
4.767144516000000294e+04 8.834689025144494556e-02
4.768495747000000119e+04 8.115613192538237430e-02
4.769846978999999556e+04 7.450632878063592757e-02
4.771198209999999381e+04 6.832192883279034068e-02
4.772549440999999933e+04 6.261719368947921138e-02
4.773900673000000097e+04 5.736571441797266163e-02
4.775251903999999922e+04 5.251829562077826863e-02
4.776603135999999358e+04 4.807485199977481333e-02
4.777954367000000639e+04 4.399822026397483266e-02
4.779305599000000802e+04 4.026769593192239260e-02
4.780656829999999900e+04 3.685395619083887270e-02
4.782008061000001180e+04 3.373255838639717397e-02
4.783359292999999889e+04 3.088155293720436581e-02
4.784710524000000441e+04 2.827924538193359733e-02
4.786061756000000605e+04 2.591088213598299189e-02
4.787412986999999703e+04 2.374646032209533353e-02
4.788764218999999866e+04 2.177365519657172357e-02
4.790115449999999691e+04 1.997382602100763321e-02
4.791466682000000583e+04 1.832911028352960173e-02
4.792817912999999680e+04 1.683402845395969710e-02
4.794169144000000233e+04 1.546771212029832143e-02
4.795520376000000397e+04 1.422258402625145059e-02
4.796871607000000222e+04 1.308639107765671369e-02
4.798222839000000386e+04 1.204718521169833786e-02
4.799574069999999483e+04 1.110083677526059985e-02
4.800925301999999647e+04 1.023306458852086577e-02
4.802276533000000927e+04 9.440728793554314935e-03
4.803627764000000025e+04 8.715838660644289332e-03
4.804978996000000188e+04 8.049984401335006506e-03
4.806330227000000014e+04 7.440716996962476112e-03
4.807681459000000177e+04 6.879195692178347032e-03
4.809032690000000730e+04 6.363518102152023251e-03
4.810383921999999438e+04 5.892849044303470965e-03
4.811735152999999991e+04 5.460220907837609779e-03
4.813086384999999427e+04 5.067834688824600017e-03
4.814437615999999980e+04 4.705628944643065054e-03
4.815788846999999078e+04 4.372237620559086060e-03
4.817140078999999969e+04 4.065558081594645469e-03
4.818491310000000522e+04 3.781249281987606424e-03
4.819842541999999958e+04 3.518887912872008944e-03
4.821193772999999783e+04 3.276541700754705133e-03
4.822545004999999946e+04 3.052336599212660071e-03
4.823896235999999772e+04 2.847314015953607454e-03
4.825247467999999935e+04 2.657615327885642139e-03
4.826598698999999760e+04 2.482229930386698966e-03
4.827949929999999586e+04 2.319156635710401156e-03
4.829301162000000477e+04 2.167748429185024049e-03
4.830652393000000302e+04 2.029475619973082623e-03
4.832003625000000466e+04 1.901322022267076198e-03
4.833354855999999563e+04 1.782826027230985204e-03
4.834706087999999727e+04 1.671492827472447450e-03
4.836057318999998824e+04 1.566985808377817715e-03
4.837408550000000105e+04 1.470411234594282612e-03
4.838759782000000268e+04 1.380511033367400487e-03
4.840111012999999366e+04 1.298213205332756758e-03
4.841462244999999530e+04 1.221280066290310849e-03
4.842813476000000082e+04 1.149495170607877162e-03
4.844164708000000246e+04 1.083063873514855929e-03
4.845515939000000071e+04 1.020752579094988096e-03
4.846867170999999507e+04 9.625681516750192413e-04
4.848218402000000788e+04 9.081737556699998482e-04
4.849569632999999885e+04 8.572513290293050587e-04
4.850920865000000049e+04 8.097015475247001850e-04
4.852272095999999874e+04 7.649514127204850005e-04
4.853623327999999310e+04 7.218000619898380481e-04
4.854974559000000590e+04 6.815192413887835327e-04
4.856325791000000754e+04 6.441498004650472210e-04
4.857677021999999852e+04 6.096105417000553762e-04
4.859028252999999677e+04 5.772703877671948262e-04
4.860379484999999841e+04 5.445234802025074143e-04
4.861730716000000393e+04 5.140717824297226339e-04
4.863081947999999829e+04 4.860830893979848927e-04
4.864433178999999654e+04 4.623215169672950566e-04
4.865784410999999818e+04 4.411122076342886291e-04
4.867135642000000371e+04 4.202460862024089139e-04
4.868486874000000535e+04 3.999413918230105723e-04
4.869838104999999632e+04 3.796306587475676122e-04
4.871189336000000185e+04 3.612260510504098580e-04
4.872540568000000349e+04 3.443163507956546786e-04
4.873891799000000174e+04 3.284002758703172178e-04
4.875243031000000337e+04 3.133512719302703636e-04
4.876594261999999435e+04 2.992687844019377126e-04
4.877945493999999599e+04 2.861484599422864177e-04
4.879296725000000879e+04 2.738540818926688859e-04
4.880647955999999976e+04 2.610351662901188924e-04
4.881999188000000140e+04 2.486732055194533801e-04
4.883350418999999965e+04 2.374746495635352537e-04
4.884701651000000129e+04 2.276705467182253456e-04
4.886052881999999227e+04 2.193914659855113137e-04
4.887404113999999390e+04 2.105145765665206257e-04
4.888755344999999943e+04 2.016008006429210694e-04
4.890106576999999379e+04 1.915440207457156730e-04
4.891457807999999932e+04 1.823254395986170025e-04
4.892809038999999757e+04 1.742324964872724589e-04
4.894160270999999921e+04 1.670019930319015364e-04
4.895511502000000473e+04 1.605347675834594584e-04
4.896862733999999909e+04 1.541928924978306758e-04
4.898213964999999735e+04 1.479044918924920420e-04
4.899565196999999898e+04 1.411211882796540673e-04
4.900916428000000451e+04 1.345462985392636588e-04
4.902267660000000615e+04 1.282052530411463282e-04
4.903618890999999712e+04 1.226389366984735065e-04
4.904970122000000265e+04 1.175123874874058863e-04
4.906321354000000429e+04 1.113778977104381727e-04
4.907672585000000254e+04 1.053096288398897105e-04
4.909023817000000417e+04 9.887886229314993996e-05
4.910375047999999515e+04 9.382365151088792234e-05
4.911726279999999679e+04 8.968268269452768580e-05
4.913077511000000231e+04 8.701113884860710215e-05
4.914428742000000057e+04 8.478618856461200186e-05
4.915779974000000220e+04 8.305907959023131593e-05
4.917131204999999318e+04 8.128533062963340448e-05
4.918482436999999481e+04 7.942471823093523345e-05
4.919833668000000034e+04 7.715422556642301634e-05
4.921184900000000198e+04 7.476444978772931035e-05
4.922536131000000023e+04 7.369117676846084070e-05
4.923887362999999459e+04 7.300642855835458745e-05
4.925238594000000739e+04 7.329758900984088734e-05
4.926589824999999837e+04 7.292607483599186787e-05
4.927941057000000001e+04 7.181584632221141133e-05
4.929292287999999826e+04 6.993926794866066441e-05
4.930643519999999262e+04 6.791580737544716784e-05
4.931994751000000542e+04 6.573653815018434951e-05
4.933345983000000706e+04 6.331669058770185280e-05
4.934697213999999803e+04 6.029252602288347966e-05
4.936048444999999629e+04 5.738838729768747153e-05
4.937399676999999792e+04 5.458474671251121850e-05
4.938750908000000345e+04 5.214016269390236221e-05
4.940102139999999781e+04 4.983149560620909861e-05
4.941453370999999606e+04 4.750690276064392442e-05
4.942804602999999770e+04 4.567362760896473862e-05
4.944155834000000323e+04 4.448837800622344816e-05
4.945507066000000486e+04 4.363056242562850424e-05
4.946858296999999584e+04 4.299284883588363288e-05
4.948209528000000137e+04 4.199200254939876222e-05
4.949560760000001028e+04 4.098294774316664220e-05
4.950911991000000125e+04 4.009113031690180720e-05
4.952263223000000289e+04 3.920991830325712239e-05
4.953614453999999387e+04 3.831212120932846464e-05
4.954965685999999550e+04 3.779951278895991678e-05
4.956316917000000831e+04 3.757585112397506910e-05
4.957668147999999928e+04 3.754994757806176124e-05
4.959019380000000092e+04 3.738338887320911719e-05
4.960370610999999917e+04 3.491952628389573114e-05
4.961721843000000081e+04 3.198614113876539018e-05
4.963073073999999178e+04 2.894801889361150305e-05
4.964424306000000070e+04 2.750021260534001133e-05
4.965775537000000622e+04 2.702511183067844518e-05
4.967126769000000058e+04 2.610683956003861369e-05
4.968477999999999884e+04 2.523031933849262772e-05
4.969829230999999709e+04 2.441729887736426741e-05
4.971180462999999872e+04 2.419076647148461269e-05
4.972531694000000425e+04 2.525537389081736604e-05
4.973882925999999861e+04 2.572997487944619257e-05
4.975234156999999686e+04 2.556429126066613999e-05
4.976585389000000578e+04 2.405096781690221029e-05
4.977936620000000403e+04 2.237752521306875486e-05
4.979287852000000566e+04 2.079657232743434850e-05
4.980639082999999664e+04 1.960357163664347551e-05
4.981990314000000217e+04 1.809891739826584918e-05
4.983341545999998925e+04 1.708555232757452203e-05
4.984692777000000206e+04 1.676969941049343725e-05
4.986044009000000369e+04 1.761301755365996425e-05
4.987395239999999467e+04 1.894347898064781288e-05
4.988746471999999630e+04 1.914003512869411901e-05
4.990097703000000183e+04 1.964135527560644358e-05
4.991448934000000008e+04 2.012871649569271995e-05
4.992800166000000172e+04 2.114415751046091484e-05
4.994151396999999270e+04 2.266078411693809696e-05
4.995502628999999433e+04 2.305920112665098238e-05
4.996853859999999986e+04 2.237980213783720486e-05
4.998205092000000150e+04 2.035570569635451982e-05
4.999556322999999975e+04 1.866514482737558828e-05
5.000907554999999411e+04 1.659853163264188322e-05
5.002258786000000691e+04 1.658172475897525279e-05
5.003610016999999789e+04 1.650796131982525334e-05
5.004961248999999953e+04 1.655644905234876079e-05
5.006312479999999050e+04 1.675074967481543774e-05
5.007663711999999214e+04 1.724071022040310570e-05
5.009014943000000494e+04 1.799703767090369297e-05
5.010366174999999930e+04 1.808651505376217532e-05
5.011717405999999755e+04 1.819563543190336847e-05
5.013068636999999580e+04 1.790187035693127133e-05
5.014419869000000472e+04 1.809104096094846643e-05
5.015771100000000297e+04 1.872217987808110694e-05
5.017122331999999733e+04 1.950215773347195163e-05
5.018473562999999558e+04 2.029527314130915959e-05
5.019824795000000449e+04 2.098184675918964931e-05
5.021176026000000275e+04 2.166310559851134567e-05
5.022527258000000438e+04 2.116245857474409399e-05
5.023878488999999536e+04 2.010160522034349287e-05
5.025229720000000816e+04 1.798938943514740235e-05
5.026580952000000980e+04 1.759695346427135463e-05
5.027932183000000077e+04 1.701605171765903620e-05
5.029283415000000241e+04 1.666656440090162110e-05
5.030634646000000066e+04 1.589193760256209199e-05
5.031985878000000230e+04 1.473323988748190434e-05
5.033337108999999327e+04 1.523459657072236733e-05
5.034688340999999491e+04 1.594134623912978648e-05
5.036039572000000044e+04 1.654787528077839755e-05
5.037390802999999869e+04 1.634671702410727634e-05
5.038742035000000033e+04 1.633010407925347357e-05
5.040093265999999858e+04 1.665970654805227756e-05
5.041444498000000021e+04 1.705371313392077900e-05
5.042795729000000574e+04 1.753918131435666558e-05
5.044146961000000010e+04 1.736050657864569659e-05
5.045498191999999835e+04 1.676935881911326156e-05
5.046849422999999661e+04 1.606661801541132625e-05
5.048200654999999824e+04 1.540524228965665625e-05
5.049551886000000377e+04 1.487333970054910603e-05
5.050903117999999813e+04 1.455856587281670886e-05
5.052254349000000366e+04 1.446277201690392811e-05
5.053605581000000529e+04 1.441609942977398342e-05
5.054956812000000355e+04 1.429440501047952405e-05
5.056308044000000518e+04 1.377716384505743563e-05
5.057659274999999616e+04 1.281899039760319609e-05
5.059010506000000169e+04 1.209896449340497785e-05
5.060361737999998877e+04 1.151154216855738441e-05
5.061712969000000157e+04 1.133772762125408958e-05
5.063064201000000321e+04 1.213036238059316135e-05
5.064415431999999419e+04 1.241539575337707441e-05
5.065766663999999582e+04 1.284722122433815537e-05
5.067117895000000135e+04 1.204643684218188000e-05
5.068469125999999960e+04 1.070191922013763420e-05
5.069820358000000124e+04 1.054036955634985257e-05
5.071171588999999221e+04 1.132806272907767866e-05
5.072522820999999385e+04 1.172890383303635326e-05
5.073874051999999938e+04 1.094917220893277397e-05
5.075225284000000102e+04 1.065330107596427068e-05
5.076576514999999927e+04 1.015151689049515787e-05
5.077927746999999363e+04 9.686235987384054797e-06
5.079278978000000643e+04 8.743767689025436438e-06
5.080630208999999741e+04 8.045584127353540765e-06
5.081981440999999904e+04 7.820768922992324792e-06
5.083332671999999002e+04 7.657205782743121638e-06
5.084683903999999893e+04 7.608382873463617441e-06
5.086035135000000446e+04 7.499083621238879914e-06
5.087386366999999882e+04 7.311360122917760169e-06
5.088737597999999707e+04 7.432080815403910977e-06
5.090088829000000260e+04 7.740866194428324922e-06
5.091440061000000424e+04 8.168357264812303316e-06
5.092791292000000249e+04 8.681375874257041413e-06
5.094142523999999685e+04 9.057117376654252058e-06
5.095493755000000237e+04 9.451587743015734872e-06
5.096844987000001129e+04 9.789054245389039636e-06
5.098196218000000226e+04 1.001486068013055501e-05
5.099547450000000390e+04 9.812178526680887514e-06
5.100898682000000554e+04 0.000000000000000000e+00
5.102249914000000717e+04 0.000000000000000000e+00
