3.646973653999999806e+04 0.000000000000000000e+00
3.648324885000000359e+04 0.000000000000000000e+00
3.649676116000000184e+04 2.659948287514901242e-05
3.651027347000000009e+04 2.697107114501463656e-05
3.652378579000000173e+04 2.734466671456440374e-05
3.653729809999999998e+04 2.739406332947644446e-05
3.655081042000000161e+04 2.729704470304205580e-05
3.656432272999999986e+04 2.729655363728992747e-05
3.657783504000000539e+04 2.732890466526192595e-05
3.659134735999999975e+04 2.760297326343862662e-05
3.660485966999999800e+04 2.809395557598942021e-05
3.661837198999999964e+04 2.854752046930779174e-05
3.663188429999999789e+04 2.909844732451519940e-05
3.664539661999999953e+04 2.971757788548105543e-05
3.665890892999999778e+04 3.049857905037148294e-05
3.667242124999999942e+04 3.147153231501239267e-05
3.668593355999999767e+04 3.235045271496242160e-05
3.669944586999999592e+04 3.296738984752054896e-05
3.671295818999999756e+04 3.359254990511441119e-05
3.672647050000000309e+04 3.445965109218002479e-05
3.673998281999999745e+04 3.553412318971168232e-05
3.675349513000000297e+04 3.666505909311967517e-05
3.676700745000000461e+04 3.784661253501122799e-05
3.678051976000000286e+04 3.911283085757952867e-05
3.679403208000000450e+04 4.042212360615965038e-05
3.680754438999999547e+04 4.193097222097786410e-05
3.682105670000000100e+04 4.332061554224998204e-05
3.683456902000000264e+04 4.418537226342817722e-05
3.684808133000000089e+04 4.498587967249012781e-05
3.686159365000000253e+04 4.600984047508847164e-05
3.687510596000000078e+04 4.706854811944669872e-05
3.688861827999999514e+04 4.835548230956906708e-05
3.690213059000000067e+04 4.993193739937389671e-05
3.691564289999999892e+04 5.167102089095347768e-05
3.692915522000000055e+04 5.395799829889062749e-05
3.694266752999999881e+04 5.672855234516789753e-05
3.695617985000000044e+04 5.978037340324475317e-05
3.696969215999999869e+04 6.331702018055499837e-05
3.698320448000000033e+04 6.697103712257804859e-05
3.699671678999999858e+04 7.042357534592854642e-05
3.701022911000000022e+04 7.391219986328196397e-05
3.702374141999999847e+04 7.751464601349805682e-05
3.703725373000000400e+04 8.150855057114861487e-05
3.705076605000000563e+04 8.577865362021974737e-05
3.706427836000000389e+04 8.992483833075621570e-05
3.707779067999999825e+04 9.409126970007372030e-05
3.709130298999999650e+04 9.887423134887136401e-05
3.710481530999999814e+04 1.043784966920864089e-04
3.711832761999999639e+04 1.103830751686436112e-04
3.713183993000000191e+04 1.167094814627017078e-04
3.714535225000000355e+04 1.233505294513212078e-04
3.715886456000000180e+04 1.309594237489885259e-04
3.717237688000000344e+04 1.396299167552665090e-04
3.718588918999999441e+04 1.490087770241129740e-04
3.719940150999999605e+04 1.586857790263981210e-04
3.721291382000000158e+04 1.687713016909939785e-04
3.722642613999999594e+04 1.800827528016901268e-04
3.723993845000000147e+04 1.927121295568679676e-04
3.725345075999999972e+04 2.058169708021708258e-04
3.726696308000000136e+04 2.191871799100754718e-04
3.728047538999999961e+04 2.331088321338345404e-04
3.729398771000000124e+04 2.479988346339689052e-04
3.730750001999999949e+04 2.646704740694954096e-04
3.732101234000000113e+04 2.829758715863032190e-04
3.733452464999999938e+04 3.021515015308501220e-04
3.734803695999999763e+04 3.223824669083397544e-04
3.736154927999999927e+04 3.440481656749430671e-04
3.737506158999999752e+04 3.673742466707827681e-04
3.738857390999999916e+04 3.925823597752657211e-04
3.740208621999999741e+04 4.190389571991377641e-04
3.741559853999999905e+04 4.463829285378117400e-04
3.742911085000000458e+04 4.752344394524021451e-04
3.744262316999999894e+04 5.057671999125267024e-04
3.745613547999999719e+04 5.380709102274615222e-04
3.746964778999999544e+04 5.725347581246375888e-04
3.748316010999999708e+04 6.089885740461287514e-04
3.749667242000000260e+04 6.476984639886642671e-04
3.751018473999999696e+04 6.894579938286611673e-04
3.752369705000000249e+04 7.338542274689604811e-04
3.753720937000000413e+04 7.806481827476957711e-04
3.755072168000000238e+04 8.300927514103149853e-04
3.756423400000000402e+04 8.821649217090029096e-04
3.757774631000000227e+04 9.373987190152074933e-04
3.759125862000000052e+04 9.960697021743113513e-04
3.760477093999999488e+04 1.057614149420306330e-03
3.761828325000000041e+04 1.122328456742912066e-03
3.763179557000000204e+04 1.190750393410010700e-03
3.764530788000000030e+04 1.262755395956802890e-03
3.765882020000000193e+04 1.338739924875771052e-03
3.767233251000000018e+04 1.418931159747783156e-03
3.768584481999999844e+04 1.503118838273513440e-03
3.769935714000000007e+04 1.591935434606996276e-03
3.771286944999999832e+04 1.685583110844764403e-03
3.772638176999999996e+04 1.783580765349424349e-03
3.773989407999999821e+04 1.886549696841642284e-03
3.775340639999999985e+04 1.994995163396958565e-03
3.776691870999999810e+04 2.108777682173600208e-03
3.778043102999999974e+04 2.228792765723705202e-03
3.779394333999999799e+04 2.355116578110007328e-03
3.780745565000000352e+04 2.487888433908696465e-03
3.782096797000000515e+04 2.628014025131234031e-03
3.783448027999999613e+04 2.775722735834651456e-03
3.784799259999999776e+04 2.931269920087339019e-03
3.786150490999999602e+04 3.095682122142552790e-03
3.787501722999999765e+04 3.269404907632480952e-03
3.788852953999999590e+04 3.452883581013650727e-03
3.790204185000000143e+04 3.647073655893784405e-03
3.791555417000000307e+04 3.852438886479856665e-03
3.792906648000000132e+04 4.069936081475154441e-03
3.794257880000000296e+04 4.300998157081033398e-03
3.795609111000000121e+04 4.546169245510666562e-03
3.796960343000000285e+04 4.806591042690093463e-03
3.798311574000000110e+04 5.084013488126165430e-03
3.799662805999999546e+04 5.379074526640984476e-03
3.801014037000000098e+04 5.693011930447692409e-03
3.802365267999999924e+04 6.027851063119071470e-03
3.803716500000000087e+04 6.385262913727363793e-03
3.805067731000000640e+04 6.767205049571199671e-03
3.806418963000000076e+04 7.176171735527866330e-03
3.807770193999999901e+04 7.613743790167602429e-03
3.809121426000000065e+04 8.082045011723257288e-03
3.810472656999999890e+04 8.584730617044133288e-03
3.811823889000000054e+04 9.124329511344488053e-03
3.813175119999999879e+04 9.703433324077389080e-03
3.814526350999999704e+04 1.032633086340025395e-02
3.815877582999999868e+04 1.099659063304895407e-02
3.817228813999999693e+04 1.171831201286946400e-02
3.818580045999999857e+04 1.249739166639344222e-02
3.819931277000000409e+04 1.333802230459320975e-02
3.821282508999999845e+04 1.424495155006037794e-02
3.822633740000000398e+04 1.522624443053218792e-02
3.823984970999999496e+04 1.628808519504967162e-02
3.825336202999999659e+04 1.743621757760406218e-02
3.826687434000000212e+04 1.867976423753395926e-02
3.828038665999999648e+04 2.002484237927829383e-02
3.829389897000000201e+04 2.148300610158087459e-02
3.830741129000000365e+04 2.306376498941302422e-02
3.832092360000000190e+04 2.477623298582766476e-02
3.833443592000000353e+04 2.663527543655051094e-02
3.834794823000000179e+04 2.865258868293776157e-02
3.836146054000000004e+04 3.083978156659433409e-02
3.837497285999999440e+04 3.321573356421017587e-02
3.838848516999999993e+04 3.579441495255993033e-02
3.840199749000000156e+04 3.858939870249047943e-02
3.841550979999999981e+04 4.162337243109841961e-02
3.842902212000000145e+04 4.491206232918373842e-02
3.844253442999999970e+04 4.847034803148590060e-02
3.845604673999999795e+04 5.232498541546762305e-02
3.846955905999999959e+04 5.649318195461719427e-02
3.848307136999999784e+04 6.099121827024152342e-02
3.849658368999999948e+04 6.584885161698927902e-02
3.851009599999999773e+04 7.107698851864949208e-02
3.852360831999999937e+04 7.670689656886502117e-02
3.853712063000000489e+04 8.275393534798351769e-02
3.855063294999999925e+04 8.922927384317945465e-02
3.856414525999999751e+04 9.616213497608272487e-02
3.857765757000000303e+04 1.035598203127222894e-01
3.859116988999999739e+04 1.114228538366991705e-01
3.860468220000000292e+04 1.197743638723359066e-01
3.861819452000000456e+04 1.286103506315128819e-01
3.863170682999999553e+04 1.379187296943847063e-01
3.864521914999999717e+04 1.477121492175831885e-01
3.865873145999999542e+04 1.579702389358574877e-01
3.867224377000000095e+04 1.686637736494067952e-01
3.868575609000000259e+04 1.797925112058545993e-01
3.869926840000000084e+04 1.913195798040771001e-01
3.871278072000000247e+04 2.031975400964544376e-01
3.872629303000000073e+04 2.154095000931640913e-01
3.873980535000000236e+04 2.278985489640554807e-01
3.875331766000000061e+04 2.406001879908188923e-01
3.876682998000000225e+04 2.534850393480014841e-01
3.878034229000000050e+04 2.664708799559376007e-01
3.879385459999999875e+04 2.795202315884206534e-01
3.880736692000000039e+04 2.925563146032003070e-01
3.882087922999999864e+04 3.055077505476599953e-01
3.883439155000000028e+04 3.183439183767554637e-01
3.884790385999999853e+04 3.309924588786104516e-01
3.886141618000000017e+04 3.433895068288967956e-01
3.887492848999999842e+04 3.555139051426222663e-01
3.888844081000000006e+04 3.673060990586787256e-01
3.890195311999999831e+04 3.787241714709496110e-01
3.891546543000000383e+04 3.897606071109213088e-01
3.892897774999999820e+04 4.003748448404067517e-01
3.894249005999999645e+04 4.105409351587668842e-01
3.895600237999999808e+04 4.202663635875137915e-01
3.896951469000000361e+04 4.295267280697875334e-01
3.898302700999999797e+04 4.383156941936455775e-01
3.899653932000000350e+04 4.466502963282268368e-01
3.901005162999999447e+04 4.545298154371132382e-01
3.902356395000000339e+04 4.619658598261099369e-01
3.903707626000000164e+04 4.689749388720875212e-01
3.905058857999999600e+04 4.755754812887546534e-01
3.906410089000000153e+04 4.817733834284049776e-01
3.907761320999999589e+04 4.875998207740296353e-01
3.909112552000000142e+04 4.930831039222337564e-01
3.910463784000000305e+04 4.982182480716830786e-01
3.911815015000000130e+04 5.030363869349988581e-01
3.913166245999999956e+04 5.075678077959111523e-01
3.914517478000000119e+04 5.117963096509630105e-01
3.915868708999999944e+04 5.157547671651265819e-01
3.917219941000000108e+04 5.194783652413292874e-01
3.918571171999999933e+04 5.229415666749248626e-01
3.919922404000000097e+04 5.261761088154239818e-01
3.921273634999999922e+04 5.292218720899873885e-01
3.922624865999999747e+04 5.320409548744112760e-01
3.923976097999999911e+04 5.346667307407214631e-01
3.925327329000000464e+04 5.371453909825314454e-01
3.926678560999999900e+04 5.394280564298847835e-01
3.928029791999999725e+04 5.415775624133387645e-01
3.929381023999999888e+04 5.435499609161613677e-01
3.930732254999999714e+04 5.453773764387619405e-01
3.932083486999999877e+04 5.470995543295684715e-01
3.933434717999999702e+04 5.486631770963710242e-01
3.934785949000000255e+04 5.501078574242672659e-01
3.936137180999999691e+04 5.514723240464016740e-01
3.937488412000000244e+04 5.526950086244293292e-01
3.938839644000000408e+04 5.538224341971622611e-01
3.940190875000000233e+04 5.548928263267327576e-01
3.941542107000000397e+04 5.558394636124743826e-01
3.942893337999999494e+04 5.567103436030593766e-01
3.944244569000000047e+04 5.575455961706669017e-01
3.945595801000000210e+04 5.582702466842459632e-01
3.946947032000000036e+04 5.589343134155693171e-01
3.948298264000000199e+04 5.595828399880042880e-01
3.949649495000000024e+04 5.601323220193026309e-01
3.951000727000000188e+04 5.606820515317685327e-01
3.952351958000000741e+04 5.611448985278773005e-01
3.953703190000000177e+04 5.615638233766113707e-01
3.955054421000000002e+04 5.619977873009260882e-01
3.956405651999999827e+04 5.623570974591469707e-01
3.957756883999999991e+04 5.626868844110740620e-01
3.959108114999999816e+04 5.630418870151864263e-01
3.960459346999999980e+04 5.633324197059516036e-01
3.961810577999999805e+04 5.636011649599435014e-01
3.963161809999999969e+04 5.638977698676863604e-01
3.964513040999999794e+04 5.641384096836952189e-01
3.965864272999999957e+04 5.643639609172366178e-01
3.967215503999999783e+04 5.646222740519357686e-01
3.968566735000000335e+04 5.648299548169748441e-01
3.969917966999999771e+04 5.650274775513839387e-01
3.971269197999999597e+04 5.652618161635156735e-01
3.972620429999999760e+04 5.654484422726759885e-01
3.973971661000000313e+04 5.656339569205923734e-01
3.975322892999999749e+04 5.658590508332944635e-01
3.976674124000000302e+04 5.660379511606852265e-01
3.978025355000000127e+04 5.662636126525568692e-01
3.979376587000000291e+04 5.664368079208348394e-01
3.980727817999999388e+04 5.666081871864077080e-01
3.982079049999999552e+04 5.668238953496924637e-01
3.983430281000000105e+04 5.669911468775201691e-01
3.984781512999999541e+04 5.671550800643704315e-01
3.986132744000000093e+04 5.673629350839224372e-01
3.987483976000000257e+04 5.675266303858985673e-01
3.988835207000000082e+04 5.676843485709367476e-01
3.990186438000000635e+04 5.678872123284340878e-01
3.991537670000000071e+04 5.680483612936563231e-01
3.992888900999999896e+04 5.682050373135052457e-01
3.994240133000000060e+04 5.684045024180524042e-01
3.995591363999999885e+04 5.685636634183555138e-01
3.996942596000000049e+04 5.687190193636149083e-01
3.998293826999999874e+04 5.689112291254753151e-01
3.999645057999999699e+04 5.690651141070607322e-01
4.000996289999999863e+04 5.692142419310086687e-01
4.002347520999999688e+04 5.693637595296737741e-01
4.003698752999999851e+04 5.694939090951032234e-01
4.005049984000000404e+04 5.696453083687297303e-01
4.006401216000000568e+04 5.697713711891337907e-01
4.007752446999999665e+04 5.698988218419109852e-01
4.009103678999999829e+04 5.700520810166793684e-01
4.010454909999999654e+04 5.701790308361275317e-01
4.011806141000000207e+04 5.703058301882312220e-01
4.013157373000000371e+04 5.704606841359946001e-01
4.014508604000000196e+04 5.705884371585414616e-01
4.015859835999999632e+04 5.707141559969253208e-01
4.017211067000000185e+04 5.708646658146552255e-01
4.018562299000000348e+04 5.709902568542745138e-01
4.019913530000000173e+04 5.711109895052191021e-01
4.021264760999999999e+04 5.712591921807064210e-01
4.022615992999999435e+04 5.713868529937045082e-01
4.023967223999999987e+04 5.715107729458805963e-01
4.025318456000000151e+04 5.716635949742258083e-01
4.026669686999999976e+04 5.717933520825317917e-01
4.028020919000000140e+04 5.719499245923349573e-01
4.029372150000000693e+04 5.720773079813896711e-01
4.030723381999999401e+04 5.722086815769447110e-01
4.032074612999999954e+04 5.723691972671948180e-01
4.033425843999999779e+04 5.724945924648034978e-01
4.034777075999999943e+04 5.726222537726753936e-01
4.036128307000000495e+04 5.727820376934253943e-01
4.037479538999999204e+04 5.729071572859292250e-01
4.038830769999999757e+04 5.730318811569565796e-01
4.040182001999999920e+04 5.731966849672933684e-01
4.041533232999999746e+04 5.733244428217885158e-01
4.042884464999999909e+04 5.734501303326278165e-01
4.044235696000000462e+04 5.736187407821411455e-01
4.045586926999999559e+04 5.737479118119801491e-01
4.046938158999999723e+04 5.738732040107809018e-01
4.048289389999999548e+04 5.740391759189517051e-01
4.049640622000000440e+04 5.741644062096413759e-01
4.050991853000000265e+04 5.742816645496008343e-01
4.052343085000000428e+04 5.744421589478836410e-01
4.053694315999999526e+04 5.745586252853236431e-01
4.055045547000000079e+04 5.747196131049276957e-01
4.056396779000000242e+04 5.748295237584120088e-01
4.057748010000000068e+04 5.749404023236655004e-01
4.059099241999999504e+04 5.751050737415586145e-01
4.060450472999999329e+04 5.752109776143978781e-01
4.061801704999999492e+04 5.753179291114802751e-01
4.063152936000000045e+04 5.754813832996077405e-01
4.064504168000000209e+04 5.755825570725257023e-01
4.065855399000000034e+04 5.756780247959860652e-01
4.067206630000000587e+04 5.758334518336567509e-01
4.068557862000000750e+04 5.759240663289992845e-01
4.069909093000000576e+04 5.760054997696446577e-01
4.071260325000000012e+04 5.761524571697924646e-01
4.072611555999999837e+04 5.762319173814456352e-01
4.073962788000000000e+04 5.763066890171699708e-01
4.075314019000000553e+04 5.764490767048052744e-01
4.076665249999999651e+04 5.765254665099432962e-01
4.078016481999999814e+04 5.766704929585764194e-01
4.079367712999999640e+04 5.767390890096657508e-01
4.080718944999999803e+04 5.768098788358437812e-01
4.082070176000000356e+04 5.769558567924690795e-01
4.083421408000000520e+04 5.770195448008853534e-01
4.084772638999999617e+04 5.770801916108734275e-01
4.086123870999999781e+04 5.772218612478394739e-01
4.087475102000000334e+04 5.772793871355941242e-01
4.088826333000000159e+04 5.773357768767559683e-01
4.090177565000000322e+04 5.774770788904416419e-01
4.091528796000000148e+04 5.775367378390622308e-01
4.092880027999999584e+04 5.775932600140825102e-01
4.094231259000000136e+04 5.777379423690403026e-01
4.095582491000000300e+04 5.778020266168851782e-01
4.096933722000000125e+04 5.778625165801571928e-01
4.098284952999999950e+04 5.780119138600465778e-01
4.099636185000000842e+04 5.780757207322980706e-01
4.100987415999999939e+04 5.781392045733314555e-01
4.102338648000000103e+04 5.782885664186495633e-01
4.103689878999999200e+04 5.783502122470527418e-01
4.105041110999999364e+04 5.785052706969150416e-01
4.106392342000000644e+04 5.785658781227025482e-01
4.107743573999999353e+04 5.786272368507514585e-01
4.109094804999999906e+04 5.787873939219367880e-01
4.110446035999999731e+04 5.788552181272956787e-01
4.111797267999999895e+04 5.789215679015988769e-01
4.113148499000000447e+04 5.790882914320633068e-01
4.114499730999999883e+04 5.791611261340952055e-01
4.115850962000000436e+04 5.792311688380440415e-01
4.117202194000000600e+04 5.793935523428317413e-01
4.118553424999999697e+04 5.794637178166786029e-01
4.119904656999999861e+04 5.795291875360085720e-01
4.121255887999999686e+04 5.796853787958711202e-01
4.122607119000000239e+04 5.797464416281483679e-01
4.123958351000000403e+04 5.798075338890212871e-01
4.125309582000000228e+04 5.799586833093022253e-01
4.126660814000000391e+04 5.800146746439643897e-01
4.128012045000000217e+04 5.801683835559607871e-01
4.129363277000000380e+04 5.802252885916348024e-01
4.130714507999999478e+04 5.802795910538032231e-01
4.132065739000000031e+04 5.804248542769558927e-01
4.133416971000000194e+04 5.804769285012605362e-01
4.134768202000000019e+04 5.805206388004569007e-01
4.136119434000000183e+04 5.806509192604879521e-01
4.137470664999999281e+04 5.806884089744961397e-01
4.138821896999999444e+04 5.807203464987764630e-01
4.140173128000000725e+04 5.808307588776587815e-01
4.141524360000000161e+04 5.808517211851016437e-01
4.142875590999999986e+04 5.808705178922273227e-01
4.144226821999999083e+04 5.809672919890688236e-01
4.145578053999999247e+04 5.809775765894655830e-01
4.146929285000000527e+04 5.809882931377330362e-01
4.148280516999999963e+04 5.810751411980563663e-01
4.149631747999999789e+04 5.810727837696253451e-01
4.150982979999999952e+04 5.810691672844576772e-01
4.152334211000000505e+04 5.811381456394206779e-01
4.153685441999999603e+04 5.811240222745581718e-01
4.155036673999999766e+04 5.811761055345354698e-01
4.156387904999999591e+04 5.811527040213130268e-01
4.157739136999999027e+04 5.811224355844711864e-01
4.159090368000000308e+04 5.811541875331067697e-01
4.160441600000000471e+04 5.811140710759417072e-01
4.161792830999999569e+04 5.810739807605758145e-01
4.163144062999999733e+04 5.810917690037877836e-01
4.164495294000000285e+04 5.810410692358201068e-01
4.165846525000000111e+04 5.809910192247633720e-01
4.167197757000000274e+04 5.809969462945053786e-01
4.168548987999999372e+04 5.809332638928035308e-01
4.169900220000000263e+04 5.808676927009344126e-01
4.171251451000000088e+04 5.808509712367248001e-01
4.172602683000000252e+04 5.807788049294080324e-01
4.173953914000000077e+04 5.807027952167904683e-01
4.175305145999999513e+04 5.806685645000531082e-01
4.176656377000000793e+04 5.805887788296608676e-01
4.178007607999999891e+04 5.805433158356001488e-01
4.179358840000000055e+04 5.804579019688911323e-01
4.180710070999999880e+04 5.803744330276268126e-01
4.182061303000000044e+04 5.803249980920177631e-01
4.183412534000000596e+04 5.802373176767608998e-01
4.184763765999999305e+04 5.801525691713328436e-01
4.186114996999999858e+04 5.800983597001228009e-01
4.187466227999999683e+04 5.800117282005623487e-01
4.188817459999999846e+04 5.799227746444819420e-01
4.190168691000000399e+04 5.798601594416485927e-01
4.191519922999999835e+04 5.797711461426164892e-01
4.192871154000000388e+04 5.796793502634294271e-01
4.194222386000000552e+04 5.796088046099584501e-01
4.195573616999999649e+04 5.795210456908279628e-01
4.196924849000000540e+04 5.794331140397246394e-01
4.198276079999999638e+04 5.793611155105256039e-01
4.199627311000000191e+04 5.792796761251852722e-01
4.200978542999999627e+04 5.792024940554039159e-01
4.202329774000000180e+04 5.791378105261080211e-01
4.203681006000000343e+04 5.790634163540091528e-01
4.205032237000000168e+04 5.790023965992774357e-01
4.206383469000000332e+04 5.789327976599198955e-01
4.207734699999999430e+04 5.788638876817172596e-01
4.209085930999999982e+04 5.788023762933636185e-01
4.210437163000000146e+04 5.787389472519104405e-01
4.211788393999999971e+04 5.786739115069849948e-01
4.213139626000000135e+04 5.786114461051935498e-01
4.214490856999999232e+04 5.785503956151516469e-01
4.215842088999999396e+04 5.784926245137174128e-01
4.217193320000000676e+04 5.784332558464584384e-01
4.218544552000000112e+04 5.783768943809841634e-01
4.219895782999999938e+04 5.783246838898070674e-01
4.221247013999999035e+04 5.782720761921007480e-01
4.222598245999999199e+04 5.782217199496875182e-01
4.223949476999999752e+04 5.781746300110752745e-01
4.225300708999999915e+04 5.781245401873706946e-01
4.226651939999999740e+04 5.780756394573380863e-01
4.228003171999999176e+04 5.780178697109358277e-01
4.229354403000000457e+04 5.779651902561087073e-01
4.230705633999999554e+04 5.779094384564145148e-01
4.232056865999999718e+04 5.778409177415577691e-01
4.233408097000000998e+04 5.777739402882042796e-01
4.234759329000000434e+04 5.777073923203954742e-01
4.236110560000000260e+04 5.776341961846845896e-01
4.237461792000000423e+04 5.775686997362107222e-01
4.238813022999999521e+04 5.775100742313172830e-01
4.240164254999999685e+04 5.774530978533045644e-01
4.241515486000000237e+04 5.774065055184507411e-01
4.242866717000000062e+04 5.773641483134593910e-01
4.244217949000000226e+04 5.773233572288747339e-01
4.245569180000000051e+04 5.772914809105977874e-01
4.246920412000000942e+04 5.772578986465046746e-01
4.248271643000000040e+04 5.772187475485268671e-01
4.249622875000000204e+04 5.771846110519430750e-01
4.250974105999999301e+04 5.771469336652167437e-01
4.252325337999999465e+04 5.771017421142308201e-01
4.253676569000000745e+04 5.770598396887993697e-01
4.255027799999999843e+04 5.770175334668068423e-01
4.256379032000000007e+04 5.769766037330547048e-01
4.257730262999999832e+04 5.769351864203076108e-01
4.259081494999999995e+04 5.768949948265960082e-01
4.260432726000000548e+04 5.768562432166106646e-01
4.261783957999999984e+04 5.768152050494750327e-01
4.263135188999999809e+04 5.767751780730157041e-01
4.264486419999999634e+04 5.767334901618954568e-01
4.265837651999999798e+04 5.766884377640342230e-01
4.267188883000000351e+04 5.766413793427969114e-01
4.268540114999999787e+04 5.765862743955469938e-01
4.269891346000000340e+04 5.765284813872053604e-01
4.271242578000000503e+04 5.764728268874957928e-01
4.272593808999999601e+04 5.764058034316710266e-01
4.273945041000000492e+04 5.763371912713243228e-01
4.275296271999999590e+04 5.762777191152215206e-01
4.276647503000000142e+04 5.762070523255138355e-01
4.277998734999999579e+04 5.761349568088220963e-01
4.279349966000000131e+04 5.760765653709006839e-01
4.280701198000000295e+04 5.760077562205458968e-01
4.282052429000000120e+04 5.759499471331110954e-01
4.283403661000000284e+04 5.758754721458940740e-01
4.284754891999999381e+04 5.757987702558633458e-01
4.286106122999999934e+04 5.757347641280381456e-01
4.287457355000000098e+04 5.756486740065653862e-01
4.288808585999999923e+04 5.755591710295973051e-01
4.290159818000000087e+04 5.754874622634869041e-01
4.291511048999999184e+04 5.753942006394243691e-01
4.292862280999999348e+04 5.752980282429582815e-01
4.294213512000000628e+04 5.752232400971947213e-01
4.295564744000000064e+04 5.751277684410918134e-01
4.296915974999999889e+04 5.750311932782922186e-01
4.298267206000000442e+04 5.749573085255703653e-01
4.299618438000000606e+04 5.748600411195035065e-01
4.300969668999999703e+04 5.747618950597730425e-01
4.302320900999999867e+04 5.746864940693972024e-01
4.303672131999999692e+04 5.745825344395099066e-01
4.305023363999999128e+04 5.745055559912743970e-01
4.306374595000000409e+04 5.744001725349647813e-01
4.307725825999999506e+04 5.742919715032901440e-01
4.309077057999999670e+04 5.742110889090059622e-01
4.310428289000000950e+04 5.741020504466669561e-01
4.311779521000000386e+04 5.739924281623047797e-01
4.313130752000000211e+04 5.739117278637749786e-01
4.314481984000000375e+04 5.738005101058384350e-01
4.315833214999999473e+04 5.736899678836083760e-01
4.317184446999999636e+04 5.736098843857784235e-01
4.318535678000000189e+04 5.734964558808908208e-01
4.319886909000000014e+04 5.733822430269002179e-01
4.321238141000000178e+04 5.732999929332123212e-01
4.322589372000000731e+04 5.731834502437030965e-01
4.323940604000000894e+04 5.730639258024966542e-01
4.325291834999999992e+04 5.729756437479034403e-01
4.326643067000000156e+04 5.728536001836503910e-01
4.327994297999999253e+04 5.727292856439425428e-01
4.329345529999999417e+04 5.726355105283502667e-01
4.330696761000000697e+04 5.725091377343916044e-01
4.332047991999999795e+04 5.724148525547654298e-01
4.333399223999999958e+04 5.722865368764447069e-01
4.334750454999999783e+04 5.721566351549343121e-01
4.336101686999999947e+04 5.720595427037773462e-01
4.337452918000000500e+04 5.719295703275761866e-01
4.338804149999999936e+04 5.717981888839591686e-01
4.340155380999999761e+04 5.716955725939483202e-01
4.341506611999999586e+04 5.715603541226184081e-01
4.342857843999999750e+04 5.714212186945690775e-01
4.344209075000000303e+04 5.713081528373840090e-01
4.345560306999999739e+04 5.711601203513567704e-01
4.346911538000000292e+04 5.710098923837080287e-01
4.348262769999999728e+04 5.708840148276905779e-01
4.349614001000000280e+04 5.707126842399363742e-01
4.350965233000000444e+04 5.705373128512332137e-01
4.352316464000000269e+04 5.703743947683098670e-01
4.353667695000000094e+04 5.701927061613929482e-01
4.355018926999999530e+04 5.700198609661522031e-01
4.356370158000000083e+04 5.698288242304093698e-01
4.357721390000000247e+04 5.696338400351395048e-01
4.359072621000000072e+04 5.694430735103003238e-01
4.360423853000000236e+04 5.692341733795835967e-01
4.361775083999999333e+04 5.690181679793713254e-01
4.363126315000000614e+04 5.688042199520414455e-01
4.364477547000000777e+04 5.685738027840574471e-01
4.365828777999999875e+04 5.683361521944179096e-01
4.367180010000000038e+04 5.680985838597301107e-01
4.368531240999999136e+04 5.678482171999055250e-01
4.369882472999999300e+04 5.675920546120423182e-01
4.371233703999999852e+04 5.673335658937233017e-01
4.372584936000000016e+04 5.670666230856882262e-01
4.373936166999999841e+04 5.667942914833488111e-01
4.375287398000000394e+04 5.665184476859248530e-01
4.376638630000000558e+04 5.662352148254549133e-01
4.377989860999999655e+04 5.659489770013085286e-01
4.379341092999999819e+04 5.656566224617598504e-01
4.380692323999999644e+04 5.653614535633746385e-01
4.382043555999999080e+04 5.650574026613475187e-01
4.383394787000000360e+04 5.647534397307210075e-01
4.384746017999999458e+04 5.644460778588571426e-01
4.386097249999999622e+04 5.641314564513154606e-01
4.387448481000000902e+04 5.638196092356296818e-01
4.388799713000000338e+04 5.635076456221184138e-01
4.390150944000000163e+04 5.631865999878391538e-01
4.391502176000000327e+04 5.628741982001048694e-01
4.392853406999999424e+04 5.625627770330101640e-01
4.394204638999999588e+04 5.622433649332339023e-01
4.395555870000000141e+04 5.619364136142019905e-01
4.396907100999999966e+04 5.616315898933907924e-01
4.398258332999999402e+04 5.613924431935560788e-01
4.399609564000000682e+04 5.611297744077257121e-01
4.400960796000000846e+04 5.608703675040374037e-01
4.402312026999999944e+04 5.606369737995653413e-01
4.403663259000000107e+04 5.603839455181336415e-01
4.405014489999999205e+04 5.601561830293908528e-01
4.406365721999999369e+04 5.599114494027999100e-01
4.407716953000000649e+04 5.596713464154565720e-01
4.409068183999999746e+04 5.594594713908727091e-01
4.410419415999999910e+04 5.592323786189083989e-01
4.411770646999999735e+04 5.590134765216131507e-01
4.413121878999999899e+04 5.588201776110004459e-01
4.414473110000000452e+04 5.586147051773402428e-01
4.415824341999999888e+04 5.584147841439728310e-01
4.417175573000000441e+04 5.582399005431244454e-01
4.418526803999999538e+04 5.580512020822534502e-01
4.419878036000000429e+04 5.578669354790214419e-01
4.421229266999999527e+04 5.577054239930184787e-01
4.422580498999999691e+04 5.575300672265958157e-01
4.423931730000000243e+04 5.573600929122730641e-01
4.425282961999999679e+04 5.572114857642791463e-01
4.426634193000000232e+04 5.570514434046726082e-01
4.427985425000000396e+04 5.568943723011323677e-01
4.429336656000000221e+04 5.567606470640322769e-01
4.430687887000000046e+04 5.566125290796437586e-01
4.432039118999999482e+04 5.564875049008741748e-01
4.433390350000000035e+04 5.563473437616024420e-01
4.434741582000000199e+04 5.562121902708621057e-01
4.436092813000000024e+04 5.560988095787068319e-01
4.437444045000000187e+04 5.559700662342418331e-01
4.438795275999999285e+04 5.558439160553406699e-01
4.440146507000000565e+04 5.557403350034281209e-01
4.441497739000000729e+04 5.556203441006352106e-01
4.442848969999999827e+04 5.555014388448873408e-01
4.444200201999999990e+04 5.554062748621459988e-01
4.445551432999999088e+04 5.552718060030215064e-01
4.446902664999999979e+04 5.551395168001094227e-01
4.448253895999999804e+04 5.550102932802929434e-01
4.449605127999999968e+04 5.548783758144557599e-01
4.450956358999999793e+04 5.547457356970486586e-01
4.452307590000000346e+04 5.546209076233333812e-01
4.453658822000000509e+04 5.544877984285125905e-01
4.455010052999999607e+04 5.543623211414236973e-01
4.456361284999999771e+04 5.542278841678740520e-01
4.457712515999999596e+04 5.540928544675861600e-01
4.459063747999999032e+04 5.539679292277267519e-01
4.460414979000000312e+04 5.538300984250719150e-01
4.461766211000000476e+04 5.536926887577544587e-01
4.463117441999999573e+04 5.535679350686035782e-01
4.464468673000000854e+04 5.534296506736102739e-01
4.465819905000000290e+04 5.532874108662813040e-01
4.467171136000000115e+04 5.531615172891930499e-01
4.468522368000000279e+04 5.530159046876014228e-01
4.469873598999999376e+04 5.528687626827357704e-01
4.471224831000000995e+04 5.527377309431751318e-01
4.472576062000000093e+04 5.525847759125130931e-01
4.473927292999999918e+04 5.524292172974851756e-01
4.475278524999999354e+04 5.522941092343672809e-01
4.476629756000000634e+04 5.521323944251523841e-01
4.477980988000000798e+04 5.519659544536579254e-01
4.479332218999999895e+04 5.518251259317685786e-01
4.480683451000000059e+04 5.516527809369827784e-01
4.482034681999999884e+04 5.515070976928615476e-01
4.483385914000000048e+04 5.513262310274404943e-01
4.484737145000000601e+04 5.511430751960237906e-01
4.486088375999999698e+04 5.509879567052898830e-01
4.487439607999999862e+04 5.507964545130732414e-01
4.488790838999999687e+04 5.506012967668810765e-01
4.490142070999999851e+04 5.504402509744479310e-01
4.491493302000000403e+04 5.502401891055629379e-01
4.492844533999999840e+04 5.500342978868685284e-01
4.494195765000000392e+04 5.498653145589496027e-01
4.495546995999999490e+04 5.496425208881107194e-01
4.496898228000000381e+04 5.494174806067376737e-01
4.498249458999999479e+04 5.492206194146385112e-01
4.499600690999999642e+04 5.489851989421874467e-01
4.500951922000000195e+04 5.487448593449929524e-01
4.502303153999999631e+04 5.485395622674120730e-01
4.503654385000000184e+04 5.482902591464470232e-01
4.505005617000000348e+04 5.480743761529076608e-01
4.506356848000000173e+04 5.478148357902133947e-01
4.507708079000000726e+04 5.475495448858771486e-01
4.509059310999999434e+04 5.473231546821877291e-01
4.510410541999999987e+04 5.470458092029968356e-01
4.511761774000000150e+04 5.467647659645232805e-01
4.513113004999999976e+04 5.465239013599043627e-01
4.514464237000000139e+04 5.462346620544573650e-01
4.515815467999999237e+04 5.459392991067857359e-01
4.517166699000000517e+04 5.456870231585901898e-01
4.518517930999999953e+04 5.453844755213759221e-01
4.519869161999999778e+04 5.450766218184661671e-01
4.521220393999999942e+04 5.448134306589050846e-01
4.522571624999999767e+04 5.444937328642419638e-01
4.523922856999999931e+04 5.441719045564137325e-01
4.525274087999999756e+04 5.438947733965207032e-01
4.526625319999999920e+04 5.435620153399838284e-01
4.527976550999999745e+04 5.432228883006630094e-01
4.529327782000000298e+04 5.429329999781709049e-01
4.530679014000000461e+04 5.425887928933164073e-01
4.532030244999999559e+04 5.422929417957074172e-01
4.533381476999999722e+04 5.419423408876598014e-01
4.534732708000000275e+04 5.415886258850490798e-01
4.536083940000000439e+04 5.412897346024494460e-01
4.537435171000000264e+04 5.409340599130922911e-01
4.538786403000000428e+04 5.405763678650659099e-01
4.540137633999999525e+04 5.402688751058771777e-01
4.541488865000000078e+04 5.399084950670824945e-01
4.542840097000000242e+04 5.395464419594631078e-01
4.544191328000000067e+04 5.392319226421089517e-01
4.545542559999999503e+04 5.388628686091979647e-01
4.546893791000000783e+04 5.384896697383951825e-01
4.548245023000000947e+04 5.381670949578293284e-01
4.549596254000000044e+04 5.377925468005592124e-01
4.550947484999999870e+04 5.374187016888980484e-01
4.552298716999999306e+04 5.370929381775333411e-01
4.553649948000000586e+04 5.367208680075656879e-01
4.555001180000000750e+04 5.363956629357187200e-01
4.556352410999999847e+04 5.360234960793726078e-01
4.557703643000000011e+04 5.356551705095859983e-01
4.559054873999999836e+04 5.353318195361043141e-01
4.560406106000000000e+04 5.349659398557918832e-01
4.561757337000000553e+04 5.345978291779638347e-01
4.563108567999999650e+04 5.342736897838975541e-01
4.564459799999999814e+04 5.339106717755920384e-01
4.565811030999999639e+04 5.335492469159579532e-01
4.567162262999999803e+04 5.332269578035666591e-01
4.568513493999999628e+04 5.328657065588582320e-01
4.569864725999999791e+04 5.325098878656011614e-01
4.571215957000000344e+04 5.321893169219524822e-01
4.572567188000000169e+04 5.318351938562739800e-01
4.573918420000000333e+04 5.314793041078761382e-01
4.575269650999999430e+04 5.311569658961272644e-01
4.576620882999999594e+04 5.308062052959034993e-01
4.577972114000000147e+04 5.304549600677164189e-01
4.579323345999999583e+04 5.301306816734632221e-01
4.580674577000000136e+04 5.297780076315148357e-01
4.582025809000000299e+04 5.294521269243054329e-01
4.583377040000000125e+04 5.291006939879505655e-01
4.584728271000000677e+04 5.287486021853824436e-01
4.586079502999999386e+04 5.284125927703475778e-01
4.587430733999999939e+04 5.280568223893831181e-01
4.588781966000000102e+04 5.277004225766067647e-01
4.590133196999999927e+04 5.273514114045290135e-01
4.591484429000000091e+04 5.269875799206940048e-01
4.592835659999999189e+04 5.266219747587406186e-01
4.594186891000000469e+04 5.262657163763746482e-01
4.595538122999999905e+04 5.258961620306492613e-01
4.596889353999999730e+04 5.255225802889208486e-01
4.598240585999999894e+04 5.251500953021757123e-01
4.599591817000000447e+04 5.247727906470222026e-01
4.600943049000000610e+04 5.243949064758123280e-01
4.602294279999999708e+04 5.240066180717359856e-01
4.603645511999999871e+04 5.236175023363439651e-01
4.604996742999999697e+04 5.232242480037980759e-01
4.606347974000000249e+04 5.228183267611330454e-01
4.607699206000000413e+04 5.224125679644329168e-01
4.609050436999999511e+04 5.219850511164449980e-01
4.610401668999999674e+04 5.215658529658567799e-01
4.611752900000000955e+04 5.211401252314132870e-01
4.613104132000000391e+04 5.206890235069455697e-01
4.614455363000000216e+04 5.202457230458136239e-01
4.615806595000000380e+04 5.197973824766739526e-01
4.617157825999999477e+04 5.193213855759579722e-01
4.618509057000000030e+04 5.188641847507985405e-01
4.619860289000000193e+04 5.184011612530274871e-01
4.621211520000000019e+04 5.178997435257933768e-01
4.622562751999999455e+04 5.174242482067158422e-01
4.623913983000000735e+04 5.169424695639203149e-01
4.625265215000000899e+04 5.164180265967015515e-01
4.626616445999999996e+04 5.159205259670425203e-01
4.627967676999999821e+04 5.154170252207709302e-01
4.629318908999999258e+04 5.148693935858050796e-01
4.630670140000000538e+04 5.143531176216956657e-01
4.632021372000000702e+04 5.137850802211223478e-01
4.633372602999999799e+04 5.132538006690339216e-01
4.634723834999999963e+04 5.127198202813239014e-01
4.636075065999999788e+04 5.121322893861228742e-01
4.637426297999999952e+04 5.115852836306086227e-01
4.638777529000000504e+04 5.110340460262269291e-01
4.640128759999999602e+04 5.104246170729657139e-01
4.641479991999999766e+04 5.098682188104759483e-01
4.642831222999999591e+04 5.093068064870331924e-01
4.644182455000000482e+04 5.086827203097818995e-01
4.645533685999999580e+04 5.081142192786763934e-01
4.646884917999999743e+04 5.075452141005859508e-01
4.648236149000000296e+04 5.069148179914653163e-01
4.649587380000000121e+04 5.063401875869810720e-01
4.650938612000000285e+04 5.057639219538380138e-01
4.652289842999999382e+04 5.051197208432648411e-01
4.653641074999999546e+04 5.045408066965807459e-01
4.654992306000000826e+04 5.039612603805334601e-01
4.656343537999999535e+04 5.033083216979309382e-01
4.657694769000000088e+04 5.027286790350299350e-01
4.659046001000000251e+04 5.020796030658842835e-01
4.660397232000000076e+04 5.015058818638830074e-01
4.661748463000000629e+04 5.009337350968616764e-01
4.663099694999999338e+04 5.002904002545471851e-01
4.664450926000000618e+04 4.997290706393292536e-01
4.665802158000000054e+04 4.991731119449872578e-01
4.667153388999999879e+04 4.985465414402716622e-01
4.668504621000000043e+04 4.979981452064536351e-01
4.669855851999999868e+04 4.974575564354588586e-01
4.671207083000000421e+04 4.968494363197336616e-01
4.672558314999999857e+04 4.963243106467956078e-01
4.673909545999999682e+04 4.958052132049427518e-01
4.675260777999999846e+04 4.952130882714450566e-01
4.676612009000000398e+04 4.947084369521628222e-01
4.677963241000000562e+04 4.942116566526216781e-01
4.679314471999999660e+04 4.936417665372822561e-01
4.680665703999999823e+04 4.931563210187831503e-01
4.682016935000000376e+04 4.926010004361865424e-01
4.683368166000000201e+04 4.921351969556313488e-01
4.684719398000000365e+04 4.916773470673940771e-01
4.686070628999999462e+04 4.911506064232497026e-01
4.687421860999999626e+04 4.907104891115119383e-01
4.688773092000000179e+04 4.902824957982266363e-01
4.690124324000000342e+04 4.897926295794154949e-01
4.691475555000000168e+04 4.893853060930165588e-01
4.692826786999999604e+04 4.889865878554796597e-01
4.694178017999999429e+04 4.885238082908758273e-01
4.695529248999999982e+04 4.881468006997660702e-01
4.696880481000000145e+04 4.877797390509269748e-01
4.698231711999999970e+04 4.873459907894809318e-01
4.699582943999999407e+04 4.869929289603098232e-01
4.700934175000000687e+04 4.866488091782419367e-01
4.702285407000000851e+04 4.862458402300686711e-01
4.703636637999999948e+04 4.859182617333424048e-01
4.704987868999999773e+04 4.855944925511979093e-01
4.706339100999999209e+04 4.852145814637604526e-01
4.707690332000000490e+04 4.849097551892427305e-01
4.709041564000000653e+04 4.845502049996647242e-01
4.710392794999999751e+04 4.842583566976490506e-01
4.711744026999999915e+04 4.839711167549708426e-01
4.713095257999999740e+04 4.836331506613862352e-01
4.714446490000000631e+04 4.833618194100644527e-01
4.715797720999999729e+04 4.830955834947789351e-01
4.717148951999999554e+04 4.827741495887335477e-01
4.718500184000000445e+04 4.825117992621439367e-01
4.719851415000000270e+04 4.822543602339031121e-01
4.721202647000000434e+04 4.819467697958068619e-01
4.722553877999999531e+04 4.816912789796893302e-01
4.723905109999999695e+04 4.814340706623120303e-01
4.725256341000000248e+04 4.811323499102543311e-01
4.726607572000000073e+04 4.808803381088437301e-01
4.727958804000000237e+04 4.806258743076939899e-01
4.729310035000000062e+04 4.803274739395742010e-01
4.730661267000000225e+04 4.800694296919583715e-01
4.732012498000000778e+04 4.797754888835887299e-01
4.733363729999999487e+04 4.795199541251503605e-01
4.734714961000000039e+04 4.792592666920018063e-01
4.736066193000000203e+04 4.789616428513611135e-01
4.737417424000000028e+04 4.786943523598968797e-01
4.738768654999999126e+04 4.784264698608319266e-01
4.740119886999999289e+04 4.781264316079690269e-01
4.741471118000000570e+04 4.778468489708979083e-01
4.742822350000000006e+04 4.775611918134186062e-01
4.744173580999999831e+04 4.772486400759401448e-01
4.745524812999999995e+04 4.769555031560537839e-01
4.746876043999999820e+04 4.766533252635217766e-01
4.748227275999999983e+04 4.763247690203913365e-01
4.749578506999999809e+04 4.760074517494049529e-01
4.750929737999999634e+04 4.756847298045974171e-01
4.752280969999999797e+04 4.753463952972170614e-01
4.753632201000000350e+04 4.750105041836768516e-01
4.754983433000000514e+04 4.746664190859001820e-01
4.756334663999999611e+04 4.743128618887293424e-01
4.757685895999999775e+04 4.739618429325189730e-01
4.759037127000000328e+04 4.736045686116725495e-01
4.760388358000000153e+04 4.732401590741887043e-01
4.761739590000000317e+04 4.728691670772659505e-01
4.763090820999999414e+04 4.724821876832709933e-01
4.764442052999999578e+04 4.720874146262968862e-01
4.765793284000000131e+04 4.716859729707996718e-01
4.767144516000000294e+04 4.712676898300711681e-01
4.768495747000000119e+04 4.708528534411239308e-01
4.769846978999999556e+04 4.704354970381140477e-01
4.771198209999999381e+04 4.700112592923001431e-01
4.772549440999999933e+04 4.695845152092979480e-01
4.773900673000000097e+04 4.691509983743427092e-01
4.775251903999999922e+04 4.687187902932815620e-01
4.776603135999999358e+04 4.682849472299457916e-01
4.777954367000000639e+04 4.678474511599081120e-01
4.779305599000000802e+04 4.674136705570011152e-01
4.780656829999999900e+04 4.669703268773564009e-01
4.782008061000001180e+04 4.665403032844089304e-01
4.783359292999999889e+04 4.661025964356065310e-01
4.784710524000000441e+04 4.656629807352815065e-01
4.786061756000000605e+04 4.652370468884124421e-01
4.787412986999999703e+04 4.647969388266306456e-01
4.788764218999999866e+04 4.643613168302871408e-01
4.790115449999999691e+04 4.639473159711241523e-01
4.791466682000000583e+04 4.635137813870608969e-01
4.792817912999999680e+04 4.630801982220950075e-01
4.794169144000000233e+04 4.626713697201282338e-01
4.795520376000000397e+04 4.622458457327999204e-01
4.796871607000000222e+04 4.618229640380832612e-01
4.798222839000000386e+04 4.614255115713344901e-01
4.799574069999999483e+04 4.610048777978997814e-01
4.800925301999999647e+04 4.605885334636333761e-01
4.802276533000000927e+04 4.602068119311227834e-01
4.803627764000000025e+04 4.597991421800752265e-01
4.804978996000000188e+04 4.593913706816699638e-01
4.806330227000000014e+04 4.590192077010210037e-01
4.807681459000000177e+04 4.586220388551728311e-01
4.809032690000000730e+04 4.582642876742485938e-01
4.810383921999999438e+04 4.578763340053783049e-01
4.811735152999999991e+04 4.574890919431132685e-01
4.813086384999999427e+04 4.571420389268938678e-01
4.814437615999999980e+04 4.567658590155249110e-01
4.815788846999999078e+04 4.563933423967839742e-01
4.817140078999999969e+04 4.560575229130169328e-01
4.818491310000000522e+04 4.556833637361802358e-01
4.819842541999999958e+04 4.553113428029631482e-01
4.821193772999999783e+04 4.549800143928428020e-01
4.822545004999999946e+04 4.546098107285877488e-01
4.823896235999999772e+04 4.542361967624313213e-01
4.825247467999999935e+04 4.538982763424567191e-01
4.826598698999999760e+04 4.535223591563160017e-01
4.827949929999999586e+04 4.531471505826667467e-01
4.829301162000000477e+04 4.528077610895229199e-01
4.830652393000000302e+04 4.524232794637302324e-01
4.832003625000000466e+04 4.520737815391985270e-01
4.833354855999999563e+04 4.516841301339860060e-01
4.834706087999999727e+04 4.512929653304172395e-01
4.836057318999998824e+04 4.509343444629598241e-01
4.837408550000000105e+04 4.505268915840321409e-01
4.838759782000000268e+04 4.501107701191036647e-01
4.840111012999999366e+04 4.497282660973588309e-01
4.841462244999999530e+04 4.492987938439712003e-01
4.842813476000000082e+04 4.488558729095449840e-01
4.844164708000000246e+04 4.484375628432642480e-01
4.845515939000000071e+04 4.479679795652001806e-01
4.846867170999999507e+04 4.474887212137428349e-01
4.848218402000000788e+04 4.470359045176465207e-01
4.849569632999999885e+04 4.465286964297414118e-01
4.850920865000000049e+04 4.460067034812600917e-01
4.852272095999999874e+04 4.455077062086456596e-01
4.853623327999999310e+04 4.449619685645276879e-01
4.854974559000000590e+04 4.444040792682468766e-01
4.856325791000000754e+04 4.438624646247761873e-01
4.857677021999999852e+04 4.432707604832187842e-01
4.859028252999999677e+04 4.426981587362511794e-01
4.860379484999999841e+04 4.420810907342389573e-01
4.861730716000000393e+04 4.414505349268645906e-01
4.863081947999999829e+04 4.408322100775974306e-01
4.864433178999999654e+04 4.401671635636481561e-01
4.865784410999999818e+04 4.394881371900603018e-01
4.867135642000000371e+04 4.388248318413947580e-01
4.868486874000000535e+04 4.381177558580191533e-01
4.869838104999999632e+04 4.373928066525893943e-01
4.871189336000000185e+04 4.366787925772316337e-01
4.872540568000000349e+04 4.359271903529857717e-01
4.873891799000000174e+04 4.351656809470694776e-01
4.875243031000000337e+04 4.344144140050233416e-01
4.876594261999999435e+04 4.336264332688901657e-01
4.877945493999999599e+04 4.328285039573649962e-01
4.879296725000000879e+04 4.319097258043214649e-01
4.880647955999999976e+04 4.309652994435057005e-01
4.881999188000000140e+04 4.300129733379050023e-01
4.883350418999999965e+04 4.289356375302791902e-01
4.884701651000000129e+04 4.279693913174877906e-01
4.886052881999999227e+04 4.268837033637186140e-01
4.887404113999999390e+04 4.259145794005194663e-01
4.888755344999999943e+04 4.249413179110762551e-01
4.890106576999999379e+04 4.238433001018473423e-01
4.891457807999999932e+04 4.228643284530745339e-01
4.892809038999999757e+04 4.218881736591520992e-01
4.894160270999999921e+04 4.207907713819251105e-01
4.895511502000000473e+04 4.198149374982717563e-01
4.896862733999999909e+04 4.188382092054192540e-01
4.898213964999999735e+04 4.177386434991783304e-01
4.899565196999999898e+04 4.167697266663212829e-01
4.900916428000000451e+04 4.158057120820202734e-01
4.902267660000000615e+04 4.147169479393906788e-01
4.903618890999999712e+04 4.137576204954381831e-01
4.904970122000000265e+04 4.128044499434516679e-01
4.906321354000000429e+04 4.117296779690879371e-01
4.907672585000000254e+04 4.107901067846030374e-01
4.909023817000000417e+04 4.097210429752411454e-01
4.910375047999999515e+04 4.087839606236223222e-01
4.911726279999999679e+04 4.078508560291221885e-01
4.913077511000000231e+04 4.067885482584011614e-01
4.914428742000000057e+04 4.058606860633318103e-01
4.915779974000000220e+04 4.049284711601833786e-01
4.917131204999999318e+04 4.038554681914672262e-01
4.918482436999999481e+04 4.029127805213160718e-01
4.919833668000000034e+04 4.019658202353831866e-01
4.921184900000000198e+04 4.008718720980856132e-01
4.922536131000000023e+04 3.998996130204882649e-01
4.923887362999999459e+04 3.989102292309415487e-01
4.925238594000000739e+04 3.977636663936756078e-01
4.926589824999999837e+04 3.967396646417762351e-01
4.927941057000000001e+04 3.956897160114957179e-01
4.929292287999999826e+04 3.944702802309096312e-01
4.930643519999999262e+04 3.933576150057900289e-01
4.931994751000000542e+04 3.922115295211735519e-01
4.933345983000000706e+04 3.908888649922219738e-01
4.934697213999999803e+04 3.896626465888441970e-01
4.936048444999999629e+04 3.882464009910678304e-01
4.937399676999999792e+04 3.869131685830009548e-01
4.938750908000000345e+04 3.855259432773191497e-01
4.940102139999999781e+04 3.839329624372617156e-01
4.941453370999999606e+04 3.824151436811662474e-01
4.942804602999999770e+04 3.808245834159338927e-01
4.944155834000000323e+04 3.790048890705641771e-01
4.945507066000000486e+04 3.772543376585130170e-01
4.946858296999999584e+04 3.754131604589972526e-01
4.948209528000000137e+04 3.733430880694261766e-01
4.949560760000001028e+04 3.713199003357516848e-01
4.950911991000000125e+04 3.691970306407669211e-01
4.952263223000000289e+04 3.668365547970425800e-01
4.953614453999999387e+04 3.645127255125840682e-01
4.954965685999999550e+04 3.620937405947681764e-01
4.956316917000000831e+04 3.594140661910438794e-01
4.957668147999999928e+04 3.567724846625540680e-01
4.959019380000000092e+04 3.538782299981746982e-01
4.960370610999999917e+04 3.510173019774041059e-01
4.961721843000000081e+04 3.480517906357685765e-01
4.963073073999999178e+04 3.448275067150206041e-01
4.964424306000000070e+04 3.416424755898038179e-01
4.965775537000000622e+04 3.383379792098588079e-01
4.967126769000000058e+04 3.348021860279554174e-01
4.968477999999999884e+04 3.312961820556835635e-01
4.969829230999999709e+04 3.276876863031722986e-01
4.971180462999999872e+04 3.238497162351633984e-01
4.972531694000000425e+04 3.200436405004112306e-01
4.973882925999999861e+04 3.161601275992462767e-01
4.975234156999999686e+04 3.120485363827703029e-01
4.976585389000000578e+04 3.079931871420381606e-01
4.977936620000000403e+04 3.038521727593465616e-01
4.979287852000000566e+04 2.995165894558433628e-01
4.980639082999999664e+04 2.952425262609378320e-01
4.981990314000000217e+04 2.909025902799330932e-01
4.983341545999998925e+04 2.863927099835834600e-01
4.984692777000000206e+04 2.819392751929166163e-01
4.986044009000000369e+04 2.773348722347306339e-01
4.987395239999999467e+04 2.728027865697444376e-01
4.988746471999999630e+04 2.682428033941764989e-01
4.990097703000000183e+04 2.635412232070706295e-01
4.991448934000000008e+04 2.589263320954072189e-01
4.992800166000000172e+04 2.542981502796254345e-01
4.994151396999999270e+04 2.495469037960197090e-01
4.995502628999999433e+04 2.449072737426039037e-01
4.996853859999999986e+04 2.402568900045817801e-01
4.998205092000000150e+04 2.355138277722304274e-01
4.999556322999999975e+04 2.308762332087129221e-01
5.000907554999999411e+04 2.262530298565619824e-01
5.002258786000000691e+04 2.216094772864265483e-01
5.003610016999999789e+04 2.170498560897141105e-01
5.004961248999999953e+04 2.125162519942551120e-01
5.006312479999999050e+04 2.079384669869504543e-01
5.007663711999999214e+04 2.034469044334387133e-01
5.009014943000000494e+04 1.989408013938364361e-01
5.010366174999999930e+04 1.945361830537662984e-01
5.011717405999999755e+04 1.901680224079451142e-01
5.013068636999999580e+04 1.857686703598302458e-01
5.014419869000000472e+04 1.814879878993491402e-01
5.015771100000000297e+04 1.772506739359012429e-01
5.017122331999999733e+04 1.730056318321910314e-01
5.018473562999999558e+04 1.688620658020782428e-01
5.019824795000000449e+04 1.647725702210847687e-01
5.021176026000000275e+04 1.606798995851431988e-01
5.022527258000000438e+04 1.566962800606033768e-01
5.023878488999999536e+04 1.527651725031178576e-01
5.025229720000000816e+04 1.488381381686786908e-01
5.026580952000000980e+04 1.450148473788189785e-01
5.027932183000000077e+04 1.412423622834672599e-01
5.029283415000000241e+04 1.374824447502202840e-01
5.030634646000000066e+04 1.338178181703670033e-01
5.031985878000000230e+04 1.302087091350933035e-01
5.033337108999999327e+04 1.266045139801235953e-01
5.034688340999999491e+04 1.230959174236733733e-01
5.036039572000000044e+04 1.195974091517626597e-01
5.037390802999999869e+04 1.161907336829090809e-01
5.038742035000000033e+04 1.128347164300003563e-01
5.040093265999999858e+04 1.094884970640610106e-01
5.041444498000000021e+04 1.062323088958322809e-01
5.042795729000000574e+04 1.030212921948862465e-01
5.044146961000000010e+04 9.983108559448428121e-02
5.045498191999999835e+04 9.672029580733941534e-02
5.046849422999999661e+04 9.366057223848750501e-02
5.048200654999999824e+04 9.061568605411940425e-02
5.049551886000000377e+04 8.765212100124034067e-02
5.050903117999999813e+04 8.473738783872149238e-02
5.052254349000000366e+04 8.184116658165993541e-02
5.053605581000000529e+04 7.902435806258439888e-02
5.054956812000000355e+04 7.625166578531315797e-02
5.056308044000000518e+04 7.350616566561285481e-02
5.057659274999999616e+04 7.083255352688225259e-02
5.059010506000000169e+04 6.818828210538190049e-02
5.060361737999998877e+04 6.561497306336282198e-02
5.061712969000000157e+04 6.309332632887870718e-02
5.063064201000000321e+04 6.059932230061981784e-02
5.064415431999999419e+04 5.819363181704509391e-02
5.065766663999999582e+04 5.584046395455822404e-02
5.067117895000000135e+04 5.353069498684143168e-02
5.068469125999999960e+04 5.128410304503329409e-02
5.069820358000000124e+04 4.908877508866376499e-02
5.071171588999999221e+04 4.694652448458148941e-02
5.072522820999999385e+04 4.486555867231772909e-02
5.073874051999999938e+04 4.284525261038686639e-02
5.075225284000000102e+04 4.087515803220909127e-02
5.076576514999999927e+04 3.897151111552987768e-02
5.077927746999999363e+04 3.712691434676555075e-02
5.079278978000000643e+04 3.533678748125373276e-02
5.080630208999999741e+04 3.361304467338451646e-02
5.081981440999999904e+04 3.194821884813683205e-02
5.083332671999999002e+04 3.033940248271612544e-02
5.084683903999999893e+04 2.879376044203334900e-02
5.086035135000000446e+04 2.730468627171846879e-02
5.087386366999999882e+04 2.587831004184133060e-02
5.088737597999999707e+04 2.451159534666702555e-02
5.090088829000000260e+04 2.319733318684317341e-02
5.091440061000000424e+04 2.194505139017310230e-02
5.092791292000000249e+04 2.074851783366599145e-02
5.094142523999999685e+04 1.960334333950562724e-02
5.095493755000000237e+04 1.851594202209981208e-02
5.096844987000001129e+04 1.748050421196962675e-02
5.098196218000000226e+04 1.649270167313376945e-02
5.099547450000000390e+04 1.555727741763417854e-02
5.100898680999999488e+04 1.467027919622084647e-02
5.102249912000000768e+04 1.382637629248508609e-02
5.103601144000000932e+04 1.303072234182542713e-02
5.104952375000000029e+04 1.227777537662310889e-02
5.106303607000000193e+04 1.156358377902949597e-02
5.107654838000000018e+04 1.089144525852815161e-02
5.109006070000000182e+04 1.025464956581525859e-02
5.110357300999999279e+04 9.656300734842295994e-03
5.111708533000000170e+04 9.092040346773756429e-03
5.113059763999999996e+04 8.557929220129233128e-03
5.114410994999999821e+04 8.056635027299776514e-03
5.115762226999999984e+04 7.584503768207145717e-03
5.117113457999999810e+04 7.138008929220427540e-03
5.118464689999999973e+04 6.719762194459968745e-03
5.119815921000000526e+04 6.326287555621707380e-03
5.121167152999999962e+04 5.954526605284690341e-03
5.122518383999999787e+04 5.606759685288055690e-03
5.123869614999999612e+04 5.279944863680332938e-03
5.125220846999999776e+04 4.971531343053872155e-03
5.126572078000000329e+04 4.683324135717735655e-03
5.127923309999999765e+04 4.412702332845879448e-03
5.129274541000000318e+04 4.157287737959520710e-03
5.130625772999999026e+04 3.918810933785439599e-03
5.131977004000000306e+04 3.694944347630981646e-03
5.133328236000000470e+04 3.483516358057979836e-03
5.134679466999999568e+04 3.286016919580137408e-03
5.136030698000000120e+04 3.099304549710875118e-03
5.137381929999999556e+04 2.924898826409133828e-03
5.138733161000000109e+04 2.761057194697301605e-03
5.140084393000000273e+04 2.606251703651465620e-03
5.141435623999999370e+04 2.461702309988286416e-03
5.142786855999999534e+04 2.325947146127175982e-03
5.144138087000000087e+04 2.197563348575196519e-03
5.145489317999999912e+04 2.077846547657341732e-03
5.146840550000000076e+04 1.965390638241304444e-03
5.148191781000000628e+04 1.858923665209888431e-03
5.149543013000000792e+04 1.759413611432950313e-03
5.150894243999999890e+04 1.665754760108792074e-03
5.152245476000000053e+04 1.576927745109585896e-03
5.153596706999999151e+04 1.494005671824464622e-03
5.154947938999999315e+04 1.415952307010126792e-03
5.156299170000000595e+04 1.341753454546631670e-03
5.157650400999999692e+04 1.272298711727423140e-03
5.159001632999999856e+04 1.206260711401321980e-03
5.160352863999999681e+04 1.144559444942307462e-03
5.161704096000000573e+04 1.086431812028574488e-03
5.163055327000000398e+04 1.031218204233563416e-03
5.164406558999999834e+04 9.795469612760381289e-04
5.165757789999999659e+04 9.308251222045816654e-04
5.167109021000000212e+04 8.845145885307591563e-04
5.168460253000000375e+04 8.412863239603362133e-04
5.169811484000000200e+04 8.005153179377925369e-04
5.171162715999999637e+04 7.615375262943416138e-04
5.172513947000000917e+04 7.248821978270428767e-04
5.173865179000001081e+04 6.900895812365710931e-04
5.175216410000000178e+04 6.567044220006859482e-04
5.176567642000000342e+04 6.252480242938702071e-04
5.177918872999999439e+04 5.952498162856550154e-04
5.179270104000000720e+04 5.663025721796615883e-04
5.180621335999999428e+04 5.389752180269939425e-04
5.181972566999999981e+04 5.131546835557751745e-04
5.183323799000000145e+04 4.885323842682262521e-04
5.184675029999999970e+04 4.655401763109016065e-04
5.186026262000000133e+04 4.435659622176748814e-04
5.187377492999999959e+04 4.230216194351765335e-04
5.188728725000000122e+04 4.036464158853731408e-04
5.190079955999999947e+04 3.853174378293149961e-04
5.191431186999999773e+04 3.683787967742021066e-04
5.192782418999999936e+04 3.523665172180022670e-04
5.194133649999999761e+04 3.370002571903937707e-04
5.195484881999999925e+04 3.225674893285115246e-04
5.196836112999999750e+04 0.000000000000000000e+00
5.198187343999999575e+04 0.000000000000000000e+00
