3.998293827999999485e+04 0.000000000000000000e+00
3.999645058999999310e+04 0.000000000000000000e+00
4.000996289999999863e+04 1.858056454668726936e-05
4.002347520999999688e+04 1.928968990883435410e-05
4.003698752999999851e+04 1.878968439332437412e-05
4.005049984000000404e+04 1.854944148775705269e-05
4.006401216000000568e+04 1.849966266162868825e-05
4.007752446999999665e+04 1.915046835668728661e-05
4.009103678999999829e+04 1.987159164949385591e-05
4.010454909999999654e+04 2.052600926665408055e-05
4.011806141000000207e+04 2.104407638776730071e-05
4.013157373000000371e+04 2.149781697179062063e-05
4.014508604000000196e+04 2.070803343843924518e-05
4.015859835999999632e+04 1.934869901260506374e-05
4.017211067000000185e+04 1.863617398831862802e-05
4.018562299000000348e+04 1.824451112638024442e-05
4.019913530000000173e+04 1.857588482685465297e-05
4.021264760999999999e+04 1.953397662570521072e-05
4.022615992999999435e+04 2.065139349126393840e-05
4.023967223999999987e+04 2.194745498174977366e-05
4.025318456000000151e+04 2.381813571178797306e-05
4.026669686999999976e+04 2.458261609257723966e-05
4.028020919000000140e+04 2.307387868043319384e-05
4.029372150000000693e+04 2.123958452957378943e-05
4.030723381999999401e+04 2.135642287243460260e-05
4.032074612999999954e+04 2.339166388683585940e-05
4.033425843999999779e+04 2.681195348324029736e-05
4.034777075999999943e+04 2.911279381964398548e-05
4.036128307000000495e+04 2.816390624842359910e-05
4.037479538999999204e+04 2.669687480312034762e-05
4.038830769999999757e+04 2.782527645348670538e-05
4.040182001999999920e+04 3.073559207820693393e-05
4.041533232999999746e+04 3.391258069972210990e-05
4.042884464999999909e+04 3.617399276411694054e-05
4.044235696000000462e+04 3.889620106890051082e-05
4.045586926999999559e+04 4.048584746817781698e-05
4.046938158999999723e+04 4.199115037758143843e-05
4.048289389999999548e+04 4.487304283607023727e-05
4.049640622000000440e+04 4.747741287124106755e-05
4.050991853000000265e+04 5.045607426137528064e-05
4.052343085000000428e+04 5.528074358915320921e-05
4.053694315999999526e+04 6.399388431992453414e-05
4.055045547000000079e+04 7.299659346529852781e-05
4.056396779000000242e+04 7.959686443252491131e-05
4.057748010000000068e+04 8.552936580073796746e-05
4.059099241999999504e+04 9.075622440848677103e-05
4.060450472999999329e+04 9.548544776290555447e-05
4.061801704999999492e+04 1.006941002375349829e-04
4.063152936000000045e+04 1.084069962068037681e-04
4.064504168000000209e+04 1.163945215285264168e-04
4.065855399000000034e+04 1.224793279063720220e-04
4.067206630000000587e+04 1.290631086730286456e-04
4.068557862000000750e+04 1.378202475757509481e-04
4.069909093000000576e+04 1.492692610779984910e-04
4.071260325000000012e+04 1.621868567894357133e-04
4.072611555999999837e+04 1.748441718882488144e-04
4.073962788000000000e+04 1.882381647885966367e-04
4.075314019000000553e+04 2.043714758570953850e-04
4.076665249999999651e+04 2.229269314398395641e-04
4.078016481999999814e+04 2.430081422877227435e-04
4.079367712999999640e+04 2.637450827710142347e-04
4.080718944999999803e+04 2.860111386175620595e-04
4.082070176000000356e+04 3.117673865253607212e-04
4.083421408000000520e+04 3.408433226558816296e-04
4.084772638999999617e+04 3.729350882603835052e-04
4.086123870999999781e+04 4.076310983826467432e-04
4.087475102000000334e+04 4.448537298032269023e-04
4.088826333000000159e+04 4.858080176180399560e-04
4.090177565000000322e+04 5.327743717470811080e-04
4.091528796000000148e+04 5.844020366783838879e-04
4.092880027999999584e+04 6.403812828264408494e-04
4.094231259000000136e+04 7.015696540368499380e-04
4.095582491000000300e+04 7.685977091878385412e-04
4.096933722000000125e+04 8.419902174898608992e-04
4.098284952999999950e+04 9.230587218531800245e-04
4.099636185000000842e+04 1.013525864213069960e-03
4.100987415999999939e+04 1.112974004119807658e-03
4.102338648000000103e+04 1.222028445952565894e-03
4.103689878999999200e+04 1.342162985117096013e-03
4.105041110999999364e+04 1.477330064642026763e-03
4.106392342000000644e+04 1.630285624234079772e-03
4.107743573999999353e+04 1.800860270409368122e-03
4.109094804999999906e+04 1.990148998837843342e-03
4.110446035999999731e+04 2.199408805064632499e-03
4.111797267999999895e+04 2.431764674570393355e-03
4.113148499000000447e+04 2.691679387603450845e-03
4.114499730999999883e+04 2.984330645511128807e-03
4.115850962000000436e+04 3.313366680704014303e-03
4.117202194000000600e+04 3.682698369417059317e-03
4.118553424999999697e+04 4.096262263970942147e-03
4.119904656999999861e+04 4.561125569039715597e-03
4.121255887999999686e+04 5.086232286678357695e-03
4.122607119000000239e+04 5.679263659602953353e-03
4.123958351000000403e+04 6.347966143850716086e-03
4.125309582000000228e+04 7.104714159442868451e-03
4.126660814000000391e+04 7.959114594467162768e-03
4.128012045000000217e+04 8.926318949955732926e-03
4.129363277000000380e+04 1.001874704095290572e-02
4.130714507999999478e+04 1.126101535154411595e-02
4.132065739000000031e+04 1.267482311526296583e-02
4.133416971000000194e+04 1.427974587688854782e-02
4.134768202000000019e+04 1.610571428404767441e-02
4.136119434000000183e+04 1.819007696579220262e-02
4.137470664999999281e+04 2.056842811194483506e-02
4.138821896999999444e+04 2.327963396359584297e-02
4.140173128000000725e+04 2.637860084642773550e-02
4.141524360000000161e+04 2.991497818380972271e-02
4.142875590999999986e+04 3.395515874552137991e-02
4.144226821999999083e+04 3.857402720559306025e-02
4.145578053999999247e+04 4.384563555511138827e-02
4.146929285000000527e+04 4.985466213172791428e-02
4.148280516999999963e+04 5.670157294154523631e-02
4.149631747999999789e+04 6.447445670224988268e-02
4.150982979999999952e+04 7.329432412000108643e-02
4.152334211000000505e+04 8.324517387394243795e-02
4.153685441999999603e+04 9.440602552229486466e-02
4.155036673999999766e+04 1.069065318713209589e-01
4.156387904999999591e+04 1.208081784660048896e-01
4.157739136999999027e+04 1.361871495365112594e-01
4.159090368000000308e+04 1.530069920469857847e-01
4.160441600000000471e+04 1.712143056282647291e-01
4.161792830999999569e+04 1.908116375321639580e-01
4.163144062999999733e+04 2.117255690663450707e-01
4.164495294000000285e+04 2.337734337765267345e-01
4.165846525000000111e+04 2.566378764867217055e-01
4.167197757000000274e+04 2.798511684501227004e-01
4.168548987999999372e+04 3.033426010708298315e-01
4.169900220000000263e+04 3.268614720802388574e-01
4.171251451000000088e+04 3.501370764030077853e-01
4.172602683000000252e+04 3.726458720225855337e-01
4.173953914000000077e+04 3.937366693279121255e-01
4.175305145999999513e+04 4.137922872342963965e-01
4.176656377000000793e+04 4.325687561795704128e-01
4.178007607999999891e+04 4.499953718550046000e-01
4.179358840000000055e+04 4.658845588856230790e-01
4.180710070999999880e+04 4.797610011140319708e-01
4.182061303000000044e+04 4.922322773903624604e-01
4.183412534000000596e+04 5.032913831103917879e-01
4.184763765999999305e+04 5.130251305685318286e-01
4.186114996999999858e+04 5.214705198772975336e-01
4.187466227999999683e+04 5.283181492311009864e-01
4.188817459999999846e+04 5.341891480191783836e-01
4.190168691000000399e+04 5.391716288634524901e-01
4.191519922999999835e+04 5.432902526482936700e-01
4.192871154000000388e+04 5.466172750667270819e-01
4.194222386000000552e+04 5.492201155815563673e-01
4.195573616999999649e+04 5.513040646196494254e-01
4.196924849000000540e+04 5.529501535691663250e-01
4.198276079999999638e+04 5.542475251177043649e-01
4.199627311000000191e+04 5.552502055093938571e-01
4.200978542999999627e+04 5.559482290826609496e-01
4.202329774000000180e+04 5.564794745138765819e-01
4.203681006000000343e+04 5.568784557034685001e-01
4.205032237000000168e+04 5.571995417743209611e-01
4.206383469000000332e+04 5.573913885071435370e-01
4.207734699999999430e+04 5.575163952838912973e-01
4.209085930999999982e+04 5.576367546939287045e-01
4.210437163000000146e+04 5.577277525369761513e-01
4.211788393999999971e+04 5.577811108748444990e-01
4.213139626000000135e+04 5.578432280291178991e-01
4.214490856999999232e+04 5.579382148935687624e-01
4.215842088999999396e+04 5.580268633677589740e-01
4.217193320000000676e+04 5.581181975994802258e-01
4.218544552000000112e+04 5.582434593719571847e-01
4.219895782999999938e+04 5.584104637047238029e-01
4.221247013999999035e+04 5.585503790344306108e-01
4.222598245999999199e+04 5.587058323940378157e-01
4.223949476999999752e+04 5.588860050644024469e-01
4.225300708999999915e+04 5.590742778342359109e-01
4.226651939999999740e+04 5.592236089761151163e-01
4.228003171999999176e+04 5.593829692060271475e-01
4.229354403000000457e+04 5.595491851835707742e-01
4.230705633999999554e+04 5.596982048464584913e-01
4.232056865999999718e+04 5.597922415997400591e-01
4.233408097000000998e+04 5.599065595086990532e-01
4.234759329000000434e+04 5.599995810732858459e-01
4.236110560000000260e+04 5.600517961397180056e-01
4.237461792000000423e+04 5.600727273591707966e-01
4.238813022999999521e+04 5.601204913298785115e-01
4.240164254999999685e+04 5.601307422819650217e-01
4.241515486000000237e+04 5.601165235278637855e-01
4.242866717000000062e+04 5.600800318461929272e-01
4.244217949000000226e+04 5.600450091066340175e-01
4.245569180000000051e+04 5.599379734106908479e-01
4.246920412000000942e+04 5.597790846699786105e-01
4.248271643000000040e+04 5.595781060054463296e-01
4.249622875000000204e+04 5.593616365741108654e-01
4.250974105999999301e+04 5.590338467017794688e-01
4.252325337999999465e+04 5.586538511979307620e-01
4.253676569000000745e+04 5.582332688398862208e-01
4.255027799999999843e+04 5.577583282528792985e-01
4.256379032000000007e+04 5.571511042345029807e-01
4.257730262999999832e+04 5.564509439205324037e-01
4.259081494999999995e+04 5.556605196147385017e-01
4.260432726000000548e+04 5.547518975825800336e-01
4.261783957999999984e+04 5.536650228126300810e-01
4.263135188999999809e+04 5.523736841670234821e-01
4.264486419999999634e+04 5.508714998460193524e-01
4.265837651999999798e+04 5.490967417963714681e-01
4.267188883000000351e+04 5.469975101977215814e-01
4.268540114999999787e+04 5.444021193687755833e-01
4.269891346000000340e+04 5.413172461412423253e-01
4.271242578000000503e+04 5.378522884399106196e-01
4.272593808999999601e+04 5.341614029410548525e-01
4.273945041000000492e+04 5.307510402341670819e-01
4.275296271999999590e+04 5.288352253881233311e-01
4.276647503000000142e+04 5.288424911073436041e-01
4.277998734999999579e+04 5.309138188610666997e-01
4.279349966000000131e+04 5.351461789128429958e-01
4.280701198000000295e+04 5.398994047512566397e-01
4.282052429000000120e+04 5.437277606901640414e-01
4.283403661000000284e+04 5.463300793270136069e-01
4.284754891999999381e+04 5.475760958439792603e-01
4.286106122999999934e+04 5.475914679761154646e-01
4.287457355000000098e+04 5.472759960429423032e-01
4.288808585999999923e+04 5.468061267255049929e-01
4.290159818000000087e+04 5.463243371763948364e-01
4.291511048999999184e+04 5.457972038962451977e-01
4.292862280999999348e+04 5.452820501704201961e-01
4.294213512000000628e+04 5.448139716326243498e-01
4.295564744000000064e+04 5.443511061788006700e-01
4.296915974999999889e+04 5.438709178174437886e-01
4.298267206000000442e+04 5.434421628798147275e-01
4.299618438000000606e+04 5.430243032590031937e-01
4.300969668999999703e+04 5.426303781215006117e-01
4.302320900999999867e+04 5.422494633236965011e-01
4.303672131999999692e+04 5.418974337660705798e-01
4.305023363999999128e+04 5.416141876941732436e-01
4.306374595000000409e+04 5.413388649893347004e-01
4.307725825999999506e+04 5.410740212022717710e-01
4.309077057999999670e+04 5.409203065767355101e-01
4.310428289000000950e+04 5.407885063462950503e-01
4.311779521000000386e+04 5.406879778536385350e-01
4.313130752000000211e+04 5.406257682243587048e-01
4.314481984000000375e+04 5.406148982238154765e-01
4.315833214999999473e+04 5.406355135190972216e-01
4.317184446999999636e+04 5.407044245519528891e-01
4.318535678000000189e+04 5.407475182945691294e-01
4.319886909000000014e+04 5.408623036759594438e-01
4.321238141000000178e+04 5.410238956290135404e-01
4.322589372000000731e+04 5.411603375859425080e-01
4.323940604000000894e+04 5.412937044866732439e-01
4.325291834999999992e+04 5.415024844128234482e-01
4.326643067000000156e+04 5.416615574637422270e-01
4.327994297999999253e+04 5.417955231825029028e-01
4.329345529999999417e+04 5.419328213244225534e-01
4.330696761000000697e+04 5.420544758392265017e-01
4.332047991999999795e+04 5.421658941267428755e-01
4.333399223999999958e+04 5.421978495861641267e-01
4.334750454999999783e+04 5.421798672172779554e-01
4.336101686999999947e+04 5.421576634970042274e-01
4.337452918000000500e+04 5.420284859727484417e-01
4.338804149999999936e+04 5.418200056865447589e-01
4.340155380999999761e+04 5.415651501659409783e-01
4.341506611999999586e+04 5.412096485494173326e-01
4.342857843999999750e+04 5.407587558187278987e-01
4.344209075000000303e+04 5.402407448323249817e-01
4.345560306999999739e+04 5.396103874586495319e-01
4.346911538000000292e+04 5.389031706589977322e-01
4.348262769999999728e+04 5.381360311342373581e-01
4.349614001000000280e+04 5.372428940733484648e-01
4.350965233000000444e+04 5.362909935671587025e-01
4.352316464000000269e+04 5.352942294014739755e-01
4.353667695000000094e+04 5.342205047884145408e-01
4.355018926999999530e+04 5.330944070179208794e-01
4.356370158000000083e+04 5.319421421498183866e-01
4.357721390000000247e+04 5.307645495978796646e-01
4.359072621000000072e+04 5.295646751508427119e-01
4.360423853000000236e+04 5.283142882686583386e-01
4.361775083999999333e+04 5.270750826311880743e-01
4.363126315000000614e+04 5.258114475454405135e-01
4.364477547000000777e+04 5.244958896936898762e-01
4.365828777999999875e+04 5.231149083439887715e-01
4.367180010000000038e+04 5.216602187898191634e-01
4.368531240999999136e+04 5.200613611720508178e-01
4.369882472999999300e+04 5.182941594883470060e-01
4.371233703999999852e+04 5.162647275806326874e-01
4.372584936000000016e+04 5.138705118764161917e-01
4.373936166999999841e+04 5.110781512134633386e-01
4.375287398000000394e+04 5.078300987713708636e-01
4.376638630000000558e+04 5.037897165299364266e-01
4.377989860999999655e+04 4.989467665311516642e-01
4.379341092999999819e+04 4.933128148557504034e-01
4.380692323999999644e+04 4.868280304423109328e-01
4.382043555999999080e+04 4.787521291938012236e-01
4.383394787000000360e+04 4.695782854983906462e-01
4.384746017999999458e+04 4.592849862513497250e-01
4.386097249999999622e+04 4.475747867208766939e-01
4.387448481000000902e+04 4.340213902866727480e-01
4.388799713000000338e+04 4.192757995575023822e-01
4.390150944000000163e+04 4.034081173986980851e-01
4.391502176000000327e+04 3.858088884160311149e-01
4.392853406999999424e+04 3.668473961485183010e-01
4.394204638999999588e+04 3.470967794517756388e-01
4.395555870000000141e+04 3.267572441629328361e-01
4.396907100999999966e+04 3.049860561149681515e-01
4.398258332999999402e+04 2.831506400895799636e-01
4.399609564000000682e+04 2.614665927244933519e-01
4.400960796000000846e+04 2.398850234724234920e-01
4.402312026999999944e+04 2.184711145983030955e-01
4.403663259000000107e+04 1.979872387740176376e-01
4.405014489999999205e+04 1.785842594890340029e-01
4.406365721999999369e+04 1.600471203128686626e-01
4.407716953000000649e+04 1.428057820559483770e-01
4.409068183999999746e+04 1.270086164842113285e-01
4.410419415999999910e+04 1.125982632479803069e-01
4.411770646999999735e+04 9.947745032382379615e-02
4.413121878999999899e+04 8.774723928701784470e-02
4.414473110000000452e+04 7.729330447145565941e-02
4.415824341999999888e+04 6.800603387005579870e-02
4.417175573000000441e+04 5.980513598937717279e-02
4.418526803999999538e+04 5.258581328668490013e-02
4.419878036000000429e+04 4.624073098269386450e-02
4.421229266999999527e+04 4.069525446397946611e-02
4.422580498999999691e+04 3.583732888428366875e-02
4.423931730000000243e+04 3.158270967628037940e-02
4.425282961999999679e+04 2.786682456007725378e-02
4.426634193000000232e+04 2.462614615361242293e-02
4.427985425000000396e+04 2.178798120317483253e-02
4.429336656000000221e+04 1.929986656673920997e-02
4.430687887000000046e+04 1.713048331821333953e-02
4.432039118999999482e+04 1.522659797264742584e-02
4.433390350000000035e+04 1.355143679954927925e-02
4.434741582000000199e+04 1.207826386053941284e-02
4.436092813000000024e+04 1.078326486517632368e-02
4.437444045000000187e+04 9.640231997407947007e-03
4.438795275999999285e+04 8.631373800420595599e-03
4.440146507000000565e+04 7.742377743795866851e-03
4.441497739000000729e+04 6.952700304130312106e-03
4.442848969999999827e+04 6.250903422621530148e-03
4.444200201999999990e+04 5.629739489162816080e-03
4.445551432999999088e+04 5.076669766802628138e-03
4.446902664999999979e+04 4.583917914544940499e-03
4.448253895999999804e+04 4.145813357927847879e-03
4.449605127999999968e+04 3.756787472553231935e-03
4.450956358999999793e+04 3.405781982541946327e-03
4.452307590000000346e+04 3.089105826108529216e-03
4.453658822000000509e+04 2.806255828146458648e-03
4.455010052999999607e+04 2.553310083944449090e-03
4.456361284999999771e+04 2.325143373271108468e-03
4.457712515999999596e+04 2.118316504548489222e-03
4.459063747999999032e+04 1.932982589169927878e-03
4.460414979000000312e+04 1.766249001317414611e-03
4.461766211000000476e+04 1.616204725971067974e-03
4.463117441999999573e+04 1.480249285605742936e-03
4.464468673000000854e+04 1.357141414281921345e-03
4.465819905000000290e+04 1.245493781396117810e-03
4.467171136000000115e+04 1.144466100537984638e-03
4.468522368000000279e+04 1.051782797735248539e-03
4.469873598999999376e+04 9.671549539293099098e-04
4.471224831000000995e+04 8.902786783120094152e-04
4.472576062000000093e+04 8.202261639281583369e-04
4.473927292999999918e+04 7.561859338229949892e-04
4.475278524999999354e+04 6.976569344172545671e-04
4.476629756000000634e+04 6.447763245189006920e-04
4.477980988000000798e+04 5.956294227254324298e-04
4.479332218999999895e+04 5.502457851720461831e-04
4.480683451000000059e+04 5.088663845069152022e-04
4.482034681999999884e+04 4.717156265613568810e-04
4.483385914000000048e+04 4.372854812652827647e-04
4.484737145000000601e+04 4.047522208490729467e-04
4.486088375999999698e+04 3.756093514142272004e-04
4.487439607999999862e+04 3.498441567281020473e-04
4.488790838999999687e+04 3.272066844818714349e-04
4.490142070999999851e+04 3.047185584384517229e-04
4.491493302000000403e+04 2.824664528333369518e-04
4.492844533999999840e+04 2.608732092951401458e-04
4.494195765000000392e+04 2.402686364807004172e-04
4.495546995999999490e+04 2.223531090962437072e-04
4.496898228000000381e+04 2.073200951552148035e-04
4.498249458999999479e+04 1.964782925588363536e-04
4.499600690999999642e+04 1.861693466185977827e-04
4.500951922000000195e+04 1.751727979141320880e-04
4.502303153999999631e+04 1.627842902124123075e-04
4.503654385000000184e+04 1.529761904941684338e-04
4.505005617000000348e+04 1.448394472057986109e-04
4.506356848000000173e+04 1.383065434845213982e-04
4.507708079000000726e+04 1.298396467218218488e-04
4.509059310999999434e+04 1.222281685500341687e-04
4.510410541999999987e+04 1.154931691582994694e-04
4.511761774000000150e+04 1.095019606133666642e-04
4.513113004999999976e+04 1.029228438213517833e-04
4.514464237000000139e+04 9.648055278888001667e-05
4.515815467999999237e+04 9.111016387269303045e-05
4.517166699000000517e+04 8.685341992276987262e-05
4.518517930999999953e+04 8.313808983313076423e-05
4.519869161999999778e+04 7.980694734174327435e-05
4.521220393999999942e+04 7.687648950909249505e-05
4.522571624999999767e+04 7.339825093417552898e-05
4.523922856999999931e+04 6.900268667731838772e-05
4.525274087999999756e+04 6.370502417026107603e-05
4.526625319999999920e+04 5.908311940815198933e-05
4.527976550999999745e+04 5.516888724950583733e-05
4.529327782000000298e+04 5.121832773484955682e-05
4.530679014000000461e+04 4.776881549000644932e-05
4.532030244999999559e+04 4.492328745180829066e-05
4.533381476999999722e+04 4.168811097636386574e-05
4.534732708000000275e+04 3.670651504036235256e-05
4.536083940000000439e+04 3.134871236772706840e-05
4.537435171000000264e+04 2.753249836531539201e-05
4.538786403000000428e+04 2.680750469574959131e-05
4.540137633999999525e+04 2.713023909960388488e-05
4.541488865000000078e+04 2.685959633288957784e-05
4.542840097000000242e+04 2.582639125151566889e-05
4.544191328000000067e+04 2.464706271742107284e-05
4.545542559999999503e+04 2.366273679427742267e-05
4.546893791000000783e+04 2.168436564847587769e-05
4.548245023000000947e+04 2.093425058883123361e-05
4.549596254000000044e+04 2.004904354466677778e-05
4.550947484999999870e+04 0.000000000000000000e+00
4.552298716000000422e+04 0.000000000000000000e+00
