4.496898228999997809e+04 0.000000000000000000e+00
4.498249459999998362e+04 0.000000000000000000e+00
4.499600690999999642e+04 2.996611406961828430e-04
4.500951922000000195e+04 3.157340019779778092e-04
4.502303153999999631e+04 3.239933166848864439e-04
4.503654385000000184e+04 3.301776781310931290e-04
4.505005617000000348e+04 3.431840517458943662e-04
4.506356848000000173e+04 3.648280567034488863e-04
4.507708079000000726e+04 3.711919024238041851e-04
4.509059310999999434e+04 3.799168439775217122e-04
4.510410541999999987e+04 3.924853379728400699e-04
4.511761774000000150e+04 4.208358870836450844e-04
4.513113004999999976e+04 4.399913509666794750e-04
4.514464237000000139e+04 4.550990427702460454e-04
4.515815467999999237e+04 4.742752861282387459e-04
4.517166699000000517e+04 4.993826970084746294e-04
4.518517930999999953e+04 5.211000770968846844e-04
4.519869161999999778e+04 5.282661372363284214e-04
4.521220393999999942e+04 5.444574445833942232e-04
4.522571624999999767e+04 5.662483856652602426e-04
4.523922856999999931e+04 5.946897804450784883e-04
4.525274087999999756e+04 6.097264063018966373e-04
4.526625319999999920e+04 6.307237646911217563e-04
4.527976550999999745e+04 6.610825391341772000e-04
4.529327782000000298e+04 6.938258450684879706e-04
4.530679014000000461e+04 7.196329489174105743e-04
4.532030244999999559e+04 7.401318336681126167e-04
4.533381476999999722e+04 7.803930368451167951e-04
4.534732708000000275e+04 8.187873337321269684e-04
4.536083940000000439e+04 8.537594607513702668e-04
4.537435171000000264e+04 8.728586687247580876e-04
4.538786403000000428e+04 9.077617772305011891e-04
4.540137633999999525e+04 9.518054514517270337e-04
4.541488865000000078e+04 9.954214316821971727e-04
4.542840097000000242e+04 1.034396772864932135e-03
4.544191328000000067e+04 1.078114734154501106e-03
4.545542559999999503e+04 1.142000010452072370e-03
4.546893791000000783e+04 1.199686941714617249e-03
4.548245023000000947e+04 1.254619294319733085e-03
4.549596254000000044e+04 1.305225738782787685e-03
4.550947484999999870e+04 1.373824249680533896e-03
4.552298716999999306e+04 1.443682087135835608e-03
4.553649948000000586e+04 1.504708855078512120e-03
4.555001180000000750e+04 1.568249476310606917e-03
4.556352410999999847e+04 1.641889544102303469e-03
4.557703643000000011e+04 1.731862719353983527e-03
4.559054873999999836e+04 1.806619388873194907e-03
4.560406106000000000e+04 1.885139893767297237e-03
4.561757337000000553e+04 1.971457907389144969e-03
4.563108567999999650e+04 2.080820422988125147e-03
4.564459799999999814e+04 2.187167856366607679e-03
4.565811030999999639e+04 2.285602402878154742e-03
4.567162262999999803e+04 2.402077214117161793e-03
4.568513493999999628e+04 2.530454128102074211e-03
4.569864725999999791e+04 2.672243171658461678e-03
4.571215957000000344e+04 2.793060866891645695e-03
4.572567188000000169e+04 2.929352610959016102e-03
4.573918420000000333e+04 3.084076404409599823e-03
4.575269650999999430e+04 3.257287671907411423e-03
4.576620882999999594e+04 3.424181824259962034e-03
4.577972114000000147e+04 3.583492567327133376e-03
4.579323345999999583e+04 3.776568586514238764e-03
4.580674577000000136e+04 3.984234239319487531e-03
4.582025809000000299e+04 4.207564130728879553e-03
4.583377040000000125e+04 4.420883390735903286e-03
4.584728271000000677e+04 4.662175580611284051e-03
4.586079502999999386e+04 4.933828409983063469e-03
4.587430733999999939e+04 5.219905156741089236e-03
4.588781966000000102e+04 5.510916265469369829e-03
4.590133196999999927e+04 5.806982442637311816e-03
4.591484429000000091e+04 6.152822366326703846e-03
4.592835659999999189e+04 6.514223433711113440e-03
4.594186891000000469e+04 6.891732569185443809e-03
4.595538122999999905e+04 7.281255330648828995e-03
4.596889353999999730e+04 7.715422204570541488e-03
4.598240585999999894e+04 8.200245670564196288e-03
4.599591817000000447e+04 8.698192836914380235e-03
4.600943049000000610e+04 9.221318146228488569e-03
4.602294279999999708e+04 9.770309657922627428e-03
4.603645511999999871e+04 1.039467867702726853e-02
4.604996742999999697e+04 1.105106993957013714e-02
4.606347974000000249e+04 1.173637085089279664e-02
4.607699206000000413e+04 1.247250335299804336e-02
4.609050436999999511e+04 1.327601887373062138e-02
4.610401668999999674e+04 1.416232839150163500e-02
4.611752900000000955e+04 1.508346504466026583e-02
4.613104132000000391e+04 1.606716941430205367e-02
4.614455363000000216e+04 1.712587013655452600e-02
4.615806595000000380e+04 1.829524688455897927e-02
4.617157825999999477e+04 1.953934542041327674e-02
4.618509057000000030e+04 2.084804507537106610e-02
4.619860289000000193e+04 2.227453769900201302e-02
4.621211520000000019e+04 2.381945472025454036e-02
4.622562751999999455e+04 2.551190522562331309e-02
4.623913983000000735e+04 2.730434545903108121e-02
4.625265215000000899e+04 2.922675044211622830e-02
4.626616445999999996e+04 3.132668540860670398e-02
4.627967676999999821e+04 3.361210086788359724e-02
4.629318908999999258e+04 3.606985237491512619e-02
4.630670140000000538e+04 3.868856525245822214e-02
4.632021372000000702e+04 4.154028184525710571e-02
4.633372602999999799e+04 4.463610513067482050e-02
4.634723834999999963e+04 4.800354146396433597e-02
4.636075065999999788e+04 5.160600503667040623e-02
4.637426297999999952e+04 5.547898745714287955e-02
4.638777529000000504e+04 5.972279076422758876e-02
4.640128759999999602e+04 6.429915000692668081e-02
4.641479991999999766e+04 6.924674577100048412e-02
4.642831222999999591e+04 7.454143547745829823e-02
4.644182455000000482e+04 8.026474660802609962e-02
4.645533685999999580e+04 8.648034464350509709e-02
4.646884917999999743e+04 9.317712375304799954e-02
4.648236149000000296e+04 1.003555489270764045e-01
4.649587380000000121e+04 1.080584761091680640e-01
4.650938612000000285e+04 1.163788939906350295e-01
4.652289842999999382e+04 1.252984962470170271e-01
4.653641074999999546e+04 1.348449211515610757e-01
4.654992306000000826e+04 1.449848059338542106e-01
4.656343537999999535e+04 1.557891708041855006e-01
4.657694769000000088e+04 1.673181675034008387e-01
4.659046001000000251e+04 1.794672374037860341e-01
4.660397232000000076e+04 1.923614432841111999e-01
4.661748463000000629e+04 2.057789737695913945e-01
4.663099694999999338e+04 2.198525447403198163e-01
4.664450926000000618e+04 2.347064425361614359e-01
4.665802158000000054e+04 2.498453397216740535e-01
4.667153388999999879e+04 2.655276485953623200e-01
4.668504621000000043e+04 2.817217597287485775e-01
4.669855851999999868e+04 2.980246318940146244e-01
4.671207083000000421e+04 3.146789930492556731e-01
4.672558314999999857e+04 3.314224223371722844e-01
4.673909545999999682e+04 3.478989105967311146e-01
4.675260777999999846e+04 3.644488242664545297e-01
4.676612009000000398e+04 3.805815430527309529e-01
4.677963241000000562e+04 3.962180363555947715e-01
4.679314471999999660e+04 4.115903228677640913e-01
4.680665703999999823e+04 4.258346241586920544e-01
4.682016935000000376e+04 4.394926124664334521e-01
4.683368166000000201e+04 4.527379518314532114e-01
4.684719398000000365e+04 4.644424101166977348e-01
4.686070628999999462e+04 4.755300355529110679e-01
4.687421860999999626e+04 4.857725999165194430e-01
4.688773092000000179e+04 4.947707127343348721e-01
4.690124324000000342e+04 5.031117807568867839e-01
4.691475555000000168e+04 5.104095589146544487e-01
4.692826786999999604e+04 5.167402252478937585e-01
4.694178017999999429e+04 5.224321053546043814e-01
4.695529248999999982e+04 5.271297364945939368e-01
4.696880481000000145e+04 5.312260998818978397e-01
4.698231711999999970e+04 5.347387362192255189e-01
4.699582943999999407e+04 5.373602922020991324e-01
4.700934175000000687e+04 5.396566566811413779e-01
4.702285407000000851e+04 5.414162648776369435e-01
4.703636637999999948e+04 5.426955230521492979e-01
4.704987868999999773e+04 5.437202458499855728e-01
4.706339100999999209e+04 5.442541650325869451e-01
4.707690332000000490e+04 5.446369020040180420e-01
4.709041564000000653e+04 5.448081150633343750e-01
4.710392794999999751e+04 5.447677042021984439e-01
4.711744026999999915e+04 5.446078566629379836e-01
4.713095257999999740e+04 5.442602226947567123e-01
4.714446490000000631e+04 5.438930732868113571e-01
4.715797720999999729e+04 5.434833977341411160e-01
4.717148951999999554e+04 5.429394953737524121e-01
4.718500184000000445e+04 5.424151508464420957e-01
4.719851415000000270e+04 5.418807849258079345e-01
4.721202647000000434e+04 5.413231718035442785e-01
4.722553877999999531e+04 5.408162291248169717e-01
4.723905109999999695e+04 5.403038968067247483e-01
4.725256341000000248e+04 5.397412427603146545e-01
4.726607572000000073e+04 5.392589700087552229e-01
4.727958804000000237e+04 5.388197359851472079e-01
4.729310035000000062e+04 5.383430307610629351e-01
4.730661267000000225e+04 5.379287482471478699e-01
4.732012498000000778e+04 5.375212870796929332e-01
4.733363729999999487e+04 5.372230691736371577e-01
4.734714961000000039e+04 5.369708718171261053e-01
4.736066193000000203e+04 5.366985147419556235e-01
4.737417424000000028e+04 5.364837268745674681e-01
4.738768654999999126e+04 5.363005208564828319e-01
4.740119886999999289e+04 5.361606772236390261e-01
4.741471118000000570e+04 5.360748890338816741e-01
4.742822350000000006e+04 5.359925800299745191e-01
4.744173580999999831e+04 5.359032989977898787e-01
4.745524812999999995e+04 5.358533788091049965e-01
4.746876043999999820e+04 5.358374452042971026e-01
4.748227275999999983e+04 5.357886085946154120e-01
4.749578506999999809e+04 5.357294611996483713e-01
4.750929737999999634e+04 5.356845328078922996e-01
4.752280969999999797e+04 5.356371467202646341e-01
4.753632201000000350e+04 5.356299611476336153e-01
4.754983433000000514e+04 5.355995308180203640e-01
4.756334663999999611e+04 5.355419784280174289e-01
4.757685895999999775e+04 5.355180827050524117e-01
4.759037127000000328e+04 5.355024846437906882e-01
4.760388358000000153e+04 5.355052169385345895e-01
4.761739590000000317e+04 5.354715825505793614e-01
4.763090820999999414e+04 5.354070100369190399e-01
4.764442052999999578e+04 5.353513318123875875e-01
4.765793284000000131e+04 5.352912750210727655e-01
4.767144516000000294e+04 5.352165490888115551e-01
4.768495747000000119e+04 5.350954384275690146e-01
4.769846978999999556e+04 5.349633842792035354e-01
4.771198209999999381e+04 5.348314800168034733e-01
4.772549440999999933e+04 5.346863347022235979e-01
4.773900673000000097e+04 5.345269209600215232e-01
4.775251903999999922e+04 5.343170566205555083e-01
4.776603135999999358e+04 5.341092033822186780e-01
4.777954367000000639e+04 5.339190180305296574e-01
4.779305599000000802e+04 5.337206301267377606e-01
4.780656829999999900e+04 5.335064450964945859e-01
4.782008061000001180e+04 5.332764789042758746e-01
4.783359292999999889e+04 5.330537748244142948e-01
4.784710524000000441e+04 5.328551785732628110e-01
4.786061756000000605e+04 5.326500580053715739e-01
4.787412986999999703e+04 5.324185634543763257e-01
4.788764218999999866e+04 5.321656934952169182e-01
4.790115449999999691e+04 5.319549612196826649e-01
4.791466682000000583e+04 5.317424733633921985e-01
4.792817912999999680e+04 5.314914082988720923e-01
4.794169144000000233e+04 5.312548036536854923e-01
4.795520376000000397e+04 5.309753744471042980e-01
4.796871607000000222e+04 5.307156625400750727e-01
4.798222839000000386e+04 5.304994522669526091e-01
4.799574069999999483e+04 5.302184897202338876e-01
4.800925301999999647e+04 5.299392070677862998e-01
4.802276533000000927e+04 5.297002493978847371e-01
4.803627764000000025e+04 5.294570989341936817e-01
4.804978996000000188e+04 5.292276702558943446e-01
4.806330227000000014e+04 5.290005187774139417e-01
4.807681459000000177e+04 5.287488691259666362e-01
4.809032690000000730e+04 5.285542126185032163e-01
4.810383921999999438e+04 5.283473885254659219e-01
4.811735152999999991e+04 5.281479684285783627e-01
4.813086384999999427e+04 5.279513846162371404e-01
4.814437615999999980e+04 5.277319454867711590e-01
4.815788846999999078e+04 5.275372150202383148e-01
4.817140078999999969e+04 5.274071359624354915e-01
4.818491310000000522e+04 5.272345510673407398e-01
4.819842541999999958e+04 5.270128839941344845e-01
4.821193772999999783e+04 5.268479339609750678e-01
4.822545004999999946e+04 5.266533561458328627e-01
4.823896235999999772e+04 5.264609534320391360e-01
4.825247467999999935e+04 5.263076249249383221e-01
4.826598698999999760e+04 5.260688204690260328e-01
4.827949929999999586e+04 5.258583672623324823e-01
4.829301162000000477e+04 5.257254979615051393e-01
4.830652393000000302e+04 5.255579366190535895e-01
4.832003625000000466e+04 5.254346370165098312e-01
4.833354855999999563e+04 5.252347122642213595e-01
4.834706087999999727e+04 5.250572194523306369e-01
4.836057318999998824e+04 5.249508268223469498e-01
4.837408550000000105e+04 5.247813078582975743e-01
4.838759782000000268e+04 5.246010404088811141e-01
4.840111012999999366e+04 5.244304750304964458e-01
4.841462244999999530e+04 5.242345540308083196e-01
4.842813476000000082e+04 5.240632176116961638e-01
4.844164708000000246e+04 5.239086880522957346e-01
4.845515939000000071e+04 5.236964652874759318e-01
4.846867170999999507e+04 5.234528491873876588e-01
4.848218402000000788e+04 5.232677912619776439e-01
4.849569632999999885e+04 5.230582169630143552e-01
4.850920865000000049e+04 5.228103752007898786e-01
4.852272095999999874e+04 5.225893107258928749e-01
4.853623327999999310e+04 5.223134850773716309e-01
4.854974559000000590e+04 5.220547184059223245e-01
4.856325791000000754e+04 5.218651442608169821e-01
4.857677021999999852e+04 5.216001507215320965e-01
4.859028252999999677e+04 5.213585771403532743e-01
4.860379484999999841e+04 5.210792387421373517e-01
4.861730716000000393e+04 5.208075877938859177e-01
4.863081947999999829e+04 5.205887763284670067e-01
4.864433178999999654e+04 5.202773872395544119e-01
4.865784410999999818e+04 5.199369061971236272e-01
4.867135642000000371e+04 5.196277480444335684e-01
4.868486874000000535e+04 5.192889929550201789e-01
4.869838104999999632e+04 5.189641428388569455e-01
4.871189336000000185e+04 5.186241057623544037e-01
4.872540568000000349e+04 5.182188375939112968e-01
4.873891799000000174e+04 5.178227721075280288e-01
4.875243031000000337e+04 5.174548103187280867e-01
4.876594261999999435e+04 5.170681651031353576e-01
4.877945493999999599e+04 5.166485256620342303e-01
4.879296725000000879e+04 5.160589981219204647e-01
4.880647955999999976e+04 5.154719571390218302e-01
4.881999188000000140e+04 5.148907529688503404e-01
4.883350418999999965e+04 5.141694133790556398e-01
4.884701651000000129e+04 5.135639174937032259e-01
4.886052881999999227e+04 5.127829015554253855e-01
4.887404113999999390e+04 5.121729064753922644e-01
4.888755344999999943e+04 5.115749569472342051e-01
4.890106576999999379e+04 5.108035340529526458e-01
4.891457807999999932e+04 5.101563554486794327e-01
4.892809038999999757e+04 5.094590468260551397e-01
4.894160270999999921e+04 5.086350186909759374e-01
4.895511502000000473e+04 5.079752076343442280e-01
4.896862733999999909e+04 5.072842170499514136e-01
4.898213964999999735e+04 5.064297819094911723e-01
4.899565196999999898e+04 5.056923255458342092e-01
4.900916428000000451e+04 5.049813832532233926e-01
4.902267660000000615e+04 5.041487477173054454e-01
4.903618890999999712e+04 5.034423265135415937e-01
4.904970122000000265e+04 5.027240036149537294e-01
4.906321354000000429e+04 5.018251014307957281e-01
4.907672585000000254e+04 5.011024413553485379e-01
4.909023817000000417e+04 5.002663708045167468e-01
4.910375047999999515e+04 4.995641949674169413e-01
4.911726279999999679e+04 4.988417638757070560e-01
4.913077511000000231e+04 4.979460910930958994e-01
4.914428742000000057e+04 4.972159428667211056e-01
4.915779974000000220e+04 4.965267143857672316e-01
4.917131204999999318e+04 4.956429994603765987e-01
4.918482436999999481e+04 4.948851939359265595e-01
4.919833668000000034e+04 4.941344764077048590e-01
4.921184900000000198e+04 4.932178677860402094e-01
4.922536131000000023e+04 4.925191585151046936e-01
4.923887362999999459e+04 4.918062083461541278e-01
4.925238594000000739e+04 4.908668884282326728e-01
4.926589824999999837e+04 4.901115807446290162e-01
4.927941057000000001e+04 4.893697052590265106e-01
4.929292287999999826e+04 4.884934400714580627e-01
4.930643519999999262e+04 4.878012311779631460e-01
4.931994751000000542e+04 4.870538588276929204e-01
4.933345983000000706e+04 4.861430768472871367e-01
4.934697213999999803e+04 4.854427318183179296e-01
4.936048444999999629e+04 4.845771015899929535e-01
4.937399676999999792e+04 4.839004420552918129e-01
4.938750908000000345e+04 4.831609271262624627e-01
4.940102139999999781e+04 4.822278621007405897e-01
4.941453370999999606e+04 4.815049093835400695e-01
4.942804602999999770e+04 4.807763828826184249e-01
4.944155834000000323e+04 4.798528469133419572e-01
4.945507066000000486e+04 4.790588593107681925e-01
4.946858296999999584e+04 4.782284330691344287e-01
4.948209528000000137e+04 4.772462350332715708e-01
4.949560760000001028e+04 4.764498511446683127e-01
4.950911991000000125e+04 4.756066819581088456e-01
4.952263223000000289e+04 4.745356318845156407e-01
4.953614453999999387e+04 4.735689713103747311e-01
4.954965685999999550e+04 4.725956657740541522e-01
4.956316917000000831e+04 4.714315808060156043e-01
4.957668147999999928e+04 4.703453958478212016e-01
4.959019380000000092e+04 4.690367488114497996e-01
4.960370610999999917e+04 4.677548817711866813e-01
4.961721843000000081e+04 4.664466185268854037e-01
4.963073073999999178e+04 4.648943752514101413e-01
4.964424306000000070e+04 4.633880934613405778e-01
4.965775537000000622e+04 4.617763262845851480e-01
4.967126769000000058e+04 4.597425885435461601e-01
4.968477999999999884e+04 4.578340355993922306e-01
4.969829230999999709e+04 4.556972581616783313e-01
4.971180462999999872e+04 4.532573675818508119e-01
4.972531694000000425e+04 4.506996216238479680e-01
4.973882925999999861e+04 4.479225304617088232e-01
4.975234156999999686e+04 4.447656599795339338e-01
4.976585389000000578e+04 4.415025855956876133e-01
4.977936620000000403e+04 4.381629282902644307e-01
4.979287852000000566e+04 4.340419843429078051e-01
4.980639082999999664e+04 4.299906777222070597e-01
4.981990314000000217e+04 4.254790582525825315e-01
4.983341545999998925e+04 4.205554787336203137e-01
4.984692777000000206e+04 4.155142079381572429e-01
4.986044009000000369e+04 4.097909076346953339e-01
4.987395239999999467e+04 4.040427763217619983e-01
4.988746471999999630e+04 3.976442134236014558e-01
4.990097703000000183e+04 3.910013343352266579e-01
4.991448934000000008e+04 3.839161124235240252e-01
4.992800166000000172e+04 3.766142330265163096e-01
4.994151396999999270e+04 3.686498246777783483e-01
4.995502628999999433e+04 3.604919486693042852e-01
4.996853859999999986e+04 3.521295672895758955e-01
4.998205092000000150e+04 3.431150594307704194e-01
4.999556322999999975e+04 3.342871998050185867e-01
5.000907554999999411e+04 3.246816636330133177e-01
5.002258786000000691e+04 3.151146753712630311e-01
5.003610016999999789e+04 3.052651603959907201e-01
5.004961248999999953e+04 2.953783431329681797e-01
5.006312479999999050e+04 2.852796685232965590e-01
5.007663711999999214e+04 2.750327792168765773e-01
5.009014943000000494e+04 2.647964393298725683e-01
5.010366174999999930e+04 2.544453442901841722e-01
5.011717405999999755e+04 2.443685613735408768e-01
5.013068636999999580e+04 2.340275064526713134e-01
5.014419869000000472e+04 2.240414052993007776e-01
5.015771100000000297e+04 2.140261379348180615e-01
5.017122331999999733e+04 2.041807544761752857e-01
5.018473562999999558e+04 1.946278635146745373e-01
5.019824795000000449e+04 1.852606997984369286e-01
5.021176026000000275e+04 1.761688699517856282e-01
5.022527258000000438e+04 1.672390052387637827e-01
5.023878488999999536e+04 1.587017666047790265e-01
5.025229720000000816e+04 1.503450936561543383e-01
5.026580952000000980e+04 1.424189479483425336e-01
5.027932183000000077e+04 1.347634484814560218e-01
5.029283415000000241e+04 1.273786707829287213e-01
5.030634646000000066e+04 1.203312148522900499e-01
5.031985878000000230e+04 1.136259114650394891e-01
5.033337108999999327e+04 1.072372511907901532e-01
5.034688340999999491e+04 1.011686752048495119e-01
5.036039572000000044e+04 9.539708064306726132e-02
5.037390802999999869e+04 8.988551633447458555e-02
5.038742035000000033e+04 8.469258652022219891e-02
5.040093265999999858e+04 7.976879975177145199e-02
5.041444498000000021e+04 7.514377366256747015e-02
5.042795729000000574e+04 7.076979483647730107e-02
5.044146961000000010e+04 6.660450685958940742e-02
5.045498191999999835e+04 6.269197869757764385e-02
5.046849422999999661e+04 5.903867256130244934e-02
5.048200654999999824e+04 5.558764276100042201e-02
5.049551886000000377e+04 5.234351672336769179e-02
5.050903117999999813e+04 4.928647662330292584e-02
5.052254349000000366e+04 4.637641286744829949e-02
5.053605581000000529e+04 4.367063530053094667e-02
5.054956812000000355e+04 4.115443918603728379e-02
5.056308044000000518e+04 3.876823619241711455e-02
5.057659274999999616e+04 3.653208830221951059e-02
5.059010506000000169e+04 3.440982832762727595e-02
5.060361737999998877e+04 3.242158339579155613e-02
5.061712969000000157e+04 3.058966285607026339e-02
5.063064201000000321e+04 2.885772873854704906e-02
5.064415431999999419e+04 2.723456474547244696e-02
5.065766663999999582e+04 2.570302727791847625e-02
5.067117895000000135e+04 2.425381914547971793e-02
5.068469125999999960e+04 2.290463609994164429e-02
5.069820358000000124e+04 2.165528495223736916e-02
5.071171588999999221e+04 2.046627919205924045e-02
5.072522820999999385e+04 1.934120484470094881e-02
5.073874051999999938e+04 1.828273903272806603e-02
5.075225284000000102e+04 1.728180388122936215e-02
5.076576514999999927e+04 1.636816379385004627e-02
5.077927746999999363e+04 1.550758075574680019e-02
5.079278978000000643e+04 1.467474285310295563e-02
5.080630208999999741e+04 1.389042630511297914e-02
5.081981440999999904e+04 1.315413914078516870e-02
5.083332671999999002e+04 1.246496448034386216e-02
5.084683903999999893e+04 1.183282666027829153e-02
5.086035135000000446e+04 1.122240947831582708e-02
5.087386366999999882e+04 1.063700167677079748e-02
5.088737597999999707e+04 1.008902296341132945e-02
5.090088829000000260e+04 9.571277959974413760e-03
5.091440061000000424e+04 9.100152519997167094e-03
5.092791292000000249e+04 8.656908383901483137e-03
5.094142523999999685e+04 8.216408117743503881e-03
5.095493755000000237e+04 7.800075548896144746e-03
5.096844987000001129e+04 7.415348946814591564e-03
5.098196218000000226e+04 7.052421243825889724e-03
5.099547450000000390e+04 6.721406189392199054e-03
5.100898681000000943e+04 0.000000000000000000e+00
5.102249912000002223e+04 0.000000000000000000e+00
