3.696969215000000986e+04 0.000000000000000000e+00
3.698320447000000422e+04 0.000000000000000000e+00
3.699671678999999858e+04 2.377445511022164529e-04
3.701022911000000022e+04 2.493020072317286362e-04
3.702374141999999847e+04 2.638463211636852537e-04
3.703725373000000400e+04 2.757722727848899201e-04
3.705076605000000563e+04 2.909257018268948149e-04
3.706427836000000389e+04 3.086809569393350432e-04
3.707779067999999825e+04 3.245994784655904580e-04
3.709130298999999650e+04 3.421847051565431175e-04
3.710481530999999814e+04 3.575463006093838295e-04
3.711832761999999639e+04 3.733238633303476986e-04
3.713183993000000191e+04 3.955668034792226358e-04
3.714535225000000355e+04 4.158764720490998150e-04
3.715886456000000180e+04 4.357607131897832603e-04
3.717237688000000344e+04 4.599827516869675007e-04
3.718588918999999441e+04 4.808190492117364167e-04
3.719940150999999605e+04 5.034700926067438905e-04
3.721291382000000158e+04 5.332200857142705818e-04
3.722642613999999594e+04 5.637291470097851058e-04
3.723993845000000147e+04 5.970020383818183543e-04
3.725345075999999972e+04 6.313919372745198507e-04
3.726696308000000136e+04 6.654842149270076557e-04
3.728047538999999961e+04 7.084122863423841093e-04
3.729398771000000124e+04 7.525464405063493753e-04
3.730750001999999949e+04 7.914308902643459433e-04
3.732101234000000113e+04 8.359477327609783842e-04
3.733452464999999938e+04 8.829947088517234224e-04
3.734803695999999763e+04 9.314119702331467984e-04
3.736154927999999927e+04 9.891177106198193597e-04
3.737506158999999752e+04 1.047248397418384415e-03
3.738857390999999916e+04 1.105364463563480093e-03
3.740208621999999741e+04 1.172450240655697204e-03
3.741559853999999905e+04 1.241168258060576773e-03
3.742911085000000458e+04 1.312802451609083529e-03
3.744262316999999894e+04 1.392255763262855491e-03
3.745613547999999719e+04 1.470944356436751279e-03
3.746964778999999544e+04 1.553385233982336987e-03
3.748316010999999708e+04 1.644994046770543918e-03
3.749667242000000260e+04 1.740838710232367036e-03
3.751018473999999696e+04 1.847658141357822002e-03
3.752369705000000249e+04 1.962972925587402190e-03
3.753720937000000413e+04 2.077732172083271781e-03
3.755072168000000238e+04 2.201357065027689970e-03
3.756423400000000402e+04 2.334226955683516708e-03
3.757774631000000227e+04 2.470434033482282569e-03
3.759125862000000052e+04 2.619998041867848716e-03
3.760477093999999488e+04 2.781163385582284542e-03
3.761828325000000041e+04 2.947238644337903807e-03
3.763179557000000204e+04 3.125915023233416003e-03
3.764530788000000030e+04 3.314778589293756583e-03
3.765882020000000193e+04 3.512597052226926024e-03
3.767233251000000018e+04 3.729505842811087560e-03
3.768584481999999844e+04 3.958950474902639058e-03
3.769935714000000007e+04 4.196417976975912525e-03
3.771286944999999832e+04 4.452976349397883872e-03
3.772638176999999996e+04 4.725423814254952823e-03
3.773989407999999821e+04 5.012096064457011516e-03
3.775340639999999985e+04 5.323808349839307015e-03
3.776691870999999810e+04 5.654844780842560766e-03
3.778043102999999974e+04 6.001219143358334229e-03
3.779394333999999799e+04 6.372739864823694957e-03
3.780745565000000352e+04 6.767818997471703422e-03
3.782096797000000515e+04 7.186235926376734889e-03
3.783448027999999613e+04 7.638393936087445671e-03
3.784799259999999776e+04 8.120033945785186738e-03
3.786150490999999602e+04 8.630355284801868865e-03
3.787501722999999765e+04 9.179051942035243786e-03
3.788852953999999590e+04 9.757942225962674271e-03
3.790204185000000143e+04 1.036966695023845003e-02
3.791555417000000307e+04 1.103207971142669899e-02
3.792906648000000132e+04 1.173683445587132661e-02
3.794257880000000296e+04 1.248602444482124416e-02
3.795609111000000121e+04 1.329805672468117178e-02
3.796960343000000285e+04 1.415924702518454176e-02
3.798311574000000110e+04 1.507224102837004601e-02
3.799662805999999546e+04 1.605975823092824217e-02
3.801014037000000098e+04 1.710809621874896658e-02
3.802365267999999924e+04 1.822533133182483236e-02
3.803716500000000087e+04 1.943551654597305139e-02
3.805067731000000640e+04 2.072000608220778486e-02
3.806418963000000076e+04 2.209132342394326889e-02
3.807770193999999901e+04 2.356849184494828539e-02
3.809121426000000065e+04 2.513599779820150509e-02
3.810472656999999890e+04 2.680937120269762455e-02
3.811823889000000054e+04 2.860830207154999721e-02
3.813175119999999879e+04 3.052494943022015378e-02
3.814526350999999704e+04 3.257491759444570978e-02
3.815877582999999868e+04 3.477230020875756583e-02
3.817228813999999693e+04 3.711036235051576315e-02
3.818580045999999857e+04 3.960545915149459029e-02
3.819931277000000409e+04 4.227491725468443540e-02
3.821282508999999845e+04 4.511692868462769540e-02
3.822633740000000398e+04 4.814846085076614213e-02
3.823984970999999496e+04 5.138853588839584902e-02
3.825336202999999659e+04 5.483188605526644055e-02
3.826687434000000212e+04 5.848963439311808538e-02
3.828038665999999648e+04 6.237862315479614228e-02
3.829389897000000201e+04 6.650346422620240228e-02
3.830741129000000365e+04 7.086690393358077711e-02
3.832092360000000190e+04 7.549345941789278869e-02
3.833443592000000353e+04 8.038278508900351116e-02
3.834794823000000179e+04 8.553075778295973763e-02
3.836146054000000004e+04 9.096185347177450364e-02
3.837497285999999440e+04 9.666253050864287433e-02
3.838848516999999993e+04 1.026338877537813360e-01
3.840199749000000156e+04 1.088980288867844176e-01
3.841550979999999981e+04 1.154393922818487406e-01
3.842902212000000145e+04 1.222469670467027786e-01
3.844253442999999970e+04 1.293295190655155413e-01
3.845604673999999795e+04 1.366781989335883740e-01
3.846955905999999959e+04 1.442709174472808775e-01
3.848307136999999784e+04 1.521038312806512749e-01
3.849658368999999948e+04 1.601742456903141598e-01
3.851009599999999773e+04 1.684328991448397483e-01
3.852360831999999937e+04 1.769100173374460738e-01
3.853712063000000489e+04 1.855732741227520410e-01
3.855063294999999925e+04 1.943649997997458079e-01
3.856414525999999751e+04 2.033135712206917967e-01
3.857765757000000303e+04 2.123867433882903888e-01
3.859116988999999739e+04 2.215141681806453711e-01
3.860468220000000292e+04 2.307394391986828386e-01
3.861819452000000456e+04 2.400238875538963368e-01
3.863170682999999553e+04 2.492829831295719500e-01
3.864521914999999717e+04 2.585896485424231672e-01
3.865873145999999542e+04 2.679041894592065765e-01
3.867224377000000095e+04 2.771576786842545603e-01
3.868575609000000259e+04 2.864027533299058348e-01
3.869926840000000084e+04 2.956094266247045743e-01
3.871278072000000247e+04 3.047224486480060723e-01
3.872629303000000073e+04 3.137869108594554257e-01
3.873980535000000236e+04 3.227863485590030113e-01
3.875331766000000061e+04 3.316649065868362278e-01
3.876682998000000225e+04 3.404526093023924616e-01
3.878034229000000050e+04 3.491324721426661837e-01
3.879385459999999875e+04 3.577004014463452952e-01
3.880736692000000039e+04 3.661176868104458748e-01
3.882087922999999864e+04 3.744035880723003418e-01
3.883439155000000028e+04 3.825037616427913734e-01
3.884790385999999853e+04 3.904160828589284815e-01
3.886141618000000017e+04 3.981517967974423922e-01
3.887492848999999842e+04 4.056879195052479625e-01
3.888844081000000006e+04 4.129972693909130799e-01
3.890195311999999831e+04 4.200928772830393454e-01
3.891546543000000383e+04 4.269747520246870987e-01
3.892897774999999820e+04 4.336023272798218975e-01
3.894249005999999645e+04 4.399752274039818722e-01
3.895600237999999808e+04 4.461022855014142863e-01
3.896951469000000361e+04 4.519357966907208146e-01
3.898302700999999797e+04 4.574839409266887591e-01
3.899653932000000350e+04 4.627620151102329049e-01
3.901005162999999447e+04 4.676858768688165191e-01
3.902356395000000339e+04 4.723010726247030000e-01
3.903707626000000164e+04 4.766285242057382021e-01
3.905058857999999600e+04 4.806453706977804607e-01
3.906410089000000153e+04 4.843742899994041284e-01
3.907761320999999589e+04 4.878377223420226061e-01
3.909112552000000142e+04 4.910338382870995666e-01
3.910463784000000305e+04 4.939533449386080965e-01
3.911815015000000130e+04 4.966274772593709530e-01
3.913166245999999956e+04 4.990664925163347254e-01
3.914517478000000119e+04 5.012403249610045686e-01
3.915868708999999944e+04 5.032024986557972479e-01
3.917219941000000108e+04 5.049572409087701441e-01
3.918571171999999933e+04 5.064743063211050167e-01
3.919922404000000097e+04 5.078233880394580346e-01
3.921273634999999922e+04 5.090276239074345010e-01
3.922624865999999747e+04 5.100543198211274776e-01
3.923976097999999911e+04 5.109600967904939228e-01
3.925327329000000464e+04 5.117857432067778323e-01
3.926678560999999900e+04 5.124787336470814081e-01
3.928029791999999725e+04 5.131075690817957780e-01
3.929381023999999888e+04 5.136362325257083361e-01
3.930732254999999714e+04 5.140759103002450203e-01
3.932083486999999877e+04 5.144695561898602332e-01
3.933434717999999702e+04 5.147887867573666121e-01
3.934785949000000255e+04 5.150471147799794425e-01
3.936137180999999691e+04 5.152915112599967262e-01
3.937488412000000244e+04 5.154778965619124520e-01
3.938839644000000408e+04 5.156416489859960706e-01
3.940190875000000233e+04 5.158261746565919736e-01
3.941542107000000397e+04 5.159745103784578735e-01
3.942893337999999494e+04 5.161263514048444190e-01
3.944244569000000047e+04 5.163085636851142413e-01
3.945595801000000210e+04 5.164589745743550786e-01
3.946947032000000036e+04 5.166132626729709187e-01
3.948298264000000199e+04 5.167932621549858885e-01
3.949649495000000024e+04 5.169377495398159716e-01
3.951000727000000188e+04 5.171267003374790949e-01
3.952351958000000741e+04 5.172721639598627519e-01
3.953703190000000177e+04 5.174221222836348222e-01
3.955054421000000002e+04 5.176290918646780925e-01
3.956405651999999827e+04 5.178057159766964457e-01
3.957756883999999991e+04 5.179901416603482911e-01
3.959108114999999816e+04 5.182470607090839954e-01
3.960459346999999980e+04 5.184763849594142826e-01
3.961810577999999805e+04 5.187055736208805445e-01
3.963161809999999969e+04 5.189828695464369090e-01
3.964513040999999794e+04 5.192144309458852636e-01
3.965864272999999957e+04 5.194368423104008814e-01
3.967215503999999783e+04 5.196972356340100463e-01
3.968566735000000335e+04 5.199112276709687563e-01
3.969917966999999771e+04 5.201110701643985035e-01
3.971269197999999597e+04 5.203500734513971659e-01
3.972620429999999760e+04 5.205637573532035933e-01
3.973971661000000313e+04 5.207789854658304574e-01
3.975322892999999749e+04 5.210403253794542167e-01
3.976674124000000302e+04 5.212645206691255417e-01
3.978025355000000127e+04 5.215236231987459004e-01
3.979376587000000291e+04 5.217292662171095774e-01
3.980727817999999388e+04 5.219255452107550708e-01
3.982079049999999552e+04 5.221490016610382812e-01
3.983430281000000105e+04 5.223032384999645172e-01
3.984781512999999541e+04 5.224465579869779219e-01
3.986132744000000093e+04 5.226214591711888513e-01
3.987483976000000257e+04 5.227439380068635844e-01
3.988835207000000082e+04 5.228618652088456997e-01
3.990186438000000635e+04 5.230181080380849057e-01
3.991537670000000071e+04 5.231323303865420549e-01
3.992888900999999896e+04 5.232439012417871016e-01
3.994240133000000060e+04 5.233994983015826108e-01
3.995591363999999885e+04 5.235060961974722371e-01
3.996942596000000049e+04 5.235935544596252988e-01
3.998293826999999874e+04 5.237080171230203973e-01
3.999645057999999699e+04 5.237701746921578083e-01
4.000996289999999863e+04 5.238165482107230986e-01
4.002347520999999688e+04 5.238584173707651059e-01
4.003698752999999851e+04 5.238767871357760120e-01
4.005049984000000404e+04 5.239122942706836428e-01
4.006401216000000568e+04 5.239350633783741440e-01
4.007752446999999665e+04 5.239687153330833125e-01
4.009103678999999829e+04 5.240216968300210887e-01
4.010454909999999654e+04 5.240527216812219669e-01
4.011806141000000207e+04 5.240851559136684434e-01
4.013157373000000371e+04 5.241345309626006532e-01
4.014508604000000196e+04 5.241477456493413012e-01
4.015859835999999632e+04 5.241511627852436517e-01
4.017211067000000185e+04 5.241702082676201746e-01
4.018562299000000348e+04 5.241603607786162744e-01
4.019913530000000173e+04 5.241541541612062538e-01
4.021264760999999999e+04 5.241770607744876687e-01
4.022615992999999435e+04 5.241804076762426323e-01
4.023967223999999987e+04 5.241891064776230680e-01
4.025318456000000151e+04 5.242386158332015267e-01
4.026669686999999976e+04 5.242760981074706672e-01
4.028020919000000140e+04 5.243324211499444942e-01
4.029372150000000693e+04 5.243609770255110991e-01
4.030723381999999401e+04 5.243858967094269241e-01
4.032074612999999954e+04 5.244326906709106950e-01
4.033425843999999779e+04 5.244473240130700376e-01
4.034777075999999943e+04 5.244593568239269699e-01
4.036128307000000495e+04 5.244939846001525074e-01
4.037479538999999204e+04 5.245024061847265440e-01
4.038830769999999757e+04 5.245243071093874665e-01
4.040182001999999920e+04 5.245868750055598939e-01
4.041533232999999746e+04 5.246242506827454299e-01
4.042884464999999909e+04 5.246680100415204162e-01
4.044235696000000462e+04 5.247529331967243360e-01
4.045586926999999559e+04 5.248015999998290049e-01
4.046938158999999723e+04 5.248494302911321796e-01
4.048289389999999548e+04 5.249296954815939609e-01
4.049640622000000440e+04 5.249648588684331374e-01
4.050991853000000265e+04 5.249998348218212207e-01
4.052343085000000428e+04 5.250792077280603820e-01
4.053694315999999526e+04 5.251137873437292658e-01
4.055045547000000079e+04 5.251796338288821087e-01
4.056396779000000242e+04 5.252128145429004746e-01
4.057748010000000068e+04 5.252608600111223769e-01
4.059099241999999504e+04 5.253676926682931958e-01
4.060450472999999329e+04 5.254342048328113357e-01
4.061801704999999492e+04 5.255043839663005034e-01
4.063152936000000045e+04 5.256224075375817151e-01
4.064504168000000209e+04 5.256786280577104842e-01
4.065855399000000034e+04 5.257330953675916074e-01
4.067206630000000587e+04 5.258381331757047139e-01
4.068557862000000750e+04 5.258822103032755324e-01
4.069909093000000576e+04 5.259237703741297398e-01
4.071260325000000012e+04 5.260273290429506865e-01
4.072611555999999837e+04 5.260674865512049436e-01
4.073962788000000000e+04 5.261104458387280136e-01
4.075314019000000553e+04 5.262273903514576023e-01
4.076665249999999651e+04 5.262862920358385432e-01
4.078016481999999814e+04 5.264140660080415257e-01
4.079367712999999640e+04 5.264778431637118228e-01
4.080718944999999803e+04 5.265421756750903182e-01
4.082070176000000356e+04 5.266608340036469382e-01
4.083421408000000520e+04 5.267014123222217847e-01
4.084772638999999617e+04 5.267350494144926731e-01
4.086123870999999781e+04 5.268313085272534613e-01
4.087475102000000334e+04 5.268476675262072639e-01
4.088826333000000159e+04 5.268623441792992246e-01
4.090177565000000322e+04 5.269540657898020841e-01
4.091528796000000148e+04 5.269713711628764008e-01
4.092880027999999584e+04 5.269967625026856783e-01
4.094231259000000136e+04 5.271050158724525092e-01
4.095582491000000300e+04 5.271354942102631780e-01
4.096933722000000125e+04 5.271618299583640255e-01
4.098284952999999950e+04 5.272688109780461208e-01
4.099636185000000842e+04 5.272870714560902172e-01
4.100987415999999939e+04 5.272923147979453606e-01
4.102338648000000103e+04 5.273742243249610606e-01
4.103689878999999200e+04 5.273675573833404018e-01
4.105041110999999364e+04 5.274326301899048275e-01
4.106392342000000644e+04 5.274036627253569920e-01
4.107743573999999353e+04 5.273818399517520294e-01
4.109094804999999906e+04 5.274498822894747585e-01
4.110446035999999731e+04 5.274371063076801480e-01
4.111797267999999895e+04 5.274306114481112084e-01
4.113148499000000447e+04 5.275181079827533370e-01
4.114499730999999883e+04 5.275160419088182895e-01
4.115850962000000436e+04 5.275077274303232588e-01
4.117202194000000600e+04 5.275811409336135238e-01
4.118553424999999697e+04 5.275611363275303223e-01
4.119904656999999861e+04 5.275334262781373740e-01
4.121255887999999686e+04 5.275867952315805853e-01
4.122607119000000239e+04 5.275509366307887804e-01
4.123958351000000403e+04 5.275177977870919577e-01
4.125309582000000228e+04 5.275810071240985000e-01
4.126660814000000391e+04 5.275703656032435518e-01
4.128012045000000217e+04 5.276549615526340276e-01
4.129363277000000380e+04 5.276625500952302206e-01
4.130714507999999478e+04 5.276850817436729013e-01
4.132065739000000031e+04 5.278015497003551992e-01
4.133416971000000194e+04 5.278394769835903499e-01
4.134768202000000019e+04 5.278801584723534779e-01
4.136119434000000183e+04 5.280037112432567348e-01
4.137470664999999281e+04 5.280427719800719899e-01
4.138821896999999444e+04 5.280829340761272750e-01
4.140173128000000725e+04 5.282086369168431661e-01
4.141524360000000161e+04 5.282621820445705385e-01
4.142875590999999986e+04 5.283258837107193129e-01
4.144226821999999083e+04 5.284851444276232879e-01
4.145578053999999247e+04 5.285943821990455316e-01
4.146929285000000527e+04 5.287199969602909277e-01
4.148280516999999963e+04 5.289322752358562862e-01
4.149631747999999789e+04 5.290806823887281851e-01
4.150982979999999952e+04 5.292342949550499220e-01
4.152334211000000505e+04 5.294614717078807153e-01
4.153685441999999603e+04 5.296295811341664717e-01
4.155036673999999766e+04 5.298687232212919707e-01
4.156387904999999591e+04 5.300392108480431741e-01
4.157739136999999027e+04 5.302076286127017646e-01
4.159090368000000308e+04 5.304514173642654873e-01
4.160441600000000471e+04 5.306435236601965144e-01
4.161792830999999569e+04 5.308414709017170718e-01
4.163144062999999733e+04 5.311051559596097205e-01
4.164495294000000285e+04 5.313199450073753383e-01
4.165846525000000111e+04 5.315423573481659059e-01
4.167197757000000274e+04 5.318222677417414612e-01
4.168548987999999372e+04 5.320461697279271762e-01
4.169900220000000263e+04 5.322626054542305418e-01
4.171251451000000088e+04 5.325081421831718842e-01
4.172602683000000252e+04 5.326903749419991119e-01
4.173953914000000077e+04 5.328611795297212295e-01
4.175305145999999513e+04 5.330558677407342127e-01
4.176656377000000793e+04 5.331968219668635767e-01
4.178007607999999891e+04 5.333643731756819717e-01
4.179358840000000055e+04 5.334910197693509826e-01
4.180710070999999880e+04 5.336003349342489654e-01
4.182061303000000044e+04 5.337314335745138028e-01
4.183412534000000596e+04 5.338223033699771580e-01
4.184763765999999305e+04 5.339024321088368108e-01
4.186114996999999858e+04 5.339897192882947508e-01
4.187466227999999683e+04 5.340228979749033211e-01
4.188817459999999846e+04 5.340277930383880989e-01
4.190168691000000399e+04 5.340230448495250082e-01
4.191519922999999835e+04 5.339650463249270285e-01
4.192871154000000388e+04 5.338863749705395900e-01
4.194222386000000552e+04 5.337970688422652987e-01
4.195573616999999649e+04 5.336657399883266706e-01
4.196924849000000540e+04 5.335199681403489658e-01
4.198276079999999638e+04 5.333786833344535960e-01
4.199627311000000191e+04 5.332076126880715972e-01
4.200978542999999627e+04 5.330143640941358285e-01
4.202329774000000180e+04 5.328229013163208183e-01
4.203681006000000343e+04 5.326063722220494290e-01
4.205032237000000168e+04 5.323788050470126265e-01
4.206383469000000332e+04 5.321234750181426110e-01
4.207734699999999430e+04 5.318587934783000071e-01
4.209085930999999982e+04 5.315759775526740505e-01
4.210437163000000146e+04 5.312655745552056219e-01
4.211788393999999971e+04 5.309376539643888560e-01
4.213139626000000135e+04 5.306101866007522094e-01
4.214490856999999232e+04 5.302727544841807639e-01
4.215842088999999396e+04 5.299334825385251246e-01
4.217193320000000676e+04 5.295968567252761217e-01
4.218544552000000112e+04 5.292672263796516230e-01
4.219895782999999938e+04 5.289284174292725460e-01
4.221247013999999035e+04 5.285895277792451719e-01
4.222598245999999199e+04 5.282550316164869031e-01
4.223949476999999752e+04 5.279177193029426229e-01
4.225300708999999915e+04 5.275583564625054844e-01
4.226651939999999740e+04 5.271881155228295146e-01
4.228003171999999176e+04 5.267906418557638526e-01
4.229354403000000457e+04 5.263694210835253573e-01
4.230705633999999554e+04 5.259194439745094041e-01
4.232056865999999718e+04 5.254548489303391134e-01
4.233408097000000998e+04 5.249760796177959099e-01
4.234759329000000434e+04 5.244599770820445039e-01
4.236110560000000260e+04 5.239027157270851331e-01
4.237461792000000423e+04 5.233265881596275149e-01
4.238813022999999521e+04 5.227055466544310303e-01
4.240164254999999685e+04 5.220262519124814204e-01
4.241515486000000237e+04 5.213022249909824435e-01
4.242866717000000062e+04 5.205220472207260363e-01
4.244217949000000226e+04 5.196404559952615410e-01
4.245569180000000051e+04 5.186297825346446455e-01
4.246920412000000942e+04 5.175057358641281802e-01
4.248271643000000040e+04 5.162542996084300562e-01
4.249622875000000204e+04 5.148683362877455316e-01
4.250974105999999301e+04 5.132775871827960357e-01
4.252325337999999465e+04 5.115368853107267189e-01
4.253676569000000745e+04 5.096271904598201896e-01
4.255027799999999843e+04 5.075265102417744201e-01
4.256379032000000007e+04 5.051895642611664572e-01
4.257730262999999832e+04 5.026236046642549304e-01
4.259081494999999995e+04 4.998262250904264015e-01
4.260432726000000548e+04 4.967829080203888248e-01
4.261783957999999984e+04 4.934666912425932361e-01
4.263135188999999809e+04 4.897886016435014644e-01
4.264486419999999634e+04 4.858056225604253653e-01
4.265837651999999798e+04 4.815220933894653887e-01
4.267188883000000351e+04 4.769473681264853049e-01
4.268540114999999787e+04 4.719604626133320213e-01
4.269891346000000340e+04 4.666190297223843375e-01
4.271242578000000503e+04 4.609750864771414713e-01
4.272593808999999601e+04 4.550287885054219439e-01
4.273945041000000492e+04 4.487101247483120670e-01
4.275296271999999590e+04 4.420000616885093603e-01
4.276647503000000142e+04 4.350007253277363706e-01
4.277998734999999579e+04 4.277280305311039754e-01
4.279349966000000131e+04 4.201536879431565508e-01
4.280701198000000295e+04 4.121400158800951896e-01
4.282052429000000120e+04 4.039057930282123898e-01
4.283403661000000284e+04 3.954467735826033281e-01
4.284754891999999381e+04 3.867841268795970677e-01
4.286106122999999934e+04 3.777508540119490776e-01
4.287457355000000098e+04 3.685641333227433480e-01
4.288808585999999923e+04 3.592557863248435623e-01
4.290159818000000087e+04 3.498546196258939256e-01
4.291511048999999184e+04 3.402280940723576563e-01
4.292862280999999348e+04 3.305445994951052846e-01
4.294213512000000628e+04 3.208611115523943291e-01
4.295564744000000064e+04 3.111665409644762681e-01
4.296915974999999889e+04 3.014067408016278260e-01
4.298267206000000442e+04 2.916835916059730138e-01
4.299618438000000606e+04 2.820243568585792393e-01
4.300969668999999703e+04 2.724536122536557747e-01
4.302320900999999867e+04 2.629502924436035727e-01
4.303672131999999692e+04 2.535459809495321237e-01
4.305023363999999128e+04 2.443113699862535515e-01
4.306374595000000409e+04 2.352312606231075631e-01
4.307725825999999506e+04 2.263032462055123983e-01
4.309077057999999670e+04 2.175694397773266786e-01
4.310428289000000950e+04 2.090341613511098595e-01
4.311779521000000386e+04 2.007122097929640581e-01
4.313130752000000211e+04 1.926058124586812470e-01
4.314481984000000375e+04 1.847071387017076849e-01
4.315833214999999473e+04 1.770340672359309031e-01
4.317184446999999636e+04 1.695954849359331829e-01
4.318535678000000189e+04 1.623652765698959666e-01
4.319886909000000014e+04 1.553598241791760981e-01
4.321238141000000178e+04 1.485876665463387036e-01
4.322589372000000731e+04 1.420310372670138821e-01
4.323940604000000894e+04 1.356954026569560934e-01
4.325291834999999992e+04 1.295906861464559690e-01
4.326643067000000156e+04 1.236952891841077984e-01
4.327994297999999253e+04 1.180155262873331251e-01
4.329345529999999417e+04 1.125550535780021066e-01
4.330696761000000697e+04 1.072968956837707516e-01
4.332047991999999795e+04 1.022429321900414079e-01
4.333399223999999958e+04 9.737968021543561004e-02
4.334750454999999783e+04 9.271301476932916619e-02
4.336101686999999947e+04 8.824005172750695736e-02
4.337452918000000500e+04 8.393855396346563968e-02
4.338804149999999936e+04 7.981154913264118522e-02
4.340155380999999761e+04 7.586466340604459957e-02
4.341506611999999586e+04 7.207840363711670584e-02
4.342857843999999750e+04 6.844769059417156465e-02
4.344209075000000303e+04 6.497436726068459012e-02
4.345560306999999739e+04 6.165838973142102886e-02
4.346911538000000292e+04 5.849350886179138093e-02
4.348262769999999728e+04 5.547134600199279952e-02
4.349614001000000280e+04 5.258018126528627573e-02
4.350965233000000444e+04 4.983045252570510869e-02
4.352316464000000269e+04 4.720999614117781656e-02
4.353667695000000094e+04 4.470912479207081458e-02
4.355018926999999530e+04 4.232493349842390840e-02
4.356370158000000083e+04 4.006374390812283970e-02
4.357721390000000247e+04 3.790884811160028650e-02
4.359072621000000072e+04 3.585666969275434768e-02
4.360423853000000236e+04 3.390078036376849291e-02
4.361775083999999333e+04 3.205572713283197372e-02
4.363126315000000614e+04 3.030098962198097060e-02
4.364477547000000777e+04 2.863186241454664799e-02
4.365828777999999875e+04 2.704385480346706977e-02
4.367180010000000038e+04 2.555226641433258616e-02
4.368531240999999136e+04 2.413547404083598441e-02
4.369882472999999300e+04 2.278958737249867778e-02
4.371233703999999852e+04 2.151146937797536809e-02
4.372584936000000016e+04 2.031234076925674675e-02
4.373936166999999841e+04 1.917527563130361212e-02
4.375287398000000394e+04 1.809544876499352348e-02
4.376638630000000558e+04 1.707657567770199530e-02
4.377989860999999655e+04 1.612445154026672517e-02
4.379341092999999819e+04 1.522214283639666821e-02
4.380692323999999644e+04 1.436031809576072613e-02
4.382043555999999080e+04 1.354492329208251133e-02
4.383394787000000360e+04 1.278289754675769954e-02
4.384746017999999458e+04 1.206446107586737169e-02
4.386097249999999622e+04 1.137816845492831477e-02
4.387448481000000902e+04 1.073507061038031507e-02
4.388799713000000338e+04 1.013348969236189251e-02
4.390150944000000163e+04 9.568152933905270732e-03
4.391502176000000327e+04 9.026202298128208415e-03
4.392853406999999424e+04 8.521974356908322210e-03
4.394204638999999588e+04 8.049747539917219766e-03
4.395555870000000141e+04 7.606567874864668399e-03
4.396907100999999966e+04 7.176178887287757227e-03
4.398258332999999402e+04 6.778260378161418340e-03
4.399609564000000682e+04 6.407361711815824472e-03
4.400960796000000846e+04 6.060067494558870997e-03
4.402312026999999944e+04 5.724182016510672572e-03
4.403663259000000107e+04 5.411986035432763201e-03
4.405014489999999205e+04 5.123300389201612681e-03
4.406365721999999369e+04 4.848978440628429025e-03
4.407716953000000649e+04 4.581695586121543873e-03
4.409068183999999746e+04 4.331377589290873881e-03
4.410419415999999910e+04 4.103958872524222576e-03
4.411770646999999735e+04 3.890488965615662188e-03
4.413121878999999899e+04 3.685555615568474747e-03
4.414473110000000452e+04 3.491145380319875605e-03
4.415824341999999888e+04 3.316518252522293077e-03
4.417175573000000441e+04 3.146906407095550508e-03
4.418526803999999538e+04 2.983208087326058491e-03
4.419878036000000429e+04 2.825555108087418783e-03
4.421229266999999527e+04 2.688657523625300784e-03
4.422580498999999691e+04 2.555132868578479863e-03
4.423931730000000243e+04 2.425470571872808106e-03
4.425282961999999679e+04 2.300176274177132951e-03
4.426634193000000232e+04 2.189149716738189675e-03
4.427985425000000396e+04 2.082801137759279688e-03
4.429336656000000221e+04 1.978015696602631983e-03
4.430687887000000046e+04 1.879690867223753363e-03
4.432039118999999482e+04 1.791427091180368110e-03
4.433390350000000035e+04 1.709012645380987138e-03
4.434741582000000199e+04 1.624487272234758153e-03
4.436092813000000024e+04 1.547170237656349300e-03
4.437444045000000187e+04 1.476497879016842180e-03
4.438795275999999285e+04 1.412482526791550980e-03
4.440146507000000565e+04 1.342809536888537030e-03
4.441497739000000729e+04 1.279756327481815920e-03
4.442848969999999827e+04 1.222401152106717542e-03
4.444200201999999990e+04 1.169617864941651470e-03
4.445551432999999088e+04 1.111281617504503898e-03
4.446902664999999979e+04 1.056832622392504892e-03
4.448253895999999804e+04 1.010883640123959662e-03
4.449605127999999968e+04 9.721736803898017951e-04
4.450956358999999793e+04 9.314749500033169590e-04
4.452307590000000346e+04 8.898676986993016725e-04
4.453658822000000509e+04 8.549355089900714712e-04
4.455010052999999607e+04 8.197630203413033400e-04
4.456361284999999771e+04 7.834831569432785430e-04
4.457712515999999596e+04 7.441385334951478893e-04
4.459063747999999032e+04 7.133970709434911536e-04
4.460414979000000312e+04 6.835998259356616726e-04
4.461766211000000476e+04 6.533805328218699133e-04
4.463117441999999573e+04 6.224919939413376280e-04
4.464468673000000854e+04 5.997139402179405953e-04
4.465819905000000290e+04 5.810285955919259650e-04
4.467171136000000115e+04 5.581403948733025056e-04
4.468522368000000279e+04 5.319433243573340681e-04
4.469873598999999376e+04 5.076711570483632583e-04
4.471224831000000995e+04 4.882998031472880231e-04
4.472576062000000093e+04 4.641686082447007457e-04
4.473927292999999918e+04 4.425378365014968765e-04
4.475278524999999354e+04 4.242987112582248250e-04
4.476629756000000634e+04 4.169367097554191174e-04
4.477980988000000798e+04 4.040373935957834554e-04
4.479332218999999895e+04 3.878507545780303985e-04
4.480683451000000059e+04 3.713591483650934650e-04
4.482034681999999884e+04 3.598077476281716846e-04
4.483385914000000048e+04 3.472678384901203884e-04
4.484737145000000601e+04 3.297031117117660151e-04
4.486088375999999698e+04 3.156973914770896061e-04
4.487439607999999862e+04 3.047827596769602508e-04
4.488790838999999687e+04 2.967659832044484622e-04
4.490142070999999851e+04 2.801999877049628131e-04
4.491493302000000403e+04 2.663604799858882116e-04
4.492844533999999840e+04 2.549013098893540639e-04
4.494195765000000392e+04 2.467302946638610917e-04
4.495546995999999490e+04 2.357804086013348915e-04
4.496898228000000381e+04 2.259736526697810944e-04
4.498249458999999479e+04 2.219201869431855847e-04
4.499600690999999642e+04 2.169776980352371219e-04
4.500951922000000195e+04 2.095304517254730349e-04
4.502303153999999631e+04 1.984744316046224005e-04
4.503654385000000184e+04 1.950706972806031986e-04
4.505005617000000348e+04 1.909639892542814047e-04
4.506356848000000173e+04 1.851031328768272641e-04
4.507708079000000726e+04 1.726169980946941351e-04
4.509059310999999434e+04 1.652221606551167849e-04
4.510410541999999987e+04 1.608686167759097697e-04
4.511761774000000150e+04 1.542530776755517022e-04
4.513113004999999976e+04 1.463168657678277766e-04
4.514464237000000139e+04 1.398108752998336764e-04
4.515815467999999237e+04 1.382576040423715426e-04
4.517166699000000517e+04 1.297263058513853536e-04
4.518517930999999953e+04 1.176706083907678622e-04
4.519869161999999778e+04 1.089140550785468067e-04
4.521220393999999942e+04 1.080464586974062998e-04
4.522571624999999767e+04 1.067552806889035880e-04
4.523922856999999931e+04 1.025483647801151663e-04
4.525274087999999756e+04 9.771051987478087688e-05
4.526625319999999920e+04 9.534973355600223502e-05
4.527976550999999745e+04 9.589080176753913849e-05
4.529327782000000298e+04 9.066591690608762273e-05
4.530679014000000461e+04 8.646082542474093670e-05
4.532030244999999559e+04 8.351685467690697011e-05
4.533381476999999722e+04 8.554859035630369313e-05
4.534732708000000275e+04 8.307156166567453246e-05
4.536083940000000439e+04 7.803267890698571121e-05
4.537435171000000264e+04 7.314666053462239460e-05
4.538786403000000428e+04 7.178452298126081210e-05
4.540137633999999525e+04 7.126693533927486884e-05
4.541488865000000078e+04 6.735205157945911634e-05
4.542840097000000242e+04 6.407335822368229292e-05
4.544191328000000067e+04 6.146581868097299802e-05
4.545542559999999503e+04 6.004433684006079769e-05
4.546893791000000783e+04 5.674142381577544755e-05
4.548245023000000947e+04 5.462054248905342342e-05
4.549596254000000044e+04 5.518624082735696789e-05
4.550947484999999870e+04 5.436715616327570039e-05
4.552298716999999306e+04 5.136792657393220260e-05
4.553649948000000586e+04 4.692274463034724625e-05
4.555001180000000750e+04 4.685459020060087109e-05
4.556352410999999847e+04 4.779165856069454731e-05
4.557703643000000011e+04 4.677532744651578280e-05
4.559054873999999836e+04 4.073507742933285856e-05
4.560406106000000000e+04 3.840191470438968584e-05
4.561757337000000553e+04 3.967375536825401441e-05
4.563108567999999650e+04 4.019546525754503228e-05
4.564459799999999814e+04 3.854309326154536420e-05
4.565811030999999639e+04 3.486562614727758080e-05
4.567162262999999803e+04 3.421521287065739763e-05
4.568513493999999628e+04 3.318896455989345890e-05
4.569864725999999791e+04 3.228161244346585345e-05
4.571215957000000344e+04 3.010266598079333746e-05
4.572567188000000169e+04 2.920297687821624746e-05
4.573918420000000333e+04 2.948197384120781301e-05
4.575269650999999430e+04 2.774072285295399595e-05
4.576620882999999594e+04 2.590936779328491141e-05
4.577972114000000147e+04 2.394633853913941390e-05
4.579323345999999583e+04 2.439030839308548460e-05
4.580674577000000136e+04 2.346044334675032571e-05
4.582025809000000299e+04 2.125531628470504292e-05
4.583377040000000125e+04 1.748788520450235745e-05
4.584728271000000677e+04 1.594502777484017788e-05
4.586079502999999386e+04 1.600951072654632263e-05
4.587430733999999939e+04 1.460515782682352657e-05
4.588781966000000102e+04 1.413861291337586428e-05
4.590133196999999927e+04 1.455664662132517862e-05
4.591484429000000091e+04 1.593544991839053720e-05
4.592835659999999189e+04 1.572074498088081622e-05
4.594186891000000469e+04 1.476159853574029295e-05
4.595538122999999905e+04 1.340075424465978120e-05
4.596889353999999730e+04 1.331395991976871279e-05
4.598240585999999894e+04 1.376771619307986006e-05
4.599591817000000447e+04 1.238246859790607955e-05
4.600943049000000610e+04 1.163576644349532282e-05
4.602294281000000774e+04 0.000000000000000000e+00
4.603645513000000210e+04 0.000000000000000000e+00
