3.000000000000000000e+03 0.000000000000000000e+00
3.020000000000000000e+03 0.000000000000000000e+00
3.040000000000000000e+03 0.000000000000000000e+00
3.060000000000000000e+03 0.000000000000000000e+00
3.080000000000000000e+03 0.000000000000000000e+00
3.100000000000000000e+03 0.000000000000000000e+00
3.120000000000000000e+03 0.000000000000000000e+00
3.140000000000000000e+03 0.000000000000000000e+00
3.160000000000000000e+03 0.000000000000000000e+00
3.180000000000000000e+03 0.000000000000000000e+00
3.200000000000000000e+03 0.000000000000000000e+00
3.220000000000000000e+03 0.000000000000000000e+00
3.240000000000000000e+03 0.000000000000000000e+00
3.260000000000000000e+03 0.000000000000000000e+00
3.280000000000000000e+03 0.000000000000000000e+00
3.300000000000000000e+03 0.000000000000000000e+00
3.320000000000000000e+03 0.000000000000000000e+00
3.340000000000000000e+03 0.000000000000000000e+00
3.360000000000000000e+03 0.000000000000000000e+00
3.380000000000000000e+03 0.000000000000000000e+00
3.400000000000000000e+03 0.000000000000000000e+00
3.420000000000000000e+03 0.000000000000000000e+00
3.440000000000000000e+03 0.000000000000000000e+00
3.460000000000000000e+03 0.000000000000000000e+00
3.480000000000000000e+03 0.000000000000000000e+00
3.500000000000000000e+03 0.000000000000000000e+00
3.520000000000000000e+03 0.000000000000000000e+00
3.540000000000000000e+03 0.000000000000000000e+00
3.560000000000000000e+03 0.000000000000000000e+00
3.580000000000000000e+03 0.000000000000000000e+00
3.600000000000000000e+03 0.000000000000000000e+00
3.620000000000000000e+03 0.000000000000000000e+00
3.640000000000000000e+03 0.000000000000000000e+00
3.660000000000000000e+03 0.000000000000000000e+00
3.680000000000000000e+03 0.000000000000000000e+00
3.700000000000000000e+03 0.000000000000000000e+00
3.720000000000000000e+03 0.000000000000000000e+00
3.740000000000000000e+03 0.000000000000000000e+00
3.760000000000000000e+03 0.000000000000000000e+00
3.780000000000000000e+03 0.000000000000000000e+00
3.800000000000000000e+03 0.000000000000000000e+00
3.820000000000000000e+03 0.000000000000000000e+00
3.840000000000000000e+03 0.000000000000000000e+00
3.860000000000000000e+03 0.000000000000000000e+00
3.880000000000000000e+03 0.000000000000000000e+00
3.900000000000000000e+03 0.000000000000000000e+00
3.920000000000000000e+03 0.000000000000000000e+00
3.940000000000000000e+03 0.000000000000000000e+00
3.960000000000000000e+03 0.000000000000000000e+00
3.980000000000000000e+03 0.000000000000000000e+00
4.000000000000000000e+03 0.000000000000000000e+00
4.020000000000000000e+03 0.000000000000000000e+00
4.040000000000000000e+03 0.000000000000000000e+00
4.060000000000000000e+03 0.000000000000000000e+00
4.080000000000000000e+03 0.000000000000000000e+00
4.100000000000000000e+03 0.000000000000000000e+00
4.120000000000000000e+03 0.000000000000000000e+00
4.140000000000000000e+03 0.000000000000000000e+00
4.160000000000000000e+03 0.000000000000000000e+00
4.180000000000000000e+03 0.000000000000000000e+00
4.200000000000000000e+03 0.000000000000000000e+00
4.220000000000000000e+03 0.000000000000000000e+00
4.240000000000000000e+03 0.000000000000000000e+00
4.260000000000000000e+03 0.000000000000000000e+00
4.280000000000000000e+03 0.000000000000000000e+00
4.300000000000000000e+03 0.000000000000000000e+00
4.320000000000000000e+03 0.000000000000000000e+00
4.340000000000000000e+03 0.000000000000000000e+00
4.360000000000000000e+03 0.000000000000000000e+00
4.380000000000000000e+03 0.000000000000000000e+00
4.400000000000000000e+03 0.000000000000000000e+00
4.420000000000000000e+03 0.000000000000000000e+00
4.440000000000000000e+03 0.000000000000000000e+00
4.460000000000000000e+03 0.000000000000000000e+00
4.480000000000000000e+03 0.000000000000000000e+00
4.500000000000000000e+03 0.000000000000000000e+00
4.520000000000000000e+03 0.000000000000000000e+00
4.540000000000000000e+03 0.000000000000000000e+00
4.560000000000000000e+03 0.000000000000000000e+00
4.580000000000000000e+03 0.000000000000000000e+00
4.600000000000000000e+03 0.000000000000000000e+00
4.620000000000000000e+03 0.000000000000000000e+00
4.640000000000000000e+03 0.000000000000000000e+00
4.660000000000000000e+03 0.000000000000000000e+00
4.680000000000000000e+03 0.000000000000000000e+00
4.700000000000000000e+03 0.000000000000000000e+00
4.720000000000000000e+03 0.000000000000000000e+00
4.740000000000000000e+03 0.000000000000000000e+00
4.760000000000000000e+03 0.000000000000000000e+00
4.780000000000000000e+03 0.000000000000000000e+00
4.800000000000000000e+03 0.000000000000000000e+00
4.820000000000000000e+03 0.000000000000000000e+00
4.840000000000000000e+03 0.000000000000000000e+00
4.860000000000000000e+03 0.000000000000000000e+00
4.880000000000000000e+03 0.000000000000000000e+00
4.900000000000000000e+03 0.000000000000000000e+00
4.920000000000000000e+03 0.000000000000000000e+00
4.940000000000000000e+03 0.000000000000000000e+00
4.960000000000000000e+03 0.000000000000000000e+00
4.980000000000000000e+03 0.000000000000000000e+00
5.000000000000000000e+03 0.000000000000000000e+00
5.020000000000000000e+03 0.000000000000000000e+00
5.040000000000000000e+03 0.000000000000000000e+00
5.060000000000000000e+03 0.000000000000000000e+00
5.080000000000000000e+03 0.000000000000000000e+00
5.100000000000000000e+03 0.000000000000000000e+00
5.120000000000000000e+03 0.000000000000000000e+00
5.140000000000000000e+03 0.000000000000000000e+00
5.160000000000000000e+03 0.000000000000000000e+00
5.180000000000000000e+03 0.000000000000000000e+00
5.200000000000000000e+03 0.000000000000000000e+00
5.220000000000000000e+03 0.000000000000000000e+00
5.240000000000000000e+03 0.000000000000000000e+00
5.260000000000000000e+03 0.000000000000000000e+00
5.280000000000000000e+03 0.000000000000000000e+00
5.300000000000000000e+03 0.000000000000000000e+00
5.320000000000000000e+03 0.000000000000000000e+00
5.340000000000000000e+03 1.000000000000000021e-03
5.360000000000000000e+03 1.000000000000000021e-03
5.380000000000000000e+03 1.000000000000000021e-03
5.400000000000000000e+03 1.000000000000000021e-03
5.420000000000000000e+03 1.000000000000000021e-03
5.440000000000000000e+03 1.000000000000000021e-03
5.460000000000000000e+03 1.000000000000000021e-03
5.480000000000000000e+03 1.000000000000000021e-03
5.500000000000000000e+03 1.000000000000000021e-03
5.520000000000000000e+03 1.000000000000000021e-03
5.540000000000000000e+03 2.000000000000000042e-03
5.560000000000000000e+03 2.000000000000000042e-03
5.580000000000000000e+03 2.000000000000000042e-03
5.600000000000000000e+03 2.000000000000000042e-03
5.620000000000000000e+03 2.000000000000000042e-03
5.640000000000000000e+03 2.000000000000000042e-03
5.660000000000000000e+03 3.000000000000000062e-03
5.680000000000000000e+03 3.000000000000000062e-03
5.700000000000000000e+03 5.000000000000000104e-03
5.720000000000000000e+03 1.000000000000000021e-02
5.740000000000000000e+03 2.999999999999999889e-02
5.760000000000000000e+03 7.399999999999999634e-02
5.780000000000000000e+03 1.910000000000000031e-01
5.800000000000000000e+03 4.909999999999999920e-01
5.820000000000000000e+03 5.749999999999999556e-01
5.840000000000000000e+03 4.949999999999999956e-01
5.860000000000000000e+03 5.350000000000000311e-01
5.880000000000000000e+03 6.099999999999999867e-01
5.900000000000000000e+03 6.310000000000000053e-01
5.920000000000000000e+03 6.330000000000000071e-01
5.940000000000000000e+03 6.550000000000000266e-01
5.960000000000000000e+03 6.810000000000000497e-01
5.980000000000000000e+03 6.850000000000000533e-01
6.000000000000000000e+03 6.780000000000000471e-01
6.020000000000000000e+03 6.810000000000000497e-01
6.040000000000000000e+03 6.909999999999999476e-01
6.060000000000000000e+03 6.969999999999999529e-01
6.080000000000000000e+03 6.929999999999999494e-01
6.100000000000000000e+03 6.889999999999999458e-01
6.120000000000000000e+03 6.879999999999999449e-01
6.140000000000000000e+03 6.909999999999999476e-01
6.160000000000000000e+03 6.949999999999999512e-01
6.180000000000000000e+03 6.939999999999999503e-01
6.200000000000000000e+03 6.929999999999999494e-01
6.220000000000000000e+03 6.919999999999999485e-01
6.240000000000000000e+03 6.919999999999999485e-01
6.260000000000000000e+03 6.929999999999999494e-01
6.280000000000000000e+03 6.949999999999999512e-01
6.300000000000000000e+03 6.969999999999999529e-01
6.320000000000000000e+03 6.989999999999999547e-01
6.340000000000000000e+03 7.019999999999999574e-01
6.360000000000000000e+03 7.059999999999999609e-01
6.380000000000000000e+03 7.089999999999999636e-01
6.400000000000000000e+03 7.099999999999999645e-01
6.420000000000000000e+03 7.119999999999999662e-01
6.440000000000000000e+03 7.129999999999999671e-01
6.460000000000000000e+03 7.159999999999999698e-01
6.480000000000000000e+03 7.169999999999999707e-01
6.500000000000000000e+03 7.189999999999999725e-01
6.520000000000000000e+03 7.219999999999999751e-01
6.540000000000000000e+03 7.229999999999999760e-01
6.560000000000000000e+03 7.239999999999999769e-01
6.580000000000000000e+03 7.259999999999999787e-01
6.600000000000000000e+03 7.279999999999999805e-01
6.620000000000000000e+03 7.269999999999999796e-01
6.640000000000000000e+03 7.279999999999999805e-01
6.660000000000000000e+03 7.269999999999999796e-01
6.680000000000000000e+03 7.279999999999999805e-01
6.700000000000000000e+03 7.289999999999999813e-01
6.720000000000000000e+03 7.299999999999999822e-01
6.740000000000000000e+03 7.339999999999999858e-01
6.760000000000000000e+03 7.389999999999999902e-01
6.780000000000000000e+03 7.429999999999999938e-01
6.800000000000000000e+03 7.439999999999999947e-01
6.820000000000000000e+03 7.449999999999999956e-01
6.840000000000000000e+03 7.439999999999999947e-01
6.860000000000000000e+03 7.449999999999999956e-01
6.880000000000000000e+03 7.449999999999999956e-01
6.900000000000000000e+03 7.500000000000000000e-01
6.920000000000000000e+03 7.550000000000000044e-01
6.940000000000000000e+03 7.580000000000000071e-01
6.960000000000000000e+03 7.620000000000000107e-01
6.980000000000000000e+03 7.670000000000000151e-01
7.000000000000000000e+03 7.680000000000000160e-01
7.020000000000000000e+03 7.690000000000000169e-01
7.040000000000000000e+03 7.700000000000000178e-01
7.060000000000000000e+03 7.710000000000000187e-01
7.080000000000000000e+03 7.750000000000000222e-01
7.100000000000000000e+03 7.790000000000000258e-01
7.120000000000000000e+03 7.840000000000000302e-01
7.140000000000000000e+03 7.830000000000000293e-01
7.160000000000000000e+03 7.840000000000000302e-01
7.180000000000000000e+03 7.840000000000000302e-01
7.200000000000000000e+03 7.830000000000000293e-01
7.220000000000000000e+03 7.850000000000000311e-01
7.240000000000000000e+03 7.840000000000000302e-01
7.260000000000000000e+03 7.820000000000000284e-01
7.280000000000000000e+03 7.800000000000000266e-01
7.300000000000000000e+03 7.760000000000000231e-01
7.320000000000000000e+03 7.730000000000000204e-01
7.340000000000000000e+03 7.710000000000000187e-01
7.360000000000000000e+03 7.680000000000000160e-01
7.380000000000000000e+03 7.710000000000000187e-01
7.400000000000000000e+03 7.700000000000000178e-01
7.420000000000000000e+03 7.730000000000000204e-01
7.440000000000000000e+03 7.710000000000000187e-01
7.460000000000000000e+03 7.710000000000000187e-01
7.480000000000000000e+03 7.740000000000000213e-01
7.500000000000000000e+03 7.710000000000000187e-01
7.520000000000000000e+03 7.720000000000000195e-01
7.540000000000000000e+03 7.720000000000000195e-01
7.560000000000000000e+03 7.740000000000000213e-01
7.580000000000000000e+03 7.730000000000000204e-01
7.600000000000000000e+03 7.740000000000000213e-01
7.620000000000000000e+03 7.740000000000000213e-01
7.640000000000000000e+03 7.720000000000000195e-01
7.660000000000000000e+03 7.670000000000000151e-01
7.680000000000000000e+03 7.650000000000000133e-01
7.700000000000000000e+03 7.570000000000000062e-01
7.720000000000000000e+03 7.540000000000000036e-01
7.740000000000000000e+03 7.540000000000000036e-01
7.760000000000000000e+03 7.530000000000000027e-01
7.780000000000000000e+03 7.540000000000000036e-01
7.800000000000000000e+03 7.550000000000000044e-01
7.820000000000000000e+03 7.560000000000000053e-01
7.840000000000000000e+03 7.570000000000000062e-01
7.860000000000000000e+03 7.620000000000000107e-01
7.880000000000000000e+03 7.630000000000000115e-01
7.900000000000000000e+03 7.660000000000000142e-01
7.920000000000000000e+03 7.630000000000000115e-01
7.940000000000000000e+03 7.680000000000000160e-01
7.960000000000000000e+03 7.690000000000000169e-01
7.980000000000000000e+03 7.720000000000000195e-01
8.000000000000000000e+03 7.770000000000000240e-01
8.020000000000000000e+03 7.780000000000000249e-01
8.040000000000000000e+03 7.800000000000000266e-01
8.060000000000000000e+03 7.800000000000000266e-01
8.080000000000000000e+03 7.790000000000000258e-01
8.100000000000000000e+03 7.800000000000000266e-01
8.120000000000000000e+03 7.780000000000000249e-01
8.140000000000000000e+03 7.750000000000000222e-01
8.160000000000000000e+03 7.710000000000000187e-01
8.180000000000000000e+03 7.720000000000000195e-01
8.200000000000000000e+03 7.690000000000000169e-01
8.220000000000000000e+03 7.670000000000000151e-01
8.240000000000000000e+03 7.640000000000000124e-01
8.260000000000000000e+03 7.620000000000000107e-01
8.280000000000000000e+03 7.630000000000000115e-01
8.300000000000000000e+03 7.610000000000000098e-01
8.320000000000000000e+03 7.610000000000000098e-01
8.340000000000000000e+03 7.620000000000000107e-01
8.360000000000000000e+03 7.630000000000000115e-01
8.380000000000000000e+03 7.630000000000000115e-01
8.400000000000000000e+03 7.630000000000000115e-01
8.420000000000000000e+03 7.630000000000000115e-01
8.440000000000000000e+03 7.620000000000000107e-01
8.460000000000000000e+03 7.630000000000000115e-01
8.480000000000000000e+03 7.610000000000000098e-01
8.500000000000000000e+03 7.610000000000000098e-01
8.520000000000000000e+03 7.580000000000000071e-01
8.540000000000000000e+03 7.590000000000000080e-01
8.560000000000000000e+03 7.580000000000000071e-01
8.580000000000000000e+03 7.580000000000000071e-01
8.600000000000000000e+03 7.590000000000000080e-01
8.620000000000000000e+03 7.580000000000000071e-01
8.640000000000000000e+03 7.590000000000000080e-01
8.660000000000000000e+03 7.600000000000000089e-01
8.680000000000000000e+03 7.600000000000000089e-01
8.700000000000000000e+03 7.610000000000000098e-01
8.720000000000000000e+03 7.620000000000000107e-01
8.740000000000000000e+03 7.630000000000000115e-01
8.760000000000000000e+03 7.630000000000000115e-01
8.780000000000000000e+03 7.640000000000000124e-01
8.800000000000000000e+03 7.640000000000000124e-01
8.820000000000000000e+03 7.650000000000000133e-01
8.840000000000000000e+03 7.650000000000000133e-01
8.860000000000000000e+03 7.650000000000000133e-01
8.880000000000000000e+03 7.650000000000000133e-01
8.900000000000000000e+03 7.630000000000000115e-01
8.920000000000000000e+03 7.610000000000000098e-01
8.940000000000000000e+03 7.590000000000000080e-01
8.960000000000000000e+03 7.560000000000000053e-01
8.980000000000000000e+03 7.520000000000000018e-01
9.000000000000000000e+03 7.479999999999999982e-01
9.020000000000000000e+03 7.419999999999999929e-01
9.040000000000000000e+03 7.369999999999999885e-01
9.060000000000000000e+03 7.319999999999999840e-01
9.080000000000000000e+03 7.249999999999999778e-01
9.100000000000000000e+03 7.189999999999999725e-01
9.120000000000000000e+03 7.129999999999999671e-01
9.140000000000000000e+03 7.089999999999999636e-01
9.160000000000000000e+03 7.039999999999999591e-01
9.180000000000000000e+03 6.969999999999999529e-01
9.200000000000000000e+03 6.939999999999999503e-01
9.220000000000000000e+03 6.909999999999999476e-01
9.240000000000000000e+03 6.870000000000000551e-01
9.260000000000000000e+03 6.850000000000000533e-01
9.280000000000000000e+03 6.820000000000000506e-01
9.300000000000000000e+03 6.770000000000000462e-01
9.320000000000000000e+03 6.750000000000000444e-01
9.340000000000000000e+03 6.710000000000000409e-01
9.360000000000000000e+03 6.660000000000000364e-01
9.380000000000000000e+03 6.620000000000000329e-01
9.400000000000000000e+03 6.560000000000000275e-01
9.420000000000000000e+03 6.500000000000000222e-01
9.440000000000000000e+03 6.410000000000000142e-01
9.460000000000000000e+03 6.350000000000000089e-01
9.480000000000000000e+03 6.260000000000000009e-01
9.500000000000000000e+03 6.159999999999999920e-01
9.520000000000000000e+03 6.049999999999999822e-01
9.540000000000000000e+03 5.939999999999999725e-01
9.560000000000000000e+03 5.819999999999999618e-01
9.580000000000000000e+03 5.709999999999999520e-01
9.600000000000000000e+03 5.570000000000000506e-01
9.620000000000000000e+03 5.440000000000000391e-01
9.640000000000000000e+03 5.300000000000000266e-01
9.660000000000000000e+03 5.140000000000000124e-01
9.680000000000000000e+03 4.989999999999999991e-01
9.700000000000000000e+03 4.839999999999999858e-01
9.720000000000000000e+03 4.689999999999999725e-01
9.740000000000000000e+03 4.530000000000000138e-01
9.760000000000000000e+03 4.380000000000000004e-01
9.780000000000000000e+03 4.239999999999999880e-01
9.800000000000000000e+03 4.109999999999999765e-01
9.820000000000000000e+03 3.990000000000000213e-01
9.840000000000000000e+03 3.860000000000000098e-01
9.860000000000000000e+03 3.729999999999999982e-01
9.880000000000000000e+03 3.619999999999999885e-01
9.900000000000000000e+03 3.509999999999999787e-01
9.920000000000000000e+03 3.420000000000000262e-01
9.940000000000000000e+03 3.330000000000000182e-01
9.960000000000000000e+03 3.210000000000000075e-01
9.980000000000000000e+03 3.089999999999999969e-01
1.000000000000000000e+04 2.989999999999999880e-01
1.002000000000000000e+04 2.869999999999999774e-01
1.004000000000000000e+04 2.760000000000000231e-01
1.006000000000000000e+04 2.630000000000000115e-01
1.008000000000000000e+04 2.520000000000000018e-01
1.010000000000000000e+04 2.399999999999999911e-01
1.012000000000000000e+04 2.270000000000000073e-01
1.014000000000000000e+04 2.169999999999999984e-01
1.016000000000000000e+04 2.049999999999999878e-01
1.018000000000000000e+04 1.940000000000000058e-01
1.020000000000000000e+04 1.839999999999999969e-01
1.022000000000000000e+04 1.739999999999999880e-01
1.024000000000000000e+04 1.640000000000000069e-01
1.026000000000000000e+04 1.559999999999999998e-01
1.028000000000000000e+04 1.469999999999999918e-01
1.030000000000000000e+04 1.390000000000000124e-01
1.032000000000000000e+04 1.320000000000000062e-01
1.034000000000000000e+04 1.250000000000000000e-01
1.036000000000000000e+04 1.170000000000000068e-01
1.038000000000000000e+04 1.110000000000000014e-01
1.040000000000000000e+04 1.039999999999999952e-01
1.042000000000000000e+04 9.700000000000000289e-02
1.044000000000000000e+04 8.999999999999999667e-02
1.046000000000000000e+04 8.300000000000000433e-02
1.048000000000000000e+04 7.699999999999999900e-02
1.050000000000000000e+04 7.000000000000000666e-02
1.052000000000000000e+04 6.300000000000000044e-02
1.054000000000000000e+04 5.700000000000000205e-02
1.056000000000000000e+04 5.099999999999999672e-02
1.058000000000000000e+04 4.399999999999999745e-02
1.060000000000000000e+04 3.799999999999999906e-02
1.062000000000000000e+04 0.000000000000000000e+00
1.064000000000000000e+04 0.000000000000000000e+00
1.066000000000000000e+04 0.000000000000000000e+00
1.068000000000000000e+04 0.000000000000000000e+00
1.070000000000000000e+04 0.000000000000000000e+00
1.072000000000000000e+04 0.000000000000000000e+00
1.074000000000000000e+04 0.000000000000000000e+00
1.076000000000000000e+04 0.000000000000000000e+00
1.078000000000000000e+04 0.000000000000000000e+00
1.080000000000000000e+04 0.000000000000000000e+00
1.082000000000000000e+04 0.000000000000000000e+00
1.084000000000000000e+04 0.000000000000000000e+00
1.086000000000000000e+04 0.000000000000000000e+00
1.088000000000000000e+04 0.000000000000000000e+00
1.090000000000000000e+04 0.000000000000000000e+00
1.092000000000000000e+04 0.000000000000000000e+00
1.094000000000000000e+04 0.000000000000000000e+00
1.096000000000000000e+04 0.000000000000000000e+00
1.098000000000000000e+04 0.000000000000000000e+00
