Teff	log(g)	T_BB_tess
1200.0	4.0	1651.72512
1200.0	4.5	1652.72962
1200.0	5.0	1668.05660
1200.0	5.5	1681.46289
1300.0	4.0	1692.13623
1300.0	4.5	1709.19110
1300.0	5.0	1740.05849
1300.0	5.5	1741.76167
1400.0	4.0	1734.30966
1400.0	4.5	1751.69541
1400.0	5.0	1770.11449
1400.0	5.5	1794.32604
1500.0	4.0	1727.70264
1500.0	4.5	1764.52337
1500.0	5.0	1793.61773
1500.0	5.5	1816.92345
1550.0	5.0	1793.61773
1550.0	5.5	1816.92345
1600.0	4.0	1757.62625
1600.0	4.5	1783.55329
1600.0	5.0	1796.27933
1600.0	5.5	1833.91691
1650.0	5.0	1796.27933
1650.0	5.5	1833.91691
1700.0	4.0	1763.54410
1700.0	4.5	1822.54792
1700.0	5.0	1845.45228
1700.0	5.5	1937.28681
1750.0	5.0	1845.45228
1750.0	5.5	1937.28681
1800.0	4.0	1880.17010
1800.0	4.5	1871.98497
1800.0	5.0	1911.03668
1800.0	5.5	2018.99449
1850.0	5.0	1911.03668
1850.0	5.5	2018.99449
1900.0	4.0	1924.26916
1900.0	4.5	1954.64989
1900.0	5.0	1976.17723
1900.0	5.5	2075.84657
1950.0	5.0	1976.17723
1950.0	5.5	2075.84657
2000.0	4.0	2054.65302
2000.0	4.5	2083.59206
2000.0	5.0	2002.74850
2000.0	5.5	2149.37832
2050.0	4.0	2054.65302
2050.0	4.5	2083.59206
2050.0	5.0	2002.74850
2100.0	4.0	2158.23220
2100.0	4.5	2166.77128
2100.0	5.0	2167.16949
2100.0	5.5	2224.93094
2150.0	4.0	2158.23220
2150.0	4.5	2166.77128
2150.0	5.0	2167.16949
2200.0	4.0	2243.34909
2200.0	4.5	2240.31082
2200.0	5.0	2228.72034
2200.0	5.5	2226.72535
2250.0	4.0	2243.34909
2250.0	4.5	2240.31082
2250.0	5.0	2228.72034
2300.0	4.0	2339.95160
2300.0	4.5	2415.40090
2300.0	5.0	2358.45546
2300.0	5.5	2449.79015
2350.0	4.0	2338.07759
2350.0	4.5	2415.11869
2350.0	5.0	2357.66660
2400.0	4.0	2443.65679
2400.0	4.5	2486.35419
2400.0	5.0	2453.80896
2400.0	5.5	2470.65708
2500.0	4.0	2540.00495
2500.0	4.5	2546.29481
2500.0	5.0	2556.77085
2500.0	5.5	2557.33000
2600.0	4.0	2634.67107
2600.0	4.5	2664.02094
2600.0	5.0	2647.31462
2600.0	5.5	2649.40672
2700.0	4.0	2727.93474
2700.0	4.5	2769.83606
2700.0	5.0	2739.11609
2700.0	5.5	2788.55535
2800.0	4.0	2824.13656
2800.0	4.5	2846.86970
2800.0	5.0	2846.42073
2800.0	5.5	2839.74097
2900.0	4.0	2908.48483
2900.0	4.5	2920.66241
2900.0	5.0	2928.31901
2900.0	5.5	2933.96850
3000.0	4.0	3000.07057
3000.0	4.5	3010.74730
3000.0	5.0	3023.95660
3000.0	5.5	3024.81172
3100.0	4.0	3094.04378
3100.0	4.5	3115.43335
3100.0	5.0	3115.01306
3100.0	5.5	3123.56607
3200.0	4.0	3183.00841
3200.0	4.5	3205.06806
3200.0	5.0	3205.90710
3200.0	5.5	3221.59560
3300.0	4.0	3273.27734
3300.0	4.5	3294.33386
3300.0	5.0	3303.69162
3300.0	5.5	3313.41140
3400.0	4.0	3364.85298
3400.0	4.5	3389.67742
3400.0	5.0	3391.93898
3400.0	5.5	3414.39912
3500.0	4.0	3457.02383
3500.0	4.5	3479.44701
3500.0	5.0	3488.12357
3500.0	5.5	3505.12881
3600.0	4.0	3552.98816
3600.0	4.5	3578.06687
3600.0	5.0	3592.74693
3600.0	5.5	3602.19909
3700.0	4.0	3652.40096
3700.0	4.5	3677.90111
3700.0	5.0	3698.00033
3700.0	5.5	3709.00106
3800.0	4.0	3759.86449
3800.0	4.5	3776.15982
3800.0	5.0	3793.41969
3800.0	5.5	3800.79406
3900.0	4.0	3872.77093
3900.0	4.5	3879.95139
3900.0	5.0	3892.88708
3900.0	5.5	3898.36690
4000.0	4.0	3989.23674
4000.0	4.5	3987.88763
4000.0	5.0	4001.59816
4000.0	5.5	4003.94045
4100.0	4.0	4120.91849
4100.0	4.5	4115.40322
4100.0	5.0	4112.98025
4100.0	5.5	4110.76971
4200.0	4.0	4241.68505
4200.0	4.5	4231.94298
4200.0	5.0	4226.43359
4200.0	5.5	4220.22405
4300.0	4.0	4355.97108
4300.0	4.5	4352.35092
4300.0	5.0	4346.95326
4300.0	5.5	4333.96478
4400.0	4.0	4469.12581
4400.0	4.5	4469.43744
4400.0	5.0	4462.13339
4400.0	5.5	4448.16856
4500.0	4.0	4580.20525
4500.0	4.5	4580.88211
4500.0	5.0	4578.58753
4500.0	5.5	4574.19426
4600.0	4.0	4689.30026
4600.0	4.5	4689.39738
4600.0	5.0	4693.39149
4600.0	5.5	4689.08267
4700.0	4.0	4797.03998
4700.0	4.5	4799.34873
4700.0	5.0	4803.40233
4700.0	5.5	4804.21086
4800.0	4.0	4902.58390
4800.0	4.5	4907.11884
4800.0	5.0	4911.77913
4800.0	5.5	4921.55080
4900.0	4.0	5011.69060
4900.0	4.5	5011.69980
4900.0	5.0	5019.19966
4900.0	5.5	5025.93621
5000.0	4.0	5118.27078
5000.0	4.5	5118.91219
5000.0	5.0	5124.84966
5000.0	5.5	5130.63735
5100.0	4.0	5224.50578
5100.0	4.5	5223.04600
5100.0	5.0	5230.34840
5100.0	5.5	5235.79065
5200.0	4.0	5328.99319
5200.0	4.5	5328.16865
5200.0	5.0	5336.01097
5200.0	5.5	5345.16284
5300.0	4.0	5436.16459
5300.0	4.5	5433.19573
5300.0	5.0	5439.28555
5300.0	5.5	5448.82392
5400.0	4.0	5541.02873
5400.0	4.5	5537.67688
5400.0	5.0	5545.02076
5400.0	5.5	5551.93215
5500.0	4.0	5646.12048
5500.0	4.5	5641.94038
5500.0	5.0	5652.89736
5500.0	5.5	5653.69761
5600.0	4.0	5751.50949
5600.0	4.5	5746.84498
5600.0	5.0	5751.54922
5600.0	5.5	5757.53702
5700.0	4.0	5858.71788
5700.0	4.5	5852.23990
5700.0	5.0	5854.44333
5700.0	5.5	5840.31498
5800.0	4.0	5964.95407
5800.0	4.5	5951.18571
5800.0	5.0	5956.63231
5800.0	5.5	5964.76322
5900.0	4.0	6070.49762
5900.0	4.5	6062.27350
5900.0	5.0	6059.42579
5900.0	5.5	6070.75552
6000.0	4.0	6171.16045
6000.0	4.5	6160.46511
6000.0	5.0	6157.16858
6000.0	5.5	6165.71261
6100.0	4.0	6279.05764
6100.0	4.5	6261.03040
6100.0	5.0	6262.63417
6100.0	5.5	6266.36487
6200.0	4.0	6383.45478
6200.0	4.5	6367.08872
6200.0	5.0	6363.32586
6200.0	5.5	6361.71992
6300.0	4.0	6486.72989
6300.0	4.5	6469.58162
6300.0	5.0	6463.37155
6300.0	5.5	6460.10926
6400.0	4.0	6591.12809
6400.0	4.5	6574.20319
6400.0	5.0	6565.10170
6400.0	5.5	6558.04297
6500.0	4.0	6696.15143
6500.0	4.5	6676.47775
6500.0	5.0	6665.81443
6500.0	5.5	6658.80462
6600.0	4.0	6800.90106
6600.0	4.5	6778.96011
6600.0	5.0	6767.36642
6600.0	5.5	6757.87653
6700.0	4.0	6904.41758
6700.0	4.5	6879.11500
6700.0	5.0	6868.90065
6700.0	5.5	6857.24685
6800.0	4.0	7010.75967
6800.0	4.5	6983.28078
6800.0	5.0	6971.97974
6800.0	5.5	6956.32055
6900.0	4.0	7117.68524
6900.0	4.5	7086.40898
6900.0	5.0	7072.30965
6900.0	5.5	7056.70710
