Teff	log(g)	T_BB_tess
3750.0	5.00	3912.97074
4000.0	5.00	4099.50101
4250.0	5.00	4309.58651
4500.0	5.00	4541.29176
4750.0	5.00	4784.83075
5000.0	5.00	5045.17183
5250.0	5.00	5285.63006
5500.0	5.00	5522.53905
5750.0	5.00	5757.35474
6000.0	5.00	5989.83737
6250.0	5.00	6221.55007
6500.0	5.00	6453.90691
7000.0	5.00	6929.98237
7500.0	5.00	7426.42485
8000.0	5.00	7939.53910
8500.0	5.00	8451.77834
9000.0	5.00	8916.33156
9500.0	5.00	9224.71902
10000.0	5.00	9544.34160
10500.0	5.00	9867.29082
11000.0	5.00	10184.77807
11500.0	5.00	10501.57310
12000.0	5.00	10801.98620
12500.0	5.00	11104.98499
13000.0	5.00	11404.09088
13500.0	5.00	11702.70445
14000.0	5.00	11999.09765
14500.0	5.00	12296.12158
15000.0	5.00	12590.85233
15500.0	5.00	12886.85870
16000.0	5.00	13184.40282
16500.0	5.00	13480.87182
17000.0	5.00	13779.93867
20000.0	5.00	15615.23087
25000.0	5.00	18978.41562
30000.0	5.00	23514.88716
35000.0	5.00	28858.39971
40000.0	5.00	32963.28624
45000.0	5.00	36396.09416
50000.0	5.00	39574.46248
55000.0	5.00	42540.84214
60000.0	5.00	45434.03320
3750.0	5.25	3925.01530
4000.0	5.25	4107.10882
4250.0	5.25	4313.25460
4500.0	5.25	4541.24352
4750.0	5.25	4783.02657
5000.0	5.25	5045.50999
5250.0	5.25	5285.27550
5500.0	5.25	5522.03549
5750.0	5.25	5756.40269
6000.0	5.25	5988.70399
6250.0	5.25	6220.04481
6500.0	5.25	6451.53673
7000.0	5.25	6923.38358
7500.0	5.25	7413.76979
8000.0	5.25	7921.40606
8500.0	5.25	8434.42072
9000.0	5.25	8914.47589
9500.0	5.25	9268.75366
10000.0	5.25	9554.49600
10500.0	5.25	9879.05271
11000.0	5.25	10194.77514
11500.0	5.25	10503.69156
12000.0	5.25	10808.37594
12500.0	5.25	11110.13886
13000.0	5.25	11408.34363
13500.0	5.25	11705.82011
14000.0	5.25	12001.87336
14500.0	5.25	12297.19086
15000.0	5.25	12592.21510
15500.0	5.25	12886.90876
16000.0	5.25	13182.81319
16500.0	5.25	13479.54022
17000.0	5.25	13776.90163
20000.0	5.25	15605.14302
25000.0	5.25	18941.91489
30000.0	5.25	23382.03641
35000.0	5.25	28637.36926
40000.0	5.25	32692.87520
45000.0	5.25	36054.61671
50000.0	5.25	39147.72959
55000.0	5.25	42006.53155
60000.0	5.25	44768.54468
3750.0	5.50	3938.48425
4000.0	5.50	4115.75914
4250.0	5.50	4317.92872
4500.0	5.50	4541.93983
4750.0	5.50	4781.72160
5000.0	5.50	5046.68114
5250.0	5.50	5285.76300
5500.0	5.50	5522.05605
5750.0	5.50	5756.22956
6000.0	5.50	5988.13265
6250.0	5.50	6219.14142
6500.0	5.50	6450.04353
7000.0	5.50	6918.25054
7500.0	5.50	7402.95094
8000.0	5.50	7904.93163
8500.0	5.50	8416.40052
9000.0	5.50	8910.63717
9500.0	5.50	9317.76605
10000.0	5.50	9592.17027
10500.0	5.50	9894.83925
11000.0	5.50	10208.95165
11500.0	5.50	10516.85057
12000.0	5.50	10818.96585
12500.0	5.50	11119.27498
13000.0	5.50	11418.10659
13500.0	5.50	11713.03672
14000.0	5.50	12008.65738
14500.0	5.50	12303.50399
15000.0	5.50	12597.76658
15500.0	5.50	12892.51510
16000.0	5.50	13188.12825
16500.0	5.50	13483.18970
17000.0	5.50	13780.72239
20000.0	5.50	15602.63265
25000.0	5.50	18922.68018
30000.0	5.50	23298.18216
35000.0	5.50	28473.25746
40000.0	5.50	32483.90910
45000.0	5.50	35790.32475
50000.0	5.50	38815.69253
55000.0	5.50	41590.58551
60000.0	5.50	44259.13625
3750.0	5.75	3952.23555
4000.0	5.75	4125.45546
4250.0	5.75	4323.53634
4500.0	5.75	4544.25758
4750.0	5.75	4780.88173
5000.0	5.75	5049.23893
5250.0	5.75	5286.93712
5500.0	5.75	5522.92951
5750.0	5.75	5756.85470
6000.0	5.75	5988.25055
6250.0	5.75	6218.59070
6500.0	5.75	6449.17366
7000.0	5.75	6914.30730
7500.0	5.75	7393.91980
8000.0	5.75	7890.36342
8500.0	5.75	8398.50769
9000.0	5.75	8898.99943
9500.0	5.75	9339.40396
10000.0	5.75	9645.04757
10500.0	5.75	9917.24170
11000.0	5.75	10225.62051
11500.0	5.75	10532.89088
12000.0	5.75	10833.81985
12500.0	5.75	11131.00876
13000.0	5.75	11427.97082
13500.0	5.75	11723.98791
14000.0	5.75	12018.98467
14500.0	5.75	12313.42942
15000.0	5.75	12607.65613
15500.0	5.75	12901.97387
16000.0	5.75	13196.72027
16500.0	5.75	13492.31204
17000.0	5.75	13790.17494
20000.0	5.75	15607.70065
25000.0	5.75	18916.66298
30000.0	5.75	23249.72504
35000.0	5.75	28355.46372
40000.0	5.75	32317.92573
45000.0	5.75	35577.21049
50000.0	5.75	38542.25708
55000.0	5.75	41254.67624
60000.0	5.75	43852.76073
3750.0	6.00	3967.21145
4000.0	6.00	4136.24846
4250.0	6.00	4330.10396
4500.0	6.00	4546.84773
4750.0	6.00	4780.61247
5000.0	6.00	5051.46894
5250.0	6.00	5289.47207
5500.0	6.00	5524.44982
5750.0	6.00	5757.98931
6000.0	6.00	5988.96696
6250.0	6.00	6218.90049
6500.0	6.00	6448.48422
7000.0	6.00	6911.63929
7500.0	6.00	7386.71808
8000.0	6.00	7877.73052
8500.0	6.00	8381.61939
9000.0	6.00	8885.03212
9500.0	6.00	9348.45405
10000.0	6.00	9711.06380
10500.0	6.00	9959.74665
11000.0	6.00	10247.97223
11500.0	6.00	10551.99646
12000.0	6.00	10851.64026
12500.0	6.00	11148.41316
13000.0	6.00	11443.80879
13500.0	6.00	11738.46188
14000.0	6.00	12032.90296
14500.0	6.00	12326.91298
15000.0	6.00	12620.92187
15500.0	6.00	12915.13210
16000.0	6.00	13209.87786
16500.0	6.00	13505.42506
17000.0	6.00	13802.07353
20000.0	6.00	15619.16140
25000.0	6.00	18922.04200
30000.0	6.00	23230.74707
35000.0	6.00	28272.09369
40000.0	6.00	32189.56211
45000.0	6.00	35403.10856
50000.0	6.00	38310.12308
55000.0	6.00	40965.45745
60000.0	6.00	43665.56063
65000.0	6.00	50366.24661
70000.0	6.00	53071.60312
75000.0	6.00	55772.05459
80000.0	6.00	58473.39215
85000.0	6.00	61181.01989
90000.0	6.00	63901.11866
100000.0	6.00	69437.82030
3750.0	6.25	3982.81232
4000.0	6.25	4148.10222
4250.0	6.25	4337.54177
4500.0	6.25	4550.33954
4750.0	6.25	4780.88846
5000.0	6.25	5055.91124
5250.0	6.25	5291.94958
5500.0	6.25	5526.72900
5750.0	6.25	5759.90197
6000.0	6.25	5990.34502
6250.0	6.25	6219.58884
6500.0	6.25	6448.45960
7000.0	6.25	6909.50707
7500.0	6.25	7380.87127
8000.0	6.25	7866.86820
8500.0	6.25	8365.98658
9000.0	6.25	8869.09031
9500.0	6.25	9346.84880
10000.0	6.25	9750.48290
10500.0	6.25	10027.18032
11000.0	6.25	10281.16649
11500.0	6.25	10576.19924
12000.0	6.25	10874.51851
12500.0	6.25	11169.93921
13000.0	6.25	11463.72381
13500.0	6.25	11757.02337
14000.0	6.25	12050.50999
14500.0	6.25	12343.84859
15000.0	6.25	12637.61041
15500.0	6.25	12931.68588
16000.0	6.25	13226.45523
16500.0	6.25	13522.03239
17000.0	6.25	13818.91232
20000.0	6.25	15635.92268
25000.0	6.25	18936.17216
30000.0	6.25	23229.37243
35000.0	6.25	28217.54924
40000.0	6.25	32092.27654
45000.0	6.25	35261.94069
50000.0	6.25	38188.59418
55000.0	6.25	40841.80195
60000.0	6.25	43351.68525
3750.0	6.50	3998.76118
4000.0	6.50	4161.03767
4250.0	6.50	4346.03289
4500.0	6.50	4554.80462
4750.0	6.50	4781.82657
5000.0	6.50	5059.93775
5250.0	6.50	5296.72182
5500.0	6.50	5530.08333
5750.0	6.50	5762.88916
6000.0	6.50	5992.81895
6250.0	6.50	6221.55867
6500.0	6.50	6449.52655
7000.0	6.50	6908.64491
7500.0	6.50	7376.91908
8000.0	6.50	7857.99581
8500.0	6.50	8352.46213
9000.0	6.50	8853.53997
9500.0	6.50	9340.74139
10000.0	6.50	9770.71391
10500.0	6.50	10103.82740
11000.0	6.50	10339.00249
11500.0	6.50	10607.58411
12000.0	6.50	10901.91410
12500.0	6.50	11196.05259
13000.0	6.50	11488.96289
13500.0	6.50	11780.38950
14000.0	6.50	12072.51735
14500.0	6.50	12365.14555
15000.0	6.50	12658.42217
15500.0	6.50	12952.28042
16000.0	6.50	13247.04333
16500.0	6.50	13542.81945
17000.0	6.50	13839.75641
20000.0	6.50	15658.26443
25000.0	6.50	18958.86796
30000.0	6.50	23246.44392
35000.0	6.50	28185.04539
40000.0	6.50	32017.61609
45000.0	6.50	35149.25361
50000.0	6.50	38017.00472
55000.0	6.50	40611.16204
60000.0	6.50	43067.93750
65000.0	6.50	49438.94442
70000.0	6.50	51949.72088
75000.0	6.50	54438.91287
80000.0	6.50	56917.34775
85000.0	6.50	59389.99100
90000.0	6.50	61864.28210
100000.0	6.50	66851.10034
3750.0	6.75	4014.86498
4000.0	6.75	4174.94685
4250.0	6.75	4355.49398
4500.0	6.75	4560.20661
4750.0	6.75	4784.01891
5000.0	6.75	5065.36081
5250.0	6.75	5300.78106
5500.0	6.75	5534.31506
5750.0	6.75	5766.67015
6000.0	6.75	5996.27819
6250.0	6.75	6224.04342
6500.0	6.75	6451.28242
7000.0	6.75	6908.16839
7500.0	6.75	7373.56513
8000.0	6.75	7850.94615
8500.0	6.75	8340.54126
9000.0	6.75	8838.89169
9500.0	6.75	9330.80993
10000.0	6.75	9781.14664
10500.0	6.75	10158.42837
11000.0	6.75	10422.91411
11500.0	6.75	10656.71779
12000.0	6.75	10934.50142
12500.0	6.75	11226.52740
13000.0	6.75	11517.68117
13500.0	6.75	11808.49683
14000.0	6.75	12099.22308
14500.0	6.75	12390.69392
15000.0	6.75	12683.24922
15500.0	6.75	12976.70938
16000.0	6.75	13271.33867
16500.0	6.75	13567.09116
17000.0	6.75	13864.40480
20000.0	6.75	15685.18755
25000.0	6.75	18988.93993
30000.0	6.75	23280.44981
35000.0	6.75	28171.01472
40000.0	6.75	31962.52164
45000.0	6.75	35057.10475
50000.0	6.75	37885.15275
55000.0	6.75	40469.13079
60000.0	6.75	42824.53131
3750.0	7.00	4030.88001
4000.0	7.00	4189.66670
4250.0	7.00	4365.97581
4500.0	7.00	4566.60939
4750.0	7.00	4787.08196
5000.0	7.00	5070.96415
5250.0	7.00	5306.34251
5500.0	7.00	5540.02405
5750.0	7.00	5771.47248
6000.0	7.00	6000.78358
6250.0	7.00	6227.96988
6500.0	7.00	6454.38246
7000.0	7.00	6909.24995
7500.0	7.00	7371.99002
8000.0	7.00	7845.65689
8500.0	7.00	8331.06582
9000.0	7.00	8825.87674
9500.0	7.00	9319.28094
10000.0	7.00	9784.85927
10500.0	7.00	10188.86742
11000.0	7.00	10511.22996
11500.0	7.00	10736.84770
12000.0	7.00	10981.05818
12500.0	7.00	11262.72061
13000.0	7.00	11552.58293
13500.0	7.00	11841.27996
14000.0	7.00	12130.66631
14500.0	7.00	12421.95502
15000.0	7.00	12713.74310
15500.0	7.00	13006.26291
16000.0	7.00	13300.42436
16500.0	7.00	13596.21894
17000.0	7.00	13893.82870
20000.0	7.00	15717.01750
25000.0	7.00	19027.15661
30000.0	7.00	23322.47311
35000.0	7.00	28174.19563
40000.0	7.00	31925.87539
45000.0	7.00	34987.17908
50000.0	7.00	37767.68271
55000.0	7.00	40239.82519
60000.0	7.00	42591.49172
65000.0	7.00	48798.13866
70000.0	7.00	51160.60648
75000.0	7.00	53489.84549
80000.0	7.00	55799.17723
85000.0	7.00	58098.21382
90000.0	7.00	60389.29929
100000.0	7.00	64985.12275
3750.0	7.25	4046.25061
4000.0	7.25	4204.96231
4250.0	7.25	4377.42602
4500.0	7.25	4573.92781
4750.0	7.25	4790.60072
5000.0	7.25	5076.81824
5250.0	7.25	5313.00268
5500.0	7.25	5546.06015
5750.0	7.25	5777.45484
6000.0	7.25	6006.27758
6250.0	7.25	6232.87115
6500.0	7.25	6458.40642
7000.0	7.25	6911.35201
7500.0	7.25	7371.24826
8000.0	7.25	7840.94453
8500.0	7.25	8322.07020
9000.0	7.25	8813.13361
9500.0	7.25	9306.75938
10000.0	7.25	9781.87902
10500.0	7.25	10206.70696
11000.0	7.25	10569.37022
11500.0	7.25	10838.12577
12000.0	7.25	11054.71660
12500.0	7.25	11308.13926
13000.0	7.25	11590.62048
13500.0	7.25	11878.62006
14000.0	7.25	12166.88403
14500.0	7.25	12456.53145
15000.0	7.25	12746.82422
15500.0	7.25	13039.03463
16000.0	7.25	13332.70653
16500.0	7.25	13628.27634
17000.0	7.25	13925.52894
20000.0	7.25	15751.33712
25000.0	7.25	19070.36886
30000.0	7.25	23376.09854
35000.0	7.25	28186.78829
40000.0	7.25	31900.16105
45000.0	7.25	34929.54767
50000.0	7.25	37650.24033
55000.0	7.25	40092.52971
60000.0	7.25	42440.30518
3750.0	7.50	4061.22626
4000.0	7.50	4220.68601
4250.0	7.50	4389.87200
4500.0	7.50	4582.27453
4750.0	7.50	4794.98920
5000.0	7.50	5083.79050
5250.0	7.50	5320.00959
5500.0	7.50	5553.56214
5750.0	7.50	5784.33480
6000.0	7.50	6013.18909
6250.0	7.50	6239.33533
6500.0	7.50	6464.21963
7000.0	7.50	6914.51888
7500.0	7.50	7372.27257
8000.0	7.50	7838.31065
8500.0	7.50	8315.52943
9000.0	7.50	8803.01596
9500.0	7.50	9294.30312
10000.0	7.50	9776.39394
10500.0	7.50	10218.44844
11000.0	7.50	10604.59062
11500.0	7.50	10929.51241
12000.0	7.50	11160.13289
12500.0	7.50	11379.97878
13000.0	7.50	11639.53744
13500.0	7.50	11921.89161
14000.0	7.50	12209.03434
14500.0	7.50	12496.58966
15000.0	7.50	12784.04188
15500.0	7.50	13078.80211
16000.0	7.50	13372.03474
16500.0	7.50	13666.74380
17000.0	7.50	13963.69700
20000.0	7.50	15791.02393
25000.0	7.50	19120.71015
30000.0	7.50	23441.89346
35000.0	7.50	28214.23798
40000.0	7.50	31889.96142
45000.0	7.50	34890.83741
50000.0	7.50	37579.42462
55000.0	7.50	40002.51787
60000.0	7.50	42259.22495
65000.0	7.50	46481.96304
70000.0	7.50	48670.66668
75000.0	7.50	50813.29238
80000.0	7.50	52911.24439
85000.0	7.50	55004.03870
90000.0	7.50	57077.90017
100000.0	7.50	61218.25336
3750.0	7.75	4074.72138
4000.0	7.75	4236.60970
4250.0	7.75	4403.16859
4500.0	7.75	4591.65606
4750.0	7.75	4800.31717
5000.0	7.75	5091.26693
5250.0	7.75	5327.18604
5500.0	7.75	5561.70786
5750.0	7.75	5793.13630
6000.0	7.75	6021.40320
6250.0	7.75	6247.38160
6500.0	7.75	6471.35025
7000.0	7.75	6919.49644
7500.0	7.75	7374.17954
8000.0	7.75	7837.28355
8500.0	7.75	8310.37513
9000.0	7.75	8793.40713
9500.0	7.75	9283.14366
10000.0	7.75	9767.90726
10500.0	7.75	10224.00357
11000.0	7.75	10629.46549
11500.0	7.75	10985.79578
12000.0	7.75	11273.59477
12500.0	7.75	11486.13647
13000.0	7.75	11711.68699
13500.0	7.75	11974.67059
14000.0	7.75	12256.27840
14500.0	7.75	12543.02041
15000.0	7.75	12833.30550
15500.0	7.75	13120.27042
16000.0	7.75	13414.78351
16500.0	7.75	13709.10281
17000.0	7.75	14005.29522
20000.0	7.75	15834.55816
25000.0	7.75	19178.62643
30000.0	7.75	23517.18996
35000.0	7.75	28251.44439
40000.0	7.75	31891.43087
45000.0	7.75	34862.40555
50000.0	7.75	37497.62807
55000.0	7.75	39865.45452
60000.0	7.75	42157.34267
65000.0	7.75	48176.34081
70000.0	7.75	50380.00716
75000.0	7.75	52535.33652
80000.0	7.75	54643.27033
85000.0	7.75	56744.92469
90000.0	7.75	58826.08937
100000.0	7.75	62975.86803
3750.0	8.00	4088.14267
4000.0	8.00	4252.43611
4250.0	8.00	4417.13012
4500.0	8.00	4601.92803
4750.0	8.00	4806.64731
5000.0	8.00	5099.50369
5250.0	8.00	5335.32647
5500.0	8.00	5570.64469
5750.0	8.00	5802.80115
6000.0	8.00	6031.02905
6250.0	8.00	6256.73726
6500.0	8.00	6480.15997
7000.0	8.00	6926.12952
7500.0	8.00	7378.06966
8000.0	8.00	7837.61037
8500.0	8.00	8306.88883
9000.0	8.00	8785.76335
9500.0	8.00	9272.96715
10000.0	8.00	9758.77952
10500.0	8.00	10225.69803
11000.0	8.00	10647.44779
11500.0	8.00	11024.15266
12000.0	8.00	11355.73898
12500.0	8.00	11612.51105
13000.0	8.00	11819.77345
13500.0	8.00	12052.45999
14000.0	8.00	12314.70169
14500.0	8.00	12595.59656
15000.0	8.00	12883.10399
15500.0	8.00	13168.40431
16000.0	8.00	13461.63347
16500.0	8.00	13759.90024
17000.0	8.00	14053.82112
20000.0	8.00	15884.33825
25000.0	8.00	19242.37947
30000.0	8.00	23602.46548
35000.0	8.00	28297.70773
40000.0	8.00	31901.88979
45000.0	8.00	34847.00628
50000.0	8.00	37455.65511
55000.0	8.00	39800.53041
60000.0	8.00	42034.06564
3750.0	8.25	4099.33951
4000.0	8.25	4267.94214
4250.0	8.25	4431.59321
4500.0	8.25	4613.08589
4750.0	8.25	4813.98333
5000.0	8.25	5108.35232
5250.0	8.25	5344.17328
5500.0	8.25	5580.19475
5750.0	8.25	5813.31339
6000.0	8.25	6042.17353
6250.0	8.25	6267.66704
6500.0	8.25	6490.72169
7000.0	8.25	6934.87983
7500.0	8.25	7383.81288
8000.0	8.25	7839.99776
8500.0	8.25	8305.09760
9000.0	8.25	8779.50359
9500.0	8.25	9263.36467
10000.0	8.25	9749.03810
10500.0	8.25	10222.53602
11000.0	8.25	10660.32171
11500.0	8.25	11053.25750
12000.0	8.25	11409.13110
12500.0	8.25	11719.47301
13000.0	8.25	11955.16612
13500.0	8.25	12162.38467
14000.0	8.25	12396.17688
14500.0	8.25	12660.13494
15000.0	8.25	12940.38495
15500.0	8.25	13226.35598
16000.0	8.25	13516.07026
16500.0	8.25	13807.36080
17000.0	8.25	14109.74047
20000.0	8.25	15937.75875
25000.0	8.25	19313.05080
30000.0	8.25	23695.71765
35000.0	8.25	28351.32613
40000.0	8.25	31923.67135
45000.0	8.25	34841.24222
50000.0	8.25	37412.00800
55000.0	8.25	39749.41805
60000.0	8.25	41922.98640
65000.0	8.25	47907.35763
70000.0	8.25	50041.53145
75000.0	8.25	52119.05491
80000.0	8.25	54148.46135
85000.0	8.25	56144.96904
90000.0	8.25	58131.66823
100000.0	8.25	62064.79608
3750.0	8.50	4108.76894
4000.0	8.50	4282.89016
4250.0	8.50	4446.35630
4500.0	8.50	4625.12408
4750.0	8.50	4822.30777
5000.0	8.50	5117.28969
5250.0	8.50	5353.42791
5500.0	8.50	5590.28248
5750.0	8.50	5824.88341
6000.0	8.50	6054.85164
6250.0	8.50	6280.72914
6500.0	8.50	6503.29282
7000.0	8.50	6945.54304
7500.0	8.50	7391.45424
8000.0	8.50	7844.31742
8500.0	8.50	8304.98325
9000.0	8.50	8775.22708
9500.0	8.50	9255.01301
10000.0	8.50	9739.25677
10500.0	8.50	10217.40702
11000.0	8.50	10667.90691
11500.0	8.50	11076.86899
12000.0	8.50	11449.47038
12500.0	8.50	11789.70990
13000.0	8.50	12083.02812
13500.0	8.50	12306.91461
14000.0	8.50	12515.36175
14500.0	8.50	12749.28649
15000.0	8.50	13012.40039
15500.0	8.50	13292.25076
16000.0	8.50	13579.98458
16500.0	8.50	13869.29379
17000.0	8.50	14164.42949
20000.0	8.50	15997.11914
25000.0	8.50	19388.26772
30000.0	8.50	23799.14846
35000.0	8.50	28411.68693
40000.0	8.50	31945.14955
45000.0	8.50	34844.94155
50000.0	8.50	37353.43686
55000.0	8.50	39666.17876
60000.0	8.50	41884.52045
65000.0	8.50	47813.12352
70000.0	8.50	49911.50400
75000.0	8.50	51956.08704
80000.0	8.50	53959.75698
85000.0	8.50	55933.93916
90000.0	8.50	57884.35160
100000.0	8.50	61744.56114
3750.0	8.75	4116.08635
4000.0	8.75	4296.88174
4250.0	8.75	4461.13907
4500.0	8.75	4637.81329
4750.0	8.75	4831.44018
5000.0	8.75	5127.49810
5250.0	8.75	5363.07593
5500.0	8.75	5600.97352
5750.0	8.75	5836.88976
6000.0	8.75	6068.40029
6250.0	8.75	6295.11030
6500.0	8.75	6518.05338
7000.0	8.75	6958.58220
7500.0	8.75	7401.74788
8000.0	8.75	7850.33345
8500.0	8.75	8307.00950
9000.0	8.75	8772.96029
9500.0	8.75	9248.02603
10000.0	8.75	9729.55506
10500.0	8.75	10209.94920
11000.0	8.75	10671.27605
11500.0	8.75	11094.88659
12000.0	8.75	11482.47214
12500.0	8.75	11841.33164
13000.0	8.75	12169.90028
13500.0	8.75	12451.05838
14000.0	8.75	12669.90621
14500.0	8.75	12878.79811
15000.0	8.75	13113.00544
15500.0	8.75	13372.43030
16000.0	8.75	13649.30742
16500.0	8.75	13934.31718
17000.0	8.75	14224.05621
20000.0	8.75	16061.84026
25000.0	8.75	19469.88294
30000.0	8.75	23906.68815
35000.0	8.75	28477.61144
40000.0	8.75	31977.34367
45000.0	8.75	34855.65228
50000.0	8.75	37329.72430
55000.0	8.75	39613.99044
60000.0	8.75	41767.87719
3750.0	9.00	4119.71951
4000.0	9.00	4309.47373
4250.0	9.00	4475.55452
4500.0	9.00	4651.00039
4750.0	9.00	4842.34265
5000.0	9.00	5138.59020
5250.0	9.00	5373.24288
5500.0	9.00	5611.74185
5750.0	9.00	5849.39420
6000.0	9.00	6083.00659
6250.0	9.00	6311.33885
6500.0	9.00	6534.71872
7000.0	9.00	6974.29708
7500.0	9.00	7414.73915
8000.0	9.00	7859.64592
8500.0	9.00	8311.78456
9000.0	9.00	8772.39962
9500.0	9.00	9242.05881
10000.0	9.00	9721.75652
10500.0	9.00	10202.26668
11000.0	9.00	10671.43853
11500.0	9.00	11109.02317
12000.0	9.00	11510.09920
12500.0	9.00	11883.05845
13000.0	9.00	12232.92020
13500.0	9.00	12553.63300
14000.0	9.00	12827.74033
14500.0	9.00	13044.96746
15000.0	9.00	13254.23429
15500.0	9.00	13486.64163
16000.0	9.00	13740.88245
16500.0	9.00	14016.06678
17000.0	9.00	14302.60784
20000.0	9.00	16132.80111
25000.0	9.00	19558.70080
30000.0	9.00	24020.71772
35000.0	9.00	28548.18276
40000.0	9.00	32015.45563
45000.0	9.00	34873.63219
50000.0	9.00	37313.77264
55000.0	9.00	39579.08271
60000.0	9.00	41694.90548
65000.0	9.00	47673.16675
70000.0	9.00	49723.86112
75000.0	9.00	51717.13202
80000.0	9.00	53665.86016
85000.0	9.00	55580.49371
90000.0	9.00	57468.02105
100000.0	9.00	61185.25099
3750.0	9.25	4119.08961
4000.0	9.25	4319.74218
4250.0	9.25	4489.22863
4500.0	9.25	4664.35966
4750.0	9.25	4852.52264
5000.0	9.25	5151.13604
5250.0	9.25	5384.03100
5500.0	9.25	5622.67665
5750.0	9.25	5861.95232
6000.0	9.25	6097.88225
6250.0	9.25	6328.48838
6500.0	9.25	6553.46421
7000.0	9.25	6992.54114
7500.0	9.25	7429.88849
8000.0	9.25	7871.56021
8500.0	9.25	8319.23489
9000.0	9.25	8774.30091
9500.0	9.25	9238.11848
10000.0	9.25	9712.45493
10500.0	9.25	10192.06836
11000.0	9.25	10666.33049
11500.0	9.25	11116.61949
12000.0	9.25	11531.79362
12500.0	9.25	11917.51061
13000.0	9.25	12281.35171
13500.0	9.25	12625.20821
14000.0	9.25	12940.98481
14500.0	9.25	13212.45921
15000.0	9.25	13432.66078
15500.0	9.25	13641.83959
16000.0	9.25	13867.77826
16500.0	9.25	14121.16946
17000.0	9.25	14384.08522
20000.0	9.25	16206.32171
25000.0	9.25	19651.30855
30000.0	9.25	24139.50602
35000.0	9.25	28621.35286
40000.0	9.25	32054.21306
45000.0	9.25	34894.79456
50000.0	9.25	37302.88075
55000.0	9.25	39565.22196
60000.0	9.25	41644.56142
3750.0	9.50	4116.33076
4000.0	9.50	4326.97719
4250.0	9.50	4501.53279
4500.0	9.50	4677.30954
4750.0	9.50	4864.27632
5000.0	9.50	5173.41062
5250.0	9.50	5394.77123
5500.0	9.50	5633.80629
5750.0	9.50	5874.55439
6000.0	9.50	6113.18328
6250.0	9.50	6346.39857
6500.0	9.50	6573.75540
7000.0	9.50	7013.78403
7500.0	9.50	7448.26012
8000.0	9.50	7886.37775
8500.0	9.50	8330.03923
9000.0	9.50	8779.72285
9500.0	9.50	9238.20083
10000.0	9.50	9705.54941
10500.0	9.50	10181.08192
11000.0	9.50	10658.08356
11500.0	9.50	11119.11566
12000.0	9.50	11548.40546
12500.0	9.50	11946.87672
13000.0	9.50	12322.69042
13500.0	9.50	12681.03412
14000.0	9.50	13021.13087
14500.0	9.50	13334.93365
15000.0	9.50	13608.07112
15500.0	9.50	13834.81536
16000.0	9.50	14043.69127
16500.0	9.50	14264.60809
17000.0	9.50	14512.98525
20000.0	9.50	17289.50690
25000.0	9.50	19750.27981
30000.0	9.50	24263.79716
35000.0	9.50	28698.59992
40000.0	9.50	32098.80021
45000.0	9.50	34923.61223
50000.0	9.50	37275.35024
55000.0	9.50	39493.47682
60000.0	9.50	41586.31516
65000.0	9.50	47579.38844
70000.0	9.50	49595.00346
75000.0	9.50	51548.61793
80000.0	9.50	53458.88263
85000.0	9.50	55330.42830
90000.0	9.50	57170.66944
100000.0	9.50	60785.39190
