Teff	log(g)	T_BB_g	T_BB_r	T_BB_i
5000.0	6.50	5132.31336	5072.01737	5054.43341
5000.0	6.75	5131.90603	5074.64186	5057.97507
5000.0	7.00	5131.70361	5076.92376	5060.67629
5000.0	7.25	5131.58217	5080.11936	5064.50511
5000.0	7.50	5131.43638	5082.64042	5067.06466
5000.0	7.75	5131.29053	5085.86359	5070.30477
5000.0	8.00	5131.12553	5089.86462	5074.52153
5000.0	8.25	5130.80729	5093.19815	5077.61661
5000.0	8.50	5130.85907	5098.10458	5082.78684
5000.0	8.75	5130.50889	5102.67549	5087.37078
5000.0	9.00	5130.33147	5107.75499	5092.56519
5000.0	9.25	5129.76412	5112.29848	5097.53347
5000.0	9.50	5129.11078	5117.93172	5103.77106
5250.0	6.50	5402.25747	5325.83285	5304.69499
5250.0	6.75	5400.75838	5327.51398	5307.60676
5250.0	7.00	5400.21648	5331.20658	5313.13568
5250.0	7.25	5400.37412	5334.73728	5317.99153
5250.0	7.50	5400.92710	5338.24052	5322.20752
5250.0	7.75	5401.60934	5342.15018	5326.74181
5250.0	8.00	5402.05599	5346.35156	5331.42729
5250.0	8.25	5402.50346	5350.04428	5335.00109
5250.0	8.50	5402.81965	5354.57063	5339.62678
5250.0	8.75	5403.08994	5359.20460	5344.40280
5250.0	9.00	5403.30297	5365.23719	5350.48189
5250.0	9.25	5403.30808	5369.81816	5355.27383
5250.0	9.50	5403.88137	5376.89604	5362.67363
5500.0	6.50	5673.46252	5580.98775	5556.10319
5500.0	6.75	5670.30676	5583.15765	5560.50715
5500.0	7.00	5667.18059	5583.78771	5563.39136
5500.0	7.25	5666.58987	5585.25605	5566.97659
5500.0	7.50	5667.19897	5589.75988	5571.90604
5500.0	7.75	5668.64282	5594.61946	5578.15839
5500.0	8.00	5670.37722	5600.25161	5585.06316
5500.0	8.25	5671.85945	5605.40996	5590.86933
5500.0	8.50	5673.20363	5610.74789	5596.85203
5500.0	8.75	5674.22342	5615.64081	5602.10431
5500.0	9.00	5675.06992	5622.48233	5608.94300
5500.0	9.25	5675.64850	5628.59154	5614.97440
5500.0	9.50	5676.16240	5633.95253	5620.54695
5750.0	6.50	5940.49589	5830.57512	5800.32166
5750.0	6.75	5939.28336	5835.50505	5808.12191
5750.0	7.00	5937.52393	5836.20106	5812.38312
5750.0	7.25	5934.66875	5839.44502	5817.25647
5750.0	7.50	5932.54312	5842.15142	5822.67108
5750.0	7.75	5932.67634	5845.00263	5827.58095
5750.0	8.00	5934.98832	5849.94214	5833.62959
5750.0	8.25	5937.95868	5857.19788	5842.47569
5750.0	8.50	5940.96188	5862.58780	5849.52543
5750.0	8.75	5943.72233	5868.52667	5856.82898
5750.0	9.00	5945.92756	5876.77445	5864.87423
5750.0	9.25	5947.64661	5883.84331	5871.92856
5750.0	9.50	5948.85668	5891.71777	5879.93302
6000.0	6.50	6197.87557	6072.99603	6038.66272
6000.0	6.75	6199.14379	6075.58654	6044.73615
6000.0	7.00	6200.51351	6083.68947	6053.78232
6000.0	7.25	6200.83441	6089.73778	6063.35140
6000.0	7.50	6199.41835	6092.38121	6068.64209
6000.0	7.75	6198.33270	6095.83235	6075.38953
6000.0	8.00	6198.47744	6100.89542	6083.51066
6000.0	8.25	6200.15928	6104.63292	6090.03429
6000.0	8.50	6203.99620	6109.84761	6097.83716
6000.0	8.75	6208.85611	6119.36425	6108.80304
6000.0	9.00	6213.59159	6128.30258	6117.33122
6000.0	9.25	6217.43957	6137.03481	6126.92563
6000.0	9.50	6220.57879	6146.67151	6137.32128
6250.0	6.50	6453.22135	6312.35388	6275.85347
6250.0	6.75	6453.93574	6319.37822	6282.88217
6250.0	7.00	6455.15479	6324.61286	6291.73256
6250.0	7.25	6458.22350	6330.90720	6301.23677
6250.0	7.50	6460.85670	6337.37353	6309.09912
6250.0	7.75	6461.50472	6343.46461	6319.51230
6250.0	8.00	6462.11198	6348.86601	6328.44259
6250.0	8.25	6463.54285	6353.55784	6337.59335
6250.0	8.50	6466.20492	6360.06158	6347.36563
6250.0	8.75	6470.27200	6367.59382	6357.69583
6250.0	9.00	6475.57990	6375.69890	6368.05419
6250.0	9.25	6482.43556	6386.03065	6378.81437
6250.0	9.50	6488.75611	6396.67196	6389.84342
6500.0	6.50	6706.08331	6557.51665	6515.60479
6500.0	6.75	6705.41019	6560.27285	6521.93399
6500.0	7.00	6706.73605	6563.14612	6527.21978
6500.0	7.25	6709.32186	6568.96336	6534.13208
6500.0	7.50	6712.43630	6575.16968	6545.02129
6500.0	7.75	6716.21602	6583.30534	6556.79029
6500.0	8.00	6719.50966	6588.90224	6564.48768
6500.0	8.25	6722.80697	6594.04294	6575.21752
6500.0	8.50	6726.21420	6602.02890	6587.33930
6500.0	8.75	6730.49300	6613.29662	6601.02837
6500.0	9.00	6736.17722	6622.98812	6614.41143
6500.0	9.25	6743.02112	6631.20799	6625.77753
6500.0	9.50	6751.07452	6642.09873	6639.05334
6750.0	6.50	6960.87237	6799.20217	6752.66453
6750.0	6.75	6957.03342	6800.44223	6757.41839
6750.0	7.00	6955.36741	6802.92424	6763.42851
6750.0	7.25	6956.26856	6804.47602	6769.42515
6750.0	7.50	6959.32279	6808.90559	6777.38311
6750.0	7.75	6963.62835	6817.46025	6786.95778
6750.0	8.00	6967.60400	6824.45678	6799.10595
6750.0	8.25	6972.34371	6829.03501	6808.38622
6750.0	8.50	6978.79570	6841.09121	6822.43785
6750.0	8.75	6985.38802	6852.98670	6838.79083
6750.0	9.00	6992.74346	6862.47919	6853.24725
6750.0	9.25	7001.07825	6876.19951	6870.30629
6750.0	9.50	7010.52138	6888.40482	6886.37558
7000.0	6.50	7218.70202	7046.82833	6996.80439
7000.0	6.75	7212.50751	7044.51793	6998.90412
7000.0	7.00	7208.93790	7043.92832	7001.25062
7000.0	7.25	7207.27465	7049.19218	7010.17319
7000.0	7.50	7207.88375	7051.89014	7016.27609
7000.0	7.75	7211.14107	7056.25847	7026.60953
7000.0	8.00	7216.73395	7059.30582	7033.63018
7000.0	8.25	7222.44983	7069.79442	7046.93505
7000.0	8.50	7228.61024	7080.73296	7059.80326
7000.0	8.75	7236.23384	7090.60801	7075.30779
7000.0	9.00	7245.45926	7100.83706	7089.70264
7000.0	9.25	7254.89552	7113.13420	7107.62895
7000.0	9.50	7265.12347	7127.80773	7126.48402
7250.0	6.50	7477.23394	7292.53438	7237.66233
7250.0	6.75	7468.01353	7288.75880	7239.85493
7250.0	7.00	7461.13475	7287.02465	7242.36218
7250.0	7.25	7456.61163	7288.27472	7246.32914
7250.0	7.50	7454.83044	7289.20485	7252.41173
7250.0	7.75	7455.11845	7292.23273	7259.95950
7250.0	8.00	7458.03147	7296.72969	7267.39716
7250.0	8.25	7463.02681	7299.85752	7276.56837
7250.0	8.50	7470.28353	7311.71594	7290.41891
7250.0	8.75	7478.87983	7321.51874	7304.26283
7250.0	9.00	7488.46766	7333.60952	7321.60419
7250.0	9.25	7500.16832	7346.95943	7340.54607
7250.0	9.50	7513.55894	7360.34989	7359.33124
7500.0	6.50	7742.76910	7549.70213	7488.86402
7500.0	6.75	7728.47310	7543.47421	7487.75888
7500.0	7.00	7717.51410	7535.86562	7488.15004
7500.0	7.25	7709.74544	7528.86781	7486.81032
7500.0	7.50	7704.88549	7531.77538	7493.43222
7500.0	7.75	7702.68692	7533.05474	7496.83703
7500.0	8.00	7703.27783	7535.04444	7505.08886
7500.0	8.25	7706.48934	7539.32076	7512.32108
7500.0	8.50	7711.85299	7545.44149	7523.85051
7500.0	8.75	7719.87796	7556.75255	7538.60608
7500.0	9.00	7730.96227	7565.48102	7553.44141
7500.0	9.25	7743.10282	7577.39791	7570.93591
7500.0	9.50	7756.59060	7592.26808	7592.46868
7750.0	6.50	8012.41474	7805.70027	7740.07625
7750.0	6.75	7992.75160	7795.97253	7736.59218
7750.0	7.00	7976.83979	7783.42413	7731.65153
7750.0	7.25	7964.77221	7780.46052	7733.57997
7750.0	7.50	7955.72450	7777.25295	7735.29820
7750.0	7.75	7949.73453	7775.10712	7736.27409
7750.0	8.00	7947.05552	7773.32169	7740.04707
7750.0	8.25	7947.62673	7777.77747	7748.56581
7750.0	8.50	7951.03003	7781.24496	7757.07415
7750.0	8.75	7956.86293	7788.53839	7769.22853
7750.0	9.00	7965.84464	7794.97891	7783.14268
7750.0	9.25	7978.16879	7806.07993	7800.85424
7750.0	9.50	7993.72346	7819.17101	7819.85474
8000.0	6.50	8291.09862	8071.78126	7995.05031
8000.0	6.75	8264.63790	8058.01628	7989.23321
8000.0	7.00	8242.79273	8046.24323	7985.22020
8000.0	7.25	8225.46571	8035.19690	7985.04398
8000.0	7.50	8211.70776	8029.55205	7983.90775
8000.0	7.75	8201.44136	8024.18600	7983.90134
8000.0	8.00	8194.91392	8017.70176	7983.27001
8000.0	8.25	8191.99549	8018.73931	7988.24263
8000.0	8.50	8192.59102	8021.06039	7994.54937
8000.0	8.75	8196.32867	8024.76254	8003.60921
8000.0	9.00	8203.24538	8028.36801	8015.79972
8000.0	9.25	8213.92009	8037.77070	8032.44786
8000.0	9.50	8228.09471	8050.15028	8053.12026
8250.0	6.50	8574.67488	8342.14885	8252.44188
8250.0	6.75	8541.35997	8325.60517	8247.33770
8250.0	7.00	8513.15929	8309.47136	8241.13630
8250.0	7.25	8489.91930	8295.87677	8237.29024
8250.0	7.50	8470.59379	8284.00677	8234.16407
8250.0	7.75	8455.10758	8274.74388	8231.81462
8250.0	8.00	8444.03710	8268.58284	8230.60243
8250.0	8.25	8436.65067	8263.19252	8230.64380
8250.0	8.50	8433.14013	8258.88347	8233.36623
8250.0	8.75	8433.52401	8257.99442	8238.64743
8250.0	9.00	8437.58655	8260.71024	8247.60250
8250.0	9.25	8445.54617	8266.84926	8261.00596
8250.0	9.50	8457.75482	8275.82767	8278.49491
8500.0	6.50	8867.35518	8622.94802	8516.57882
8500.0	6.75	8826.38923	8598.14254	8506.39430
8500.0	7.00	8791.26049	8578.81113	8499.01892
8500.0	7.25	8761.23363	8559.69375	8492.51234
8500.0	7.50	8735.65623	8544.13422	8487.41697
8500.0	7.75	8714.41215	8532.50131	8483.88754
8500.0	8.00	8697.95306	8520.19880	8479.62811
8500.0	8.25	8685.91154	8511.32180	8478.27100
8500.0	8.50	8678.07179	8503.03804	8477.03400
8500.0	8.75	8674.39322	8499.19907	8480.04912
8500.0	9.00	8674.97787	8498.29144	8486.02803
8500.0	9.25	8680.12830	8500.61948	8496.17707
8500.0	9.50	8689.90280	8508.45063	8511.85942
8750.0	6.50	9163.92273	8903.07259	8779.36986
8750.0	6.75	9115.98591	8874.33435	8767.22894
8750.0	7.00	9073.75513	8849.26264	8757.98372
8750.0	7.25	9036.91393	8828.96612	8751.25459
8750.0	7.50	9004.71860	8808.72085	8744.17060
8750.0	7.75	8977.13752	8793.57939	8739.05167
8750.0	8.00	8954.76807	8775.76382	8732.50672
8750.0	8.25	8937.55840	8763.32388	8728.41231
8750.0	8.50	8924.61359	8751.99736	8725.33630
8750.0	8.75	8916.15334	8743.75315	8725.06398
8750.0	9.00	8912.55262	8738.50969	8727.18235
8750.0	9.25	8913.50684	8737.51049	8735.04167
8750.0	9.50	8919.57648	8737.03266	8742.91962
9000.0	6.50	9464.78000	9182.05511	9036.12427
9000.0	6.75	9411.22111	9152.28053	9026.99895
9000.0	7.00	9362.65534	9124.42003	9018.25702
9000.0	7.25	9318.48492	9098.61276	9009.96636
9000.0	7.50	9279.18754	9076.60190	9002.69554
9000.0	7.75	9245.18871	9056.63007	8995.92616
9000.0	8.00	9216.65363	9037.59789	8990.09869
9000.0	8.25	9193.61988	9021.27708	8984.28019
9000.0	8.50	9175.38382	9006.68577	8979.51066
9000.0	8.75	9161.75528	8994.26813	8976.17973
9000.0	9.00	9153.50163	8985.62802	8976.51118
9000.0	9.25	9150.28995	8976.17213	8975.89050
9000.0	9.50	9152.20579	8974.00762	8982.60381
9250.0	6.50	9765.06132	9458.21189	9286.63948
9250.0	6.75	9707.69206	9429.41371	9282.80398
9250.0	7.00	9653.38395	9400.81619	9276.02883
9250.0	7.25	9602.80580	9372.74794	9268.74533
9250.0	7.50	9556.99588	9347.71118	9261.67580
9250.0	7.75	9516.86077	9323.99505	9255.17480
9250.0	8.00	9481.92645	9301.83421	9248.85457
9250.0	8.25	9452.44677	9281.90005	9242.27761
9250.0	8.50	9428.37578	9265.23740	9237.21320
9250.0	8.75	9409.21008	9246.20717	9228.72348
9250.0	9.00	9395.51234	9231.29391	9223.82782
9250.0	9.25	9387.50078	9220.55600	9222.50661
9250.0	9.50	9384.55258	9216.56234	9230.58331
9500.0	6.50	10056.54205	9729.82415	9529.56509
9500.0	6.75	9998.52349	9693.25752	9526.32539
9500.0	7.00	9942.38732	9674.36726	9528.20114
9500.0	7.25	9887.93108	9645.57117	9523.16545
9500.0	7.50	9837.14652	9619.26194	9518.76437
9500.0	7.75	9791.81080	9594.53796	9515.21921
9500.0	8.00	9750.89421	9569.98199	9509.20630
9500.0	8.25	9715.87700	9542.97495	9498.85988
9500.0	8.50	9685.85767	9521.96451	9491.62777
9500.0	8.75	9661.12174	9502.46621	9484.78718
9500.0	9.00	9641.24645	9488.35507	9481.31168
9500.0	9.25	9628.13981	9473.46295	9476.96548
9500.0	9.50	9620.26188	9466.30888	9479.84944
9750.0	6.50	10344.81260	9976.66691	9745.75894
9750.0	6.75	10285.74038	9959.40354	9760.54275
9750.0	7.00	10227.98327	9938.60094	9770.10531
9750.0	7.25	10171.43454	9908.73854	9769.24114
9750.0	7.50	10117.52227	9889.45158	9773.51481
9750.0	7.75	10067.88473	9863.68460	9771.32558
9750.0	8.00	10022.29969	9833.22913	9762.45545
9750.0	8.25	9982.02063	9807.57830	9755.99895
9750.0	8.50	9946.47079	9792.89442	9756.67680
9750.0	8.75	9916.09717	9770.47868	9749.28940
9750.0	9.00	9890.43416	9749.38022	9741.98658
9750.0	9.25	9870.76305	9716.33486	9724.73637
9750.0	9.50	9857.30531	9700.73016	9720.46594
10000.0	6.50	10616.48229	10206.95471	9944.59939
10000.0	6.75	10558.92555	10193.86944	9970.73864
10000.0	7.00	10501.81780	10188.46100	9995.69147
10000.0	7.25	10445.81177	10171.44125	10008.11262
10000.0	7.50	10391.62613	10150.29804	10015.88050
10000.0	7.75	10340.26219	10126.57448	10019.98678
10000.0	8.00	10291.82873	10102.31247	10018.69994
10000.0	8.25	10247.50500	10075.69002	10011.97444
10000.0	8.50	10207.33774	10057.08300	10012.32230
10000.0	8.75	10172.64053	10027.73036	10005.40337
10000.0	9.00	10142.38931	9993.00957	9988.04028
10000.0	9.25	10117.21170	9980.93593	9991.91008
10000.0	9.50	10098.47415	9957.98129	9979.49527
10250.0	6.50	10875.50293	10406.25191	10114.26707
10250.0	6.75	10828.27795	10431.49710	10174.28293
10250.0	7.00	10771.46095	10415.89380	10196.00569
10250.0	7.25	10715.20576	10405.48244	10219.03548
10250.0	7.50	10660.70345	10390.17714	10235.73045
10250.0	7.75	10608.16158	10383.03240	10257.68056
10250.0	8.00	10558.09993	10362.05969	10262.51946
10250.0	8.25	10511.35546	10336.15284	10258.11487
10250.0	8.50	10467.79417	10303.83612	10251.54841
10250.0	8.75	10429.22111	10279.21856	10247.62875
10250.0	9.00	10395.08130	10252.99566	10242.14414
10250.0	9.25	10365.41806	10234.54293	10240.86894
10250.0	9.50	10341.35037	10214.97395	10241.59189
10500.0	6.50	11098.40248	10571.26171	10248.67536
10500.0	6.75	11068.76766	10615.56141	10329.70814
10500.0	7.00	11024.84606	10634.87989	10386.78251
10500.0	7.25	10971.09457	10647.87229	10435.44702
10500.0	7.50	10917.47991	10626.89509	10450.69251
10500.0	7.75	10865.51079	10615.43426	10469.83715
10500.0	8.00	10815.65574	10599.06890	10484.05587
10500.0	8.25	10768.43287	10581.46265	10492.08597
10500.0	8.50	10724.12249	10567.48600	10502.75209
10500.0	8.75	10682.90930	10548.08261	10507.09554
10500.0	9.00	10645.83483	10524.40276	10507.75228
10500.0	9.25	10613.40433	10497.70687	10503.04719
10500.0	9.50	10585.83950	10459.96201	10485.40674
10750.0	6.50	11325.11197	10733.77509	10378.41999
10750.0	6.75	11288.52488	10783.09909	10466.34587
10750.0	7.00	11265.32469	10841.73296	10559.84005
10750.0	7.25	11222.20311	10867.51125	10627.05200
10750.0	7.50	11169.75163	10855.54244	10655.16146
10750.0	7.75	11118.45535	10863.46830	10692.98035
10750.0	8.00	11068.85645	10848.50102	10717.18905
10750.0	8.25	11022.26196	10839.19688	10733.09615
10750.0	8.50	10977.82560	10819.08198	10746.16283
10750.0	8.75	10935.47306	10802.29128	10752.79487
10750.0	9.00	10896.20797	10781.51227	10758.73342
10750.0	9.25	10860.37772	10742.16042	10746.93584
10750.0	9.50	10829.38912	10716.53877	10739.74357
11000.0	6.50	11559.97031	10907.81780	10520.11585
11000.0	6.75	11502.46795	10955.23606	10607.61042
11000.0	7.00	11470.99673	10995.17660	10689.98947
11000.0	7.25	11450.07535	11046.09024	10780.36879
11000.0	7.50	11408.51743	11075.68362	10847.67898
11000.0	7.75	11359.62035	11070.06887	10886.27616
11000.0	8.00	11311.55285	11082.31974	10925.07964
11000.0	8.25	11265.08079	11069.24744	10947.48442
11000.0	8.50	11221.58987	11063.06272	10972.45628
11000.0	8.75	11180.27057	11047.54790	10987.26356
11000.0	9.00	11141.29016	11025.14939	10992.71797
11000.0	9.25	11104.76005	10994.08509	10994.29408
11000.0	9.50	11071.20078	10970.47612	10990.90933
11250.0	6.50	11781.83744	11088.51325	10675.41520
11250.0	6.75	11723.20554	11106.62352	10730.30382
11250.0	7.00	11674.87015	11147.83590	10813.88899
11250.0	7.25	11654.25195	11224.88244	10930.32124
11250.0	7.50	11637.35509	11272.53310	11021.68830
11250.0	7.75	11596.04684	11293.15332	11084.11542
11250.0	8.00	11549.26948	11299.49932	11129.98506
11250.0	8.25	11503.58264	11304.45615	11164.43835
11250.0	8.50	11460.24346	11297.55478	11191.08860
11250.0	8.75	11419.98827	11274.34065	11206.20129
11250.0	9.00	11381.52181	11269.66576	11226.13570
11250.0	9.25	11346.08226	11256.15495	11241.82342
11250.0	9.50	11312.37046	11228.61185	11249.08898
11500.0	6.50	12000.20886	11273.76572	10838.08380
11500.0	6.75	11950.86126	11301.79246	10893.91501
11500.0	7.00	11888.42803	11324.00375	10959.26642
11500.0	7.25	11845.62856	11374.93630	11055.08914
11500.0	7.50	11833.73257	11436.48887	11161.75969
11500.0	7.75	11815.53204	11475.28105	11245.49235
11500.0	8.00	11775.57458	11513.61484	11315.98084
11500.0	8.25	11731.73493	11514.70526	11359.44054
11500.0	8.50	11689.18613	11505.45529	11391.32341
11500.0	8.75	11649.50853	11512.54706	11423.93603
11500.0	9.00	11612.29450	11508.76733	11453.16738
11500.0	9.25	11578.02517	11495.14964	11471.60160
11500.0	9.50	11546.50224	11462.95519	11477.74980
11750.0	6.50	12200.38303	11450.11214	11000.55263
11750.0	6.75	12160.13473	11480.71394	11053.34938
11750.0	7.00	12103.33172	11495.84364	11103.77906
11750.0	7.25	12046.52896	11513.00736	11166.85260
11750.0	7.50	12018.07493	11584.03886	11284.73910
11750.0	7.75	12015.27725	11657.73101	11401.33699
11750.0	8.00	11995.27885	11707.91673	11491.04845
11750.0	8.25	11955.79459	11728.06959	11550.17804
11750.0	8.50	11914.68794	11733.65898	11595.32426
11750.0	8.75	11875.53046	11735.79958	11634.88202
11750.0	9.00	11839.55303	11723.37069	11664.20528
11750.0	9.25	11806.51074	11730.32332	11696.88468
11750.0	9.50	11776.99823	11718.45844	11716.62779
12000.0	6.50	12394.27704	11628.28071	11167.73903
12000.0	6.75	12365.16127	11659.77902	11215.40523
12000.0	7.00	12320.26365	11660.04031	11244.86143
12000.0	7.25	12257.51632	11694.55496	11318.49431
12000.0	7.50	12205.85018	11720.29180	11399.04130
12000.0	7.75	12192.14492	11805.29448	11521.89597
12000.0	8.00	12192.98193	11886.03401	11644.58966
12000.0	8.25	12167.99417	11927.91741	11731.51439
12000.0	8.50	12131.30260	11940.34255	11786.99420
12000.0	8.75	12093.68173	11956.59477	11843.43005
12000.0	9.00	12058.53958	11959.94078	11883.21604
12000.0	9.25	12026.96098	11939.99067	11906.22578
12000.0	9.50	11998.39263	11942.53663	11934.74244
12250.0	6.50	12582.36463	11802.77771	11326.78476
12250.0	6.75	12557.74714	11832.16269	11375.68734
12250.0	7.00	12520.35678	11851.32675	11418.09351
12250.0	7.25	12465.29056	11850.90403	11453.75277
12250.0	7.50	12404.95675	11891.49414	11535.46418
12250.0	7.75	12369.67163	11949.41689	11642.42709
12250.0	8.00	12369.65538	12030.46898	11770.13564
12250.0	8.25	12371.05638	12111.10273	11894.36650
12250.0	8.50	12343.62821	12147.16930	11976.87298
12250.0	8.75	12309.10537	12165.37635	12038.38999
12250.0	9.00	12275.19694	12172.85315	12085.40838
12250.0	9.25	12244.63434	12178.38770	12127.80144
12250.0	9.50	12217.18512	12157.52486	12151.62243
12500.0	6.50	12765.81356	11975.57454	11487.79379
12500.0	6.75	12745.46790	12001.51810	11534.48348
12500.0	7.00	12716.02446	12024.98658	11577.85831
12500.0	7.25	12673.08331	12038.29668	11615.86530
12500.0	7.50	12612.15600	12059.51639	11677.32960
12500.0	7.75	12555.57551	12098.81583	11767.86773
12500.0	8.00	12537.17605	12171.45286	11890.84687
12500.0	8.25	12548.67291	12268.53016	12032.57174
12500.0	8.50	12543.94670	12332.55090	12145.03307
12500.0	8.75	12516.78401	12356.74815	12221.29777
12500.0	9.00	12485.85955	12372.19109	12273.66227
12500.0	9.25	12455.55626	12383.39629	12323.58165
12500.0	9.50	12429.12088	12374.32880	12361.34027
12750.0	6.50	12946.14026	12150.69649	11652.63344
12750.0	6.75	12929.40746	12150.47944	11676.26820
12750.0	7.00	12904.01204	12176.00843	11720.46353
12750.0	7.25	12866.79404	12198.83082	11766.36900
12750.0	7.50	12812.55693	12229.87916	11827.29454
12750.0	7.75	12750.54453	12263.85016	11906.79995
12750.0	8.00	12711.70390	12323.46675	12017.64172
12750.0	8.25	12713.19932	12411.46677	12155.94771
12750.0	8.50	12731.20691	12502.13211	12295.94791
12750.0	8.75	12720.72688	12546.05602	12389.39414
12750.0	9.00	12695.35801	12581.79099	12470.29003
12750.0	9.25	12666.97232	12590.03801	12526.74466
12750.0	9.50	12640.29804	12600.05207	12570.04881
13000.0	6.50	13122.99876	12299.27940	11792.96517
13000.0	6.75	13109.30349	12314.22096	11831.27816
13000.0	7.00	13088.17854	12360.57466	11892.70627
13000.0	7.25	13057.23906	12387.12211	11939.76618
13000.0	7.50	13013.02238	12409.00767	11986.50777
13000.0	7.75	12952.76596	12432.28434	12051.07695
13000.0	8.00	12895.88115	12467.21085	12141.40431
13000.0	8.25	12876.84070	12551.79185	12276.95820
13000.0	8.50	12896.06897	12628.71945	12415.38725
13000.0	8.75	12911.78708	12722.45481	12549.56002
13000.0	9.00	12897.95168	12771.59861	12646.45950
13000.0	9.25	12874.21955	12795.59301	12715.22287
13000.0	9.50	12848.18024	12810.20596	12772.11984
13250.0	6.50	13298.45220	12475.79785	11961.65295
13250.0	6.75	13286.89264	12494.81444	11996.70170
13250.0	7.00	13268.84268	12506.24545	12031.95572
13250.0	7.25	13241.79582	12553.81589	12096.02992
13250.0	7.50	13202.75809	12572.84028	12138.34691
13250.0	7.75	13147.67255	12595.33761	12196.98095
13250.0	8.00	13086.04221	12626.79824	12278.18577
13250.0	8.25	13047.91299	12696.55897	12400.36575
13250.0	8.50	13053.50103	12781.02212	12545.74943
13250.0	8.75	13087.93861	12870.49434	12690.21584
13250.0	9.00	13094.96728	12949.66874	12809.82704
13250.0	9.25	13079.16072	12987.81660	12894.01248
13250.0	9.50	13056.55026	13010.83415	12963.38694
13500.0	6.50	13471.08596	12636.23368	12115.18499
13500.0	6.75	13461.93194	12656.34276	12150.25205
13500.0	7.00	13446.22697	12668.43690	12186.03512
13500.0	7.25	13423.33297	12699.40991	12234.90742
13500.0	7.50	13389.70146	12740.79371	12294.51267
13500.0	7.75	13342.72121	12772.58580	12355.36570
13500.0	8.00	13281.76429	12792.82605	12421.84319
13500.0	8.25	13227.02620	12847.66111	12529.35847
13500.0	8.50	13213.26614	12919.13781	12659.32458
13500.0	8.75	13245.19571	13034.74699	12827.84179
13500.0	9.00	13278.30206	13120.85721	12965.53921
13500.0	9.25	13276.11189	13177.07113	13069.19660
13500.0	9.50	13259.55799	13208.83547	13149.91370
13750.0	6.50	13642.61522	12780.77782	12252.82096
13750.0	6.75	13635.24891	12817.10786	12303.58340
13750.0	7.00	13622.00421	12849.93210	12356.66009
13750.0	7.25	13601.85504	12882.10190	12406.32174
13750.0	7.50	13572.16473	12911.48004	12453.60414
13750.0	7.75	13529.63493	12939.94980	12510.04682
13750.0	8.00	13473.34553	12968.41905	12575.81841
13750.0	8.25	13412.65563	12996.97784	12658.18663
13750.0	8.50	13380.59315	13063.17434	12783.42234
13750.0	8.75	13398.19102	13162.66304	12939.55377
13750.0	9.00	13446.44502	13277.12787	13105.71678
13750.0	9.25	13466.81967	13359.30254	13236.57835
13750.0	9.50	13459.89810	13407.90788	13335.02494
14000.0	6.50	13812.21415	12944.76538	12410.48953
14000.0	6.75	13806.81576	12972.05401	12450.74453
14000.0	7.00	13795.88233	13011.00661	12510.08940
14000.0	7.25	13777.86120	13043.90110	12560.42513
14000.0	7.50	13751.80766	13075.51999	12608.57503
14000.0	7.75	13714.53204	13107.09530	12665.82475
14000.0	8.00	13665.27552	13129.05411	12724.05737
14000.0	8.25	13604.00289	13170.58424	12813.99828
14000.0	8.50	13555.77786	13200.31086	12910.71212
14000.0	8.75	13554.40450	13311.68721	13070.90703
14000.0	9.00	13599.32534	13418.71643	13231.89206
14000.0	9.25	13644.68349	13534.05982	13396.66455
14000.0	9.50	13652.33335	13589.56490	13503.16699
14250.0	6.50	13981.42137	13103.60763	12563.31987
14250.0	6.75	13977.42668	13131.40159	12603.30809
14250.0	7.00	13968.34295	13157.06825	12653.32105
14250.0	7.25	13952.49411	13205.74613	12714.46624
14250.0	7.50	13928.76518	13238.18398	12763.13854
14250.0	7.75	13895.46165	13271.48329	12820.34014
14250.0	8.00	13850.25029	13304.29404	12882.53295
14250.0	8.25	13792.13103	13327.56671	12957.06069
14250.0	8.50	13736.86680	13356.70699	13046.94194
14250.0	8.75	13715.95619	13444.76023	13185.75849
14250.0	9.00	13748.55864	13556.85122	13361.31731
14250.0	9.25	13809.12445	13666.94646	13526.82950
14250.0	9.50	13838.89113	13769.46155	13669.74727
14500.0	6.50	14149.74815	13258.38050	12712.62247
14500.0	6.75	14146.58037	13307.27657	12772.08489
14500.0	7.00	14138.61060	13329.69846	12810.11659
14500.0	7.25	14125.32039	13345.19811	12849.58576
14500.0	7.50	14103.87340	13393.94056	12912.97630
14500.0	7.75	14074.42933	13435.21875	12975.20459
14500.0	8.00	14033.98141	13470.80188	13038.94535
14500.0	8.25	13981.02463	13479.04286	13097.28578
14500.0	8.50	13923.00306	13533.86099	13199.13420
14500.0	8.75	13884.94018	13595.24449	13322.90025
14500.0	9.00	13899.20762	13678.48753	13471.49927
14500.0	9.25	13959.23580	13822.88312	13665.67386
14500.0	9.50	14013.75731	13942.90079	13830.58572
14750.0	6.50	14317.54865	13416.59774	12865.49904
14750.0	6.75	14315.66845	13466.38632	12925.17390
14750.0	7.00	14309.08300	13489.18652	12963.34981
14750.0	7.25	14296.98025	13504.59651	13002.40594
14750.0	7.50	14277.54818	13560.58207	13070.44222
14750.0	7.75	14250.71075	13597.25462	13128.97400
14750.0	8.00	14214.19455	13625.39871	13185.20075
14750.0	8.25	14165.23122	13658.87830	13252.46760
14750.0	8.50	14107.26146	13695.37961	13336.39611
14750.0	8.75	14060.04222	13733.41608	13446.59232
14750.0	9.00	14055.58968	13835.16863	13606.85774
14750.0	9.25	14104.51887	13964.97263	13786.00955
14750.0	9.50	14176.63130	14095.07240	13970.41113
15000.0	6.50	14484.75079	13574.44888	13017.65376
15000.0	6.75	14483.65981	13624.93954	13077.95596
15000.0	7.00	14478.76361	13640.26637	13111.33061
15000.0	7.25	14467.86843	13663.62014	13155.00855
15000.0	7.50	14449.72905	13721.00314	13223.57217
15000.0	7.75	14425.40662	13758.51013	13282.54054
15000.0	8.00	14392.88940	13789.71163	13347.72464
15000.0	8.25	14348.71541	13824.80985	13406.61094
15000.0	8.50	14293.92531	13871.79707	13495.70742
15000.0	8.75	14240.66782	13917.91476	13599.27672
15000.0	9.00	14218.94940	13983.08905	13729.22858
15000.0	9.25	14251.98166	14096.05386	13902.37199
15000.0	9.50	14326.09318	14235.03377	14096.95837
15250.0	6.50	14651.75506	13733.38085	13171.45107
15250.0	6.75	14651.46402	13783.89863	13231.73224
15250.0	7.00	14647.02020	13819.46750	13280.59211
15250.0	7.25	14637.83073	13845.16183	13327.37031
15250.0	7.50	14622.11713	13881.78445	13377.41907
15250.0	7.75	14599.60224	13920.44945	13436.07045
15250.0	8.00	14570.28946	13935.89600	13491.35077
15250.0	8.25	14529.85041	13989.94652	13561.94948
15250.0	8.50	14477.78829	14037.72389	13648.10081
15250.0	8.75	14422.62181	14069.03866	13733.72178
15250.0	9.00	14388.89461	14118.28822	13858.16918
15250.0	9.25	14404.55875	14242.89370	14033.89545
15250.0	9.50	14470.22047	14371.59709	14220.94495
15500.0	6.50	14818.47959	13891.15490	13324.43532
15500.0	6.75	14819.10932	13925.66393	13369.41904
15500.0	7.00	14815.33849	13978.28802	13433.35369
15500.0	7.25	14806.93661	14002.56523	13477.17558
15500.0	7.50	14793.15314	14020.36791	13517.05756
15500.0	7.75	14772.51894	14075.03215	13587.28621
15500.0	8.00	14744.98765	14096.98890	13645.31069
15500.0	8.25	14708.12075	14164.92493	13727.01255
15500.0	8.50	14660.43083	14203.67308	13801.71931
15500.0	8.75	14605.97876	14244.70438	13891.87643
15500.0	9.00	14563.12501	14300.58183	14009.11855
15500.0	9.25	14561.06894	14362.42899	14150.45685
15500.0	9.50	14613.31110	14506.74176	14343.51047
15750.0	6.50	14985.31383	14049.10008	13477.09022
15750.0	6.75	14986.60875	14084.26494	13522.15502
15750.0	7.00	14983.75928	14118.52348	13568.22678
15750.0	7.25	14976.84904	14147.39079	13621.99508
15750.0	7.50	14963.91662	14180.05540	13670.12499
15750.0	7.75	14944.88452	14242.33574	13743.75849
15750.0	8.00	14919.50338	14258.73135	13799.40396
15750.0	8.25	14883.94933	14316.58172	13871.57693
15750.0	8.50	14840.25525	14356.84031	13945.47884
15750.0	8.75	14787.42865	14397.37063	14031.83622
15750.0	9.00	14739.27302	14460.09653	14151.45043
15750.0	9.25	14723.15110	14528.72251	14286.81283
15750.0	9.50	14760.09906	14644.45273	14467.52555
16000.0	6.50	15152.02268	14213.05604	13635.30159
16000.0	6.75	15153.76800	14242.61563	13675.35037
16000.0	7.00	15151.97895	14296.39655	13739.81626
16000.0	7.25	15145.82121	14313.53373	13774.47999
16000.0	7.50	15133.64430	14339.52437	13823.37925
16000.0	7.75	15116.37862	14403.27139	13898.11420
16000.0	8.00	15092.33947	14445.33432	13964.10213
16000.0	8.25	15058.90286	14480.61559	14029.30550
16000.0	8.50	15020.08760	14532.88773	14111.82632
16000.0	8.75	14969.73365	14574.98415	14195.80264
16000.0	9.00	14919.61146	14620.91784	14294.92769
16000.0	9.25	14890.60781	14684.44431	14426.36172
16000.0	9.50	14910.86933	14787.47447	14597.35483
16250.0	6.50	15319.29411	14360.28474	13779.96265
16250.0	6.75	15321.36722	14401.37764	13828.23291
16250.0	7.00	15320.32266	14437.74676	13877.62778
16250.0	7.25	15314.83565	14481.75294	13933.82580
16250.0	7.50	15303.76786	14520.78835	13988.54993
16250.0	7.75	15287.60231	14563.91738	14051.89282
16250.0	8.00	15265.85855	14580.99394	14107.91878
16250.0	8.25	15234.02344	14643.15557	14183.93150
16250.0	8.50	15197.43373	14685.37449	14256.51310
16250.0	8.75	15149.69331	14739.49437	14349.28764
16250.0	9.00	15098.43897	14783.75530	14443.35349
16250.0	9.25	15061.19665	14844.82101	14568.52991
16250.0	9.50	15066.31494	14933.17586	14727.41704
16500.0	6.50	15486.52082	14530.78959	13942.50912
16500.0	6.75	15488.90292	14560.11936	13981.85588
16500.0	7.00	15488.44371	14597.26934	14030.49120
16500.0	7.25	15483.63278	14632.36409	14082.03382
16500.0	7.50	15473.61474	14696.10492	14155.67163
16500.0	7.75	15458.25178	14717.61997	14203.54304
16500.0	8.00	15437.74093	14768.40139	14273.84838
16500.0	8.25	15409.10730	14813.82652	14343.29364
16500.0	8.50	15373.82704	14861.26340	14423.82686
16500.0	8.75	15329.27459	14905.10649	14505.15421
16500.0	9.00	15280.04982	14951.88157	14598.44813
16500.0	9.25	15236.98985	15005.84639	14712.96503
16500.0	9.50	15227.40416	15083.25401	14861.82753
16750.0	6.50	15653.68807	14677.68046	14087.17836
16750.0	6.75	15656.73307	14719.47609	14135.53672
16750.0	7.00	15656.64220	14756.86052	14184.28303
16750.0	7.25	15652.95311	14796.72615	14238.19766
16750.0	7.50	15643.37956	14856.86183	14310.30250
16750.0	7.75	15629.40028	14878.45647	14358.04297
16750.0	8.00	15609.46601	14930.22713	14428.80429
16750.0	8.25	15583.28599	14976.76562	14499.31560
16750.0	8.50	15549.83132	15025.34731	14580.01362
16750.0	8.75	15508.13181	15058.17418	14650.15600
16750.0	9.00	15458.61285	15116.45441	14751.32956
16750.0	9.25	15415.37191	15170.50641	14862.83336
16750.0	9.50	15390.73818	15233.36272	14995.32285
17000.0	6.50	15820.89489	14836.46389	14240.94270
17000.0	6.75	15824.47792	14879.14302	14289.53115
17000.0	7.00	15825.12579	14916.24763	14339.21717
17000.0	7.25	15821.85106	14957.05352	14392.06344
17000.0	7.50	15813.09941	15001.50937	14451.17512
17000.0	7.75	15800.72165	15039.59391	14512.91436
17000.0	8.00	15781.30711	15085.15250	14578.50529
17000.0	8.25	15756.95314	15139.44497	14657.11322
17000.0	8.50	15725.26703	15189.57415	14737.03657
17000.0	8.75	15686.40281	15236.33436	14819.83274
17000.0	9.00	15638.49046	15282.88006	14907.46825
17000.0	9.25	15597.15300	15338.30339	15016.22597
17000.0	9.50	15559.64179	15390.82081	15137.00726
17250.0	6.50	15989.45141	15009.14963	14405.36687
17250.0	6.75	15993.80149	15039.36964	14445.08012
17250.0	7.00	15994.44363	15077.37347	14493.84501
17250.0	7.25	15991.66282	15117.82926	14547.73352
17250.0	7.50	15983.77226	15163.14716	14607.18832
17250.0	7.75	15971.84120	15201.44271	14669.00528
17250.0	8.00	15953.94001	15254.98420	14741.10237
17250.0	8.25	15930.52114	15295.53036	14807.18038
17250.0	8.50	15900.37657	15353.87905	14894.16192
17250.0	8.75	15863.33734	15388.56710	14964.73705
17250.0	9.00	15816.10773	15446.94738	15061.60719
17250.0	9.25	15771.82069	15490.88018	15156.38199
17250.0	9.50	15723.82276	15546.10731	15286.40824
17500.0	6.50	16158.19732	15173.50579	14558.63526
17500.0	6.75	16162.71442	15200.38958	14600.16621
17500.0	7.00	16163.92687	15238.25371	14649.43055
17500.0	7.25	16162.28452	15279.56040	14703.48020
17500.0	7.50	16154.73916	15341.69032	14777.70849
17500.0	7.75	16143.30265	15360.76065	14823.64386
17500.0	8.00	16126.41358	15417.81712	14897.79485
17500.0	8.25	16103.79961	15458.83743	14964.11153
17500.0	8.50	16075.35757	15512.05780	15046.95713
17500.0	8.75	16039.74763	15566.57115	15134.23957
17500.0	9.00	15993.93820	15612.17910	15217.60514
17500.0	9.25	15948.34175	15660.96713	15314.77772
17500.0	9.50	15892.03679	15710.42495	15452.42755
17750.0	6.50	16327.17044	15328.92598	14712.12915
17750.0	6.75	16332.13566	15360.96768	14756.28970
17750.0	7.00	16334.04819	15399.62982	14805.35625
17750.0	7.25	16332.41139	15441.11717	14859.96251
17750.0	7.50	16325.49467	15504.15605	14934.40355
17750.0	7.75	16315.05472	15532.56249	14982.55486
17750.0	8.00	16298.88321	15580.80634	15054.66897
17750.0	8.25	16277.53233	15622.53890	15121.50625
17750.0	8.50	16250.49553	15671.98106	15201.07962
17750.0	8.75	16216.23332	15732.48016	15292.78620
17750.0	9.00	16172.31038	15778.56937	15375.46992
17750.0	9.25	16126.29151	15818.06709	15461.83574
17750.0	9.50	16063.90846	15873.15970	15610.99624
18000.0	6.50	16496.48630	15490.06243	14868.05428
18000.0	6.75	16501.95945	15516.06685	14908.92077
18000.0	7.00	16504.31222	15561.39571	14962.20149
18000.0	7.25	16503.23495	15602.80265	15016.87581
18000.0	7.50	16497.11646	15646.69082	15075.24720
18000.0	7.75	16486.96875	15695.36568	15139.42384
18000.0	8.00	16471.70790	15744.31759	15212.15765
18000.0	8.25	16451.02810	15794.24324	15286.29316
18000.0	8.50	16425.36138	15837.90714	15358.13906
18000.0	8.75	16392.64648	15885.36473	15439.50111
18000.0	9.00	16350.63488	15932.01959	15522.39115
18000.0	9.25	16305.15671	15977.83431	15619.58017
18000.0	9.50	16237.88932	16018.82735	15757.96890
18250.0	6.50	16666.04123	15619.65562	15012.71446
18250.0	6.75	16672.12685	15691.10564	15075.50316
18250.0	7.00	16674.92099	15723.51370	15118.91190
18250.0	7.25	16674.25715	15765.74788	15173.70643
18250.0	7.50	16668.75724	15809.08309	15233.05661
18250.0	7.75	16659.26752	15858.71284	15297.05565
18250.0	8.00	16644.69213	15908.15598	15369.99046
18250.0	8.25	16625.05777	15950.80884	15437.13355
18250.0	8.50	16600.49373	16003.22619	15516.98067
18250.0	8.75	16569.42409	16065.52353	15611.77771
18250.0	9.00	16529.20111	16113.98141	15695.73484
18250.0	9.25	16485.09927	16148.99734	15775.87565
18250.0	9.50	16414.86470	16206.59550	15939.65888
18500.0	6.50	16836.23001	15815.50038	15185.72377
18500.0	6.75	16842.58530	15839.53404	15222.15992
18500.0	7.00	16845.79229	15885.65947	15276.60925
18500.0	7.25	16845.81909	15928.31126	15331.52591
18500.0	7.50	16840.76914	15972.53075	15390.91521
18500.0	7.75	16831.92119	16022.57423	15455.00471
18500.0	8.00	16817.74130	16072.36262	15528.23824
18500.0	8.25	16799.04203	16115.72457	15595.86149
18500.0	8.50	16775.80292	16168.83585	15676.22722
18500.0	8.75	16746.15723	16232.59970	15772.19874
18500.0	9.00	16707.93961	16282.63444	15857.37312
18500.0	9.25	16665.44288	16329.72241	15947.00231
18500.0	9.50	16593.46458	16379.48943	16104.51261
18750.0	6.50	17006.69597	15963.09315	15331.82811
18750.0	6.75	17013.43355	15980.98997	15373.51177
18750.0	7.00	17017.06489	16049.08900	15433.75369
18750.0	7.25	17017.70062	16091.75513	15489.50935
18750.0	7.50	17013.16113	16136.34152	15549.13769
18750.0	7.75	17005.04517	16205.15745	15629.46776
18750.0	8.00	16991.58083	16237.35607	15687.34971
18750.0	8.25	16973.93051	16289.31555	15762.56218
18750.0	8.50	16951.27572	16343.02607	15843.50701
18750.0	8.75	16923.00755	16400.03169	15933.01845
18750.0	9.00	16886.93977	16452.04005	16020.07340
18750.0	9.25	16846.47895	16488.62715	16100.20525
18750.0	9.50	16773.57699	16552.41001	16277.67407
19000.0	6.50	17177.53423	16105.06634	15483.59231
19000.0	6.75	17184.80256	16177.24629	15543.44986
19000.0	7.00	17189.00506	16212.53628	15591.81404
19000.0	7.25	17190.04590	16256.06517	15647.78199
19000.0	7.50	17186.27531	16300.85727	15708.12214
19000.0	7.75	17178.63845	16370.43006	15788.99065
19000.0	8.00	17165.75218	16402.74501	15846.91890
19000.0	8.25	17148.78547	16446.94475	15914.93922
19000.0	8.50	17127.17094	16509.85107	16003.98096
19000.0	8.75	17100.22544	16568.09672	16094.60922
19000.0	9.00	17066.07206	16607.38657	16169.97445
19000.0	9.25	17027.94847	16660.21352	16264.75033
19000.0	9.50	16954.78406	16727.28966	16454.10293
19250.0	6.50	17349.02704	16268.15031	15641.84034
19250.0	6.75	17356.56733	16340.66625	15701.71048
19250.0	7.00	17361.12308	16376.09600	15751.00805
19250.0	7.25	17363.14762	16420.52876	15806.87820
19250.0	7.50	17359.36665	16465.75042	15867.48284
19250.0	7.75	17352.43001	16536.16409	15948.99228
19250.0	8.00	17340.61909	16560.17202	15999.68009
19250.0	8.25	17323.89925	16613.16203	16075.06480
19250.0	8.50	17303.39980	16677.19018	16165.12074
19250.0	8.75	17277.64792	16725.19791	16245.56742
19250.0	9.00	17245.59336	16792.35787	16347.46034
19250.0	9.25	17209.90719	16836.31761	16432.82352
19250.0	9.50	17136.90291	16896.26363	16625.29432
19500.0	6.50	17520.90637	16454.24660	15817.03308
19500.0	6.75	17529.15421	16504.81603	15860.63591
19500.0	7.00	17534.06657	16540.64363	15910.17514
19500.0	7.25	17536.17591	16585.17332	15966.82598
19500.0	7.50	17533.58052	16631.70745	16025.41109
19500.0	7.75	17527.22166	16683.20506	16095.02562
19500.0	8.00	17515.88495	16738.32917	16171.09188
19500.0	8.25	17499.79547	16780.27824	16236.11704
19500.0	8.50	17479.88158	16836.42164	16318.92790
19500.0	8.75	17455.42768	16902.85052	16416.24914
19500.0	9.00	17425.48989	16948.39027	16498.35010
19500.0	9.25	17392.30867	17018.10279	16607.79374
19500.0	9.50	17319.92734	17083.30290	16815.38978
19750.0	6.50	17693.54517	16616.48114	15964.83884
19750.0	6.75	17702.10321	16669.47215	16020.04838
19750.0	7.00	17707.55969	16706.06438	16069.22151
19750.0	7.25	17710.43104	16751.16552	16126.74319
19750.0	7.50	17708.20873	16797.91161	16186.04786
19750.0	7.75	17702.10480	16869.58087	16270.96875
19750.0	8.00	17691.32444	16890.47114	16319.38078
19750.0	8.25	17675.93096	16959.61974	16414.93996
19750.0	8.50	17657.48656	17013.69322	16489.32899
19750.0	8.75	17633.96114	17063.61837	16571.43352
19750.0	9.00	17606.01673	17119.83536	16663.71718
19750.0	9.25	17575.11133	17192.11366	16775.69311
19750.0	9.50	17503.96298	17262.88671	16999.02169
20000.0	6.50	17866.72578	16775.24987	16127.36285
20000.0	6.75	17875.72751	16841.13317	16182.53868
20000.0	7.00	17881.72609	16871.60948	16230.43629
20000.0	7.25	17885.17447	16917.56369	16287.77325
20000.0	7.50	17883.64501	16964.91760	16347.47419
20000.0	7.75	17878.28556	17013.91855	16416.19836
20000.0	8.00	17868.19311	17073.66214	16494.91419
20000.0	8.25	17853.26469	17128.40444	16577.88373
20000.0	8.50	17835.49708	17183.03229	16652.64856
20000.0	8.75	17813.02419	17233.75340	16735.44492
20000.0	9.00	17786.97320	17304.10040	16840.51006
20000.0	9.25	17758.73053	17366.80144	16944.43643
20000.0	9.50	17688.99847	17434.81681	17175.89394
21000.0	6.50	18575.42817	17471.39209	16788.88597
21000.0	6.75	18586.11082	17495.17905	16825.95662
21000.0	7.00	18593.72529	17554.75051	16887.75232
21000.0	7.25	18598.79755	17596.08881	16944.88118
21000.0	7.50	18599.88535	17646.14466	17006.11516
21000.0	7.75	18596.47486	17697.03102	17075.91809
21000.0	8.00	18588.91781	17757.30607	17157.75514
21000.0	8.25	18576.87029	17781.54605	17211.92832
21000.0	8.50	18560.81666	17873.70962	17319.91272
21000.0	8.75	18541.16931	17926.58216	17404.47222
21000.0	9.00	18518.64504	18000.67949	17512.63534
21000.0	9.25	18495.44382	18067.79339	17620.21988
21000.0	9.50	18437.00088	18138.09056	17835.31757
22000.0	6.50	19300.00087	18159.76615	17454.74942
22000.0	6.75	19311.26356	18202.35948	17506.16311
22000.0	7.00	19321.26147	18246.39572	17556.80647
22000.0	7.25	19328.18180	18296.57207	17618.62487
22000.0	7.50	19331.91207	18341.93440	17682.83954
22000.0	7.75	19331.26504	18396.52396	17752.58115
22000.0	8.00	19325.97275	18436.10374	17826.01655
22000.0	8.25	19316.65968	18483.83336	17891.52073
22000.0	8.50	19303.30290	18570.87609	17994.27960
22000.0	8.75	19286.34053	18646.24414	18099.38227
22000.0	9.00	19266.84263	18700.49360	18203.61624
22000.0	9.25	19247.58648	18744.88027	18294.90798
22000.0	9.50	19199.99013	18866.67567	18518.00009
23000.0	6.50	20043.53708	18849.76465	18136.25626
23000.0	6.75	20055.62449	18905.01985	18188.94823
23000.0	7.00	20067.66511	18963.57194	18244.81262
23000.0	7.25	20077.14836	19008.67105	18306.16519
23000.0	7.50	20083.43058	19071.77706	18379.40711
23000.0	7.75	20085.84401	19111.71254	18441.62866
23000.0	8.00	20083.43570	19181.81381	18531.04898
23000.0	8.25	20077.67624	19206.59547	18590.78213
23000.0	8.50	20067.20258	19296.46212	18708.77163
23000.0	8.75	20053.37644	19364.93902	18808.06813
23000.0	9.00	20037.10952	19434.25802	18913.91456
23000.0	9.25	20021.73906	19523.49977	19026.38811
23000.0	9.50	19985.75930	19595.48129	19199.69285
24000.0	6.50	20811.15264	19545.80304	18817.22321
24000.0	6.75	20824.79924	19618.87823	18878.43673
24000.0	7.00	20838.85833	19690.45251	18955.12227
24000.0	7.25	20850.85164	19751.89110	19017.78115
24000.0	7.50	20860.41517	19802.47153	19084.70637
24000.0	7.75	20866.40600	19872.30075	19166.50318
24000.0	8.00	20867.90271	19927.64050	19252.43180
24000.0	8.25	20865.93884	19970.58543	19332.30883
24000.0	8.50	20858.82733	20018.41801	19416.88132
24000.0	8.75	20848.85982	20128.24887	19536.46486
24000.0	9.00	20835.71063	20164.53093	19625.07615
24000.0	9.25	20825.22359	20278.50438	19756.20387
24000.0	9.50	20802.37935	20362.33191	19917.79380
25000.0	6.50	21610.17176	20350.59328	19573.56298
25000.0	6.75	21625.38854	20376.48557	19609.42344
25000.0	7.00	21641.48539	20429.56004	19672.11602
25000.0	7.25	21656.28897	20508.12040	19754.25649
25000.0	7.50	21669.57633	20571.10188	19831.42181
25000.0	7.75	21679.96094	20646.13303	19915.24130
25000.0	8.00	21685.39730	20680.50694	19996.42083
25000.0	8.25	21688.31796	20776.60835	20101.31002
25000.0	8.50	21686.34849	20837.60975	20198.83191
25000.0	8.75	21680.77251	20955.05377	20321.81593
25000.0	9.00	21671.82782	21008.41282	20419.45072
25000.0	9.25	21666.66810	21093.40866	20543.94226
25000.0	9.50	21658.80974	21178.59424	20679.75450
26000.0	6.50	22474.47873	21138.07722	20338.67167
26000.0	6.75	22487.53851	21197.61958	20413.57152
26000.0	7.00	22502.19717	21245.21266	20459.75006
26000.0	7.25	22514.60806	21323.57365	20538.91122
26000.0	7.50	22525.61149	21394.18856	20615.84090
26000.0	7.75	22533.21394	21458.19498	20696.24030
26000.0	8.00	22535.87397	21542.14102	20804.53159
26000.0	8.25	22534.47835	21583.31866	20882.18183
26000.0	8.50	22529.25039	21655.58761	20977.40888
26000.0	8.75	22520.47496	21757.01270	21100.45693
26000.0	9.00	22508.94880	21792.87985	21183.20944
26000.0	9.25	22500.26556	21887.98911	21317.01434
26000.0	9.50	22489.84037	21956.70545	21434.23728
27000.0	6.50	23366.75611	21962.40881	21154.31507
27000.0	6.75	23381.64656	22011.33557	21211.98589
27000.0	7.00	23398.48138	22099.01399	21286.34658
27000.0	7.25	23414.32009	22160.81721	21359.67945
27000.0	7.50	23429.93076	22248.81503	21455.15090
27000.0	7.75	23442.41738	22328.52750	21542.55683
27000.0	8.00	23450.85435	22401.48180	21634.44568
27000.0	8.25	23455.24867	22466.12930	21735.55484
27000.0	8.50	23455.32431	22543.51190	21843.82635
27000.0	8.75	23453.28784	22568.23677	21925.75125
27000.0	9.00	23447.14419	22682.61020	22058.70537
27000.0	9.25	23444.57407	22773.73312	22182.34282
27000.0	9.50	23440.20120	22882.34956	22336.68934
28000.0	6.50	24321.34351	22922.12320	22058.81388
28000.0	6.75	24336.21087	22971.10262	22124.61715
28000.0	7.00	24355.29968	23021.17618	22199.78348
28000.0	7.25	24374.25259	23081.72930	22256.34491
28000.0	7.50	24393.69837	23186.41130	22357.99619
28000.0	7.75	24410.95051	23261.73942	22449.92973
28000.0	8.00	24424.83520	23329.73610	22547.64632
28000.0	8.25	24435.26830	23397.97584	22641.85868
28000.0	8.50	24440.98734	23494.12481	22772.00195
28000.0	8.75	24445.11096	23585.94009	22892.64081
28000.0	9.00	24444.93410	23700.17003	23032.45844
28000.0	9.25	24447.80052	23765.65121	23151.54299
28000.0	9.50	24449.60316	23857.25982	23289.08591
29000.0	6.50	25343.28452	23910.89024	23025.52341
29000.0	6.75	25356.45549	23908.81820	23067.06930
29000.0	7.00	25375.85729	23967.33616	23136.97567
29000.0	7.25	25395.70569	24100.43302	23250.53560
29000.0	7.50	25417.45332	24174.13303	23336.16576
29000.0	7.75	25437.12527	24260.55380	23426.98895
29000.0	8.00	25454.89775	24331.60237	23529.64228
29000.0	8.25	25468.77045	24449.58866	23668.62445
29000.0	8.50	25478.78369	24483.88267	23743.94228
29000.0	8.75	25487.31300	24591.97578	23874.46304
29000.0	9.00	25490.38512	24718.26208	24030.77268
29000.0	9.25	25496.77223	24783.74636	24153.86091
29000.0	9.50	25501.75429	24876.24861	24292.47132
30000.0	6.50	26422.79737	24944.63034	24056.11797
30000.0	6.75	26431.61191	25003.75736	24134.22346
30000.0	7.00	26447.06606	25068.04146	24194.73226
30000.0	7.25	26464.96107	25079.61529	24247.87677
30000.0	7.50	26485.30261	25191.75098	24349.73039
30000.0	7.75	26504.48267	25296.46989	24455.82026
30000.0	8.00	26520.95764	25378.24332	24559.82116
30000.0	8.25	26534.98840	25464.20145	24670.03439
30000.0	8.50	26544.90299	25584.06662	24816.75101
30000.0	8.75	26553.17449	25635.86100	24905.30854
30000.0	9.00	26555.73373	25732.01124	25045.95813
30000.0	9.25	26560.01857	25813.67593	25165.56800
30000.0	9.50	26563.93550	25880.82020	25288.44372
32000.0	6.50	28601.18760	27148.41542	26228.47675
32000.0	6.75	28593.69710	27131.77264	26233.89877
32000.0	7.00	28593.67514	27187.66784	26308.54082
32000.0	7.25	28597.98418	27233.34967	26356.91922
32000.0	7.50	28604.80449	27245.31635	26412.64395
32000.0	7.75	28611.48526	27387.66545	26535.69589
32000.0	8.00	28617.74910	27455.92049	26625.72705
32000.0	8.25	28620.12265	27495.69410	26693.72720
32000.0	8.50	28619.18599	27584.01424	26807.56181
32000.0	8.75	28616.44679	27658.05830	26911.98806
32000.0	9.00	28609.05705	27722.94605	27020.27343
32000.0	9.25	28600.50088	27820.99421	27159.59319
32000.0	9.50	28592.67307	27885.47937	27270.83144
34000.0	6.50	30615.75440	29145.70004	28216.25412
34000.0	6.75	30589.59889	29120.72312	28218.26978
34000.0	7.00	30569.22911	29169.89192	28259.90209
34000.0	7.25	30554.08499	29131.09760	28278.26318
34000.0	7.50	30542.04678	29234.60263	28366.30536
34000.0	7.75	30529.98734	29260.93478	28407.15774
34000.0	8.00	30518.37447	29343.98836	28505.94749
34000.0	8.25	30502.65616	29395.55926	28580.86891
34000.0	8.50	30486.39844	29447.89057	28659.52840
34000.0	8.75	30466.94412	29483.71862	28726.38353
34000.0	9.00	30445.07656	29537.66747	28816.60381
34000.0	9.25	30419.58530	29599.40489	28922.32790
34000.0	9.50	30396.91696	29629.67708	28999.77745
35000.0	6.50	31530.94510	30063.10796	29132.08169
35000.0	6.75	31494.80612	30024.99233	29120.58729
35000.0	7.00	31465.04452	30085.33868	29180.33417
35000.0	7.25	31441.03479	30071.80865	29203.55903
35000.0	7.50	31419.21080	30039.67826	29201.14761
35000.0	7.75	31399.11209	30130.34918	29298.18027
35000.0	8.00	31379.20705	30162.53901	29323.95449
35000.0	8.25	31355.36168	30241.01343	29420.79498
35000.0	8.50	31331.62401	30284.15899	29492.32911
35000.0	8.75	31304.47597	30328.01153	29567.68639
35000.0	9.00	31276.15599	30354.65233	29628.69274
35000.0	9.25	31242.95596	30385.51254	29705.80968
35000.0	9.50	31213.97653	30449.44440	29811.25558
36000.0	6.50	32416.35597	30943.14006	30004.94085
36000.0	6.75	32370.58736	30927.34747	30004.31179
36000.0	7.00	32333.43724	30946.80768	30033.84198
36000.0	7.25	32298.62508	30935.35415	30031.22945
36000.0	7.50	32268.74114	30878.27351	30035.69539
36000.0	7.75	32239.75486	30974.24011	30102.86246
36000.0	8.00	32211.72841	30984.72217	30140.73108
36000.0	8.25	32179.86216	31017.02818	30195.80339
36000.0	8.50	32148.31233	31051.35073	30258.17199
36000.0	8.75	32113.83345	31086.46642	30323.94599
36000.0	9.00	32077.39044	31140.71298	30405.75736
36000.0	9.25	32038.64718	31174.94975	30484.75832
36000.0	9.50	32002.67959	31197.35622	30554.17919
38000.0	6.50	34037.42786	32574.35115	31629.55044
38000.0	6.75	33975.79521	32519.78426	31585.04510
38000.0	7.00	33921.92538	32523.96123	31603.32390
38000.0	7.25	33872.90346	32515.20555	31606.77871
38000.0	7.50	33826.49890	32414.96078	31566.67308
38000.0	7.75	33781.84329	32421.44445	31592.07817
38000.0	8.00	33739.81649	32434.07812	31624.17174
38000.0	8.25	33693.60803	32508.99301	31678.47587
38000.0	8.50	33649.23510	32568.85404	31760.73661
38000.0	8.75	33601.92067	32548.34463	31774.05546
38000.0	9.00	33552.24894	32609.28978	31865.88216
38000.0	9.25	33503.71223	32671.41746	31948.09353
38000.0	9.50	33456.14011	32615.29868	31958.94347
40000.0	6.50	35499.06424	34005.12972	33063.25638
40000.0	6.75	35423.78070	33957.27634	33019.96260
40000.0	7.00	35355.00265	33923.93874	32994.16867
40000.0	7.25	35292.06007	33860.10821	32966.96306
40000.0	7.50	35232.28499	33883.98791	32978.25592
40000.0	7.75	35174.13448	33862.77089	33013.10290
40000.0	8.00	35120.06919	33875.61328	33007.39632
40000.0	8.25	35061.85899	33795.83096	33003.97338
40000.0	8.50	35007.66832	33864.04933	33053.52861
40000.0	8.75	34949.74862	33915.64583	33126.34874
40000.0	9.00	34889.32212	33922.39443	33169.73767
40000.0	9.25	34832.88418	33976.20488	33240.03630
40000.0	9.50	34776.55902	33981.40991	33290.15033
45000.0	6.50	38767.56495	37147.42435	36250.32157
45000.0	6.75	38654.51826	37131.21412	36186.78351
45000.0	7.00	38547.84454	37084.02139	36141.23928
45000.0	7.25	38450.87703	37026.02686	36092.94679
45000.0	7.50	38362.11093	36931.16637	36040.57928
45000.0	7.75	38276.89432	36921.80024	36058.97924
45000.0	8.00	38193.11761	36890.61522	36046.23081
45000.0	8.25	38112.94510	36882.85355	36019.98789
45000.0	8.50	38032.31779	36769.26915	35986.58417
45000.0	8.75	37955.95518	36870.03242	36058.37061
45000.0	9.00	37876.42252	36806.28469	36034.23344
45000.0	9.25	37800.70814	36789.69243	36057.61447
45000.0	9.50	37728.71538	36810.34713	36107.53996
50000.0	6.50	41673.58183	40099.11404	39174.61287
50000.0	6.75	41519.97104	39988.41675	39021.74513
50000.0	7.00	41375.66221	39851.63499	38902.34961
50000.0	7.25	41245.50908	39785.57533	38839.90556
50000.0	7.50	41125.61557	39703.44177	38768.06983
50000.0	7.75	41011.98681	39666.76108	38749.85599
50000.0	8.00	40903.98379	39478.03667	38642.77371
50000.0	8.25	40801.70726	39429.07439	38613.48165
50000.0	8.50	40705.20293	39490.59469	38627.49836
50000.0	8.75	40610.70927	39351.17006	38582.70522
50000.0	9.00	40516.39216	39419.11980	38619.98406
50000.0	9.25	40425.63672	39386.07963	38624.04539
50000.0	9.50	40342.86726	39354.17960	38630.77288
60000.0	6.50	46976.77815	45420.64208	44439.84631
60000.0	6.75	46723.88604	45127.19091	44158.08124
60000.0	7.00	46491.86868	44954.48460	43980.02284
60000.0	7.25	46283.08864	44777.02239	43815.38505
60000.0	7.50	46093.60957	44592.71293	43651.14097
60000.0	7.75	45919.78701	44522.98333	43589.22561
60000.0	8.00	45757.97919	44409.90952	43491.43640
60000.0	8.25	45608.91573	44274.08412	43388.82658
60000.0	8.50	45472.31366	44069.69956	43260.16191
60000.0	8.75	45343.59169	44111.47347	43251.02730
60000.0	9.00	45220.49037	44042.27843	43213.63430
60000.0	9.25	45104.46714	43950.89466	43170.14046
60000.0	9.50	44998.52755	43948.19386	43191.31165
70000.0	6.50	52347.18395	50641.87839	49663.02820
70000.0	6.75	52002.88785	50359.32660	49360.21700
70000.0	7.00	51682.83144	50071.07306	49086.02038
70000.0	7.25	51276.70438	49724.75371	48735.92365
70000.0	7.50	50897.90521	49382.04883	48405.87219
70000.0	7.75	50896.17282	49467.00708	48509.62561
70000.0	8.00	50680.80110	49194.08434	48292.04762
70000.0	8.25	50481.72625	49038.89590	48158.62305
70000.0	8.50	50303.43828	48932.59441	48046.58317
70000.0	8.75	50140.43041	48812.17074	47966.27496
70000.0	9.00	49989.19691	48705.38098	47888.37754
70000.0	9.25	49850.89285	48674.10580	47867.92992
70000.0	9.50	49725.24449	48515.92853	47753.92551
80000.0	6.50	57185.85273	55513.15989	54437.00917
80000.0	6.75	56709.20533	55068.79987	54000.50096
80000.0	7.00	56272.29760	54581.69385	53542.79183
80000.0	7.25	55749.04428	54088.14096	53063.51596
80000.0	7.50	55264.84928	53678.86163	52660.79860
80000.0	7.75	55221.41361	53681.02387	52676.20443
80000.0	8.00	54936.14928	53402.19899	52434.55693
80000.0	8.25	54679.75765	53268.28164	52316.89953
80000.0	8.50	54447.55107	52966.80939	52076.45174
80000.0	8.75	54239.65406	52832.24141	51936.78268
80000.0	9.00	54049.36345	52718.73387	51865.70831
80000.0	9.25	53879.47656	52547.66364	51734.26045
80000.0	9.50	53727.36035	52433.12954	51687.33554
