Teff	log(g)	T_BB_tess
5000.0	6.50	4962.49571
5000.0	6.75	4965.81644
5000.0	7.00	4968.96747
5000.0	7.25	4972.21017
5000.0	7.50	4975.39959
5000.0	7.75	4978.81653
5000.0	8.00	4982.51297
5000.0	8.25	4986.19762
5000.0	8.50	4990.67734
5000.0	8.75	4995.20002
5000.0	9.00	5000.20302
5000.0	9.25	5005.53289
5000.0	9.50	5011.38090
5250.0	6.50	5203.25823
5250.0	6.75	5206.88964
5250.0	7.00	5211.10257
5250.0	7.25	5215.39077
5250.0	7.50	5219.91789
5250.0	7.75	5224.34172
5250.0	8.00	5228.74420
5250.0	8.25	5233.26369
5250.0	8.50	5237.92084
5250.0	8.75	5242.78200
5250.0	9.00	5247.94815
5250.0	9.25	5253.38531
5250.0	9.50	5259.72035
5500.0	6.50	5445.50261
5500.0	6.75	5448.56951
5500.0	7.00	5451.14836
5500.0	7.25	5454.89209
5500.0	7.50	5460.25134
5500.0	7.75	5466.31140
5500.0	8.00	5472.57709
5500.0	8.25	5478.47009
5500.0	8.50	5484.21320
5500.0	8.75	5490.13446
5500.0	9.00	5496.18443
5500.0	9.25	5502.14408
5500.0	9.50	5508.58187
5750.0	6.50	5681.40990
5750.0	6.75	5687.37365
5750.0	7.00	5692.61515
5750.0	7.25	5696.19177
5750.0	7.50	5700.46098
5750.0	7.75	5705.92685
5750.0	8.00	5711.75970
5750.0	8.25	5719.45308
5750.0	8.50	5727.30351
5750.0	8.75	5735.07287
5750.0	9.00	5742.40626
5750.0	9.25	5749.79762
5750.0	9.50	5757.15066
6000.0	6.50	5911.95859
6000.0	6.75	5917.80407
6000.0	7.00	5925.22223
6000.0	7.25	5932.86179
6000.0	7.50	5938.88376
6000.0	7.75	5944.93166
6000.0	8.00	5951.49275
6000.0	8.25	5958.91005
6000.0	8.50	5966.55999
6000.0	8.75	5975.20512
6000.0	9.00	5985.00597
6000.0	9.25	5994.41711
6000.0	9.50	6003.75752
6250.0	6.50	6141.60858
6250.0	6.75	6146.97282
6250.0	7.00	6155.60621
6250.0	7.25	6162.88090
6250.0	7.50	6170.79271
6250.0	7.75	6179.50706
6250.0	8.00	6187.15122
6250.0	8.25	6196.18738
6250.0	8.50	6205.15718
6250.0	8.75	6214.40512
6250.0	9.00	6224.47663
6250.0	9.25	6234.85844
6250.0	9.50	6246.29690
6500.0	6.50	6372.69294
6500.0	6.75	6376.77607
6500.0	7.00	6382.89283
6500.0	7.25	6389.88237
6500.0	7.50	6399.27649
6500.0	7.75	6407.56893
6500.0	8.00	6415.97004
6500.0	8.25	6427.08597
6500.0	8.50	6438.59090
6500.0	8.75	6449.82637
6500.0	9.00	6461.44871
6500.0	9.25	6473.33504
6500.0	9.50	6486.15827
6750.0	6.50	6601.97669
6750.0	6.75	6605.52434
6750.0	7.00	6610.29998
6750.0	7.25	6615.88994
6750.0	7.50	6623.09462
6750.0	7.75	6631.40558
6750.0	8.00	6640.55976
6750.0	8.25	6651.18575
6750.0	8.50	6663.68009
6750.0	8.75	6676.99446
6750.0	9.00	6692.14972
6750.0	9.25	6706.65340
6750.0	9.50	6721.91997
7000.0	6.50	6836.90926
7000.0	6.75	6838.93128
7000.0	7.00	6841.97884
7000.0	7.25	6846.61943
7000.0	7.50	6852.54697
7000.0	7.75	6860.16671
7000.0	8.00	6868.71375
7000.0	8.25	6878.55810
7000.0	8.50	6890.11162
7000.0	8.75	6904.22102
7000.0	9.00	6917.72198
7000.0	9.25	6934.78149
7000.0	9.50	6952.16637
7250.0	6.50	7072.10570
7250.0	6.75	7072.63330
7250.0	7.00	7074.47955
7250.0	7.25	7076.74433
7250.0	7.50	7080.44443
7250.0	7.75	7086.38756
7250.0	8.00	7093.83196
7250.0	8.25	7102.58339
7250.0	8.50	7112.23162
7250.0	8.75	7125.37415
7250.0	9.00	7140.41120
7250.0	9.25	7158.08599
7250.0	9.50	7175.76001
7500.0	6.50	7313.85104
7500.0	6.75	7311.62613
7500.0	7.00	7310.09830
7500.0	7.25	7310.57181
7500.0	7.50	7313.07074
7500.0	7.75	7315.79730
7500.0	8.00	7321.43768
7500.0	8.25	7329.43504
7500.0	8.50	7338.82919
7500.0	8.75	7349.76577
7500.0	9.00	7363.25795
7500.0	9.25	7378.93318
7500.0	9.50	7399.19483
7750.0	6.50	7558.36603
7750.0	6.75	7553.51543
7750.0	7.00	7550.40641
7750.0	7.25	7548.63085
7750.0	7.50	7547.94224
7750.0	7.75	7549.36749
7750.0	8.00	7551.24980
7750.0	8.25	7556.05948
7750.0	8.50	7563.56062
7750.0	8.75	7573.27948
7750.0	9.00	7585.25289
7750.0	9.25	7601.44299
7750.0	9.50	7617.84308
8000.0	6.50	7809.26540
8000.0	6.75	7801.54949
8000.0	7.00	7795.28247
8000.0	7.25	7790.73560
8000.0	7.50	7787.64946
8000.0	7.75	7786.77434
8000.0	8.00	7786.64555
8000.0	8.25	7788.73009
8000.0	8.50	7793.80990
8000.0	8.75	7800.21905
8000.0	9.00	7810.41169
8000.0	9.25	7823.48369
8000.0	9.50	7840.20725
8250.0	6.50	8063.67780
8250.0	6.75	8051.43301
8250.0	7.00	8043.18565
8250.0	7.25	8037.29105
8250.0	7.50	8030.74527
8250.0	7.75	8028.44998
8250.0	8.00	8024.00185
8250.0	8.25	8023.64211
8250.0	8.50	8024.07887
8250.0	8.75	8027.85700
8250.0	9.00	8034.46558
8250.0	9.25	8044.31403
8250.0	9.50	8059.34559
8500.0	6.50	8321.90679
8500.0	6.75	8306.54327
8500.0	7.00	8296.57093
8500.0	7.25	8287.60852
8500.0	7.50	8279.49878
8500.0	7.75	8272.34722
8500.0	8.00	8267.28570
8500.0	8.25	8263.00632
8500.0	8.50	8261.69082
8500.0	8.75	8261.47568
8500.0	9.00	8264.75375
8500.0	9.25	8271.09028
8500.0	9.50	8282.53803
8750.0	6.50	8581.67090
8750.0	6.75	8564.94445
8750.0	7.00	8550.18049
8750.0	7.25	8538.85451
8750.0	7.50	8529.76631
8750.0	7.75	8521.10829
8750.0	8.00	8512.65678
8750.0	8.25	8506.90730
8750.0	8.50	8501.53343
8750.0	8.75	8499.24591
8750.0	9.00	8497.81541
8750.0	9.25	8500.28032
8750.0	9.50	8508.00817
9000.0	6.50	8841.24607
9000.0	6.75	8823.28276
9000.0	7.00	8809.06400
9000.0	7.25	8794.86179
9000.0	7.50	8784.84488
9000.0	7.75	8773.53001
9000.0	8.00	8764.43917
9000.0	8.25	8755.11806
9000.0	8.50	8747.74082
9000.0	8.75	8741.14577
9000.0	9.00	8737.52253
9000.0	9.25	8735.16371
9000.0	9.50	8738.86438
9250.0	6.50	9092.59526
9250.0	6.75	9080.40018
9250.0	7.00	9065.20548
9250.0	7.25	9050.61685
9250.0	7.50	9039.27404
9250.0	7.75	9026.55691
9250.0	8.00	9016.94380
9250.0	8.25	9004.46087
9250.0	8.50	8995.16566
9250.0	8.75	8985.79463
9250.0	9.00	8978.14508
9250.0	9.25	8974.07531
9250.0	9.50	8972.14554
9500.0	6.50	9332.87139
9500.0	6.75	9325.17320
9500.0	7.00	9316.51180
9500.0	7.25	9303.60759
9500.0	7.50	9292.51702
9500.0	7.75	9280.75821
9500.0	8.00	9268.64796
9500.0	8.25	9257.49475
9500.0	8.50	9245.56388
9500.0	8.75	9235.15537
9500.0	9.00	9224.12516
9500.0	9.25	9217.16907
9500.0	9.50	9211.38606
9750.0	6.50	9559.08357
9750.0	6.75	9560.54851
9750.0	7.00	9557.09920
9750.0	7.25	9550.89901
9750.0	7.50	9543.00506
9750.0	7.75	9532.47180
9750.0	8.00	9520.11204
9750.0	8.25	9508.54702
9750.0	8.50	9496.24791
9750.0	8.75	9485.43327
9750.0	9.00	9472.58158
9750.0	9.25	9461.71808
9750.0	9.50	9452.43261
10000.0	6.50	9764.40249
10000.0	6.75	9777.93632
10000.0	7.00	9783.34130
10000.0	7.25	9785.24993
10000.0	7.50	9782.03910
10000.0	7.75	9776.30473
10000.0	8.00	9767.81973
10000.0	8.25	9758.29012
10000.0	8.50	9747.44086
10000.0	8.75	9735.30819
10000.0	9.00	9723.05945
10000.0	9.25	9709.44372
10000.0	9.50	9697.75541
10250.0	6.50	9943.98231
10250.0	6.75	9979.64146
10250.0	7.00	9997.65292
10250.0	7.25	10009.20318
10250.0	7.50	10012.42251
10250.0	7.75	10013.73503
10250.0	8.00	10009.94177
10250.0	8.25	10003.40492
10250.0	8.50	9995.43898
10250.0	8.75	9983.58905
10250.0	9.00	9970.43316
10250.0	9.25	9958.07245
10250.0	9.50	9944.97120
10500.0	6.50	10085.58073
10500.0	6.75	10151.51175
10500.0	7.00	10193.24487
10500.0	7.25	10216.06987
10500.0	7.50	10229.65447
10500.0	7.75	10237.86650
10500.0	8.00	10242.60207
10500.0	8.25	10241.11728
10500.0	8.50	10237.11668
10500.0	8.75	10230.80493
10500.0	9.00	10219.66668
10500.0	9.25	10206.96697
10500.0	9.50	10191.81971
10750.0	6.50	10222.85392
10750.0	6.75	10294.13663
10750.0	7.00	10367.47594
10750.0	7.25	10411.38163
10750.0	7.50	10435.85647
10750.0	7.75	10454.15915
10750.0	8.00	10465.23897
10750.0	8.25	10471.82724
10750.0	8.50	10473.38805
10750.0	8.75	10470.91638
10750.0	9.00	10465.34036
10750.0	9.25	10454.89338
10750.0	9.50	10439.62856
11000.0	6.50	10369.60364
11000.0	6.75	10427.70484
11000.0	7.00	10505.74845
11000.0	7.25	10580.97851
11000.0	7.50	10627.61422
11000.0	7.75	10655.08587
11000.0	8.00	10676.39028
11000.0	8.25	10690.01815
11000.0	8.50	10698.65515
11000.0	8.75	10703.79024
11000.0	9.00	10702.22167
11000.0	9.25	10695.65120
11000.0	9.50	10684.76539
11250.0	6.50	10529.13160
11250.0	6.75	10567.63695
11250.0	7.00	10634.53995
11250.0	7.25	10722.78396
11250.0	7.50	10800.42090
11250.0	7.75	10848.20498
11250.0	8.00	10878.16618
11250.0	8.25	10900.19831
11250.0	8.50	10916.74285
11250.0	8.75	10928.16750
11250.0	9.00	10932.44956
11250.0	9.25	10932.20177
11250.0	9.50	10927.47601
11500.0	6.50	10695.25325
11500.0	6.75	10722.78381
11500.0	7.00	10772.04950
11500.0	7.25	10850.35542
11500.0	7.50	10943.10748
11500.0	7.75	11020.90233
11500.0	8.00	11067.90149
11500.0	8.25	11100.09788
11500.0	8.50	11124.46325
11500.0	8.75	11143.13078
11500.0	9.00	11154.16298
11500.0	9.25	11160.06654
11500.0	9.50	11160.44016
11750.0	6.50	10861.11491
11750.0	6.75	10886.33800
11750.0	7.00	10920.24525
11750.0	7.25	10979.89584
11750.0	7.50	11069.28803
11750.0	7.75	11169.25581
11750.0	8.00	11243.34318
11750.0	8.25	11292.30087
11750.0	8.50	11326.29617
11750.0	8.75	11351.29143
11750.0	9.00	11370.46913
11750.0	9.25	11382.86364
11750.0	9.50	11388.91062
12000.0	6.50	11023.90319
12000.0	6.75	11050.41198
12000.0	7.00	11078.55272
12000.0	7.25	11121.88441
12000.0	7.50	11195.87983
12000.0	7.75	11298.62927
12000.0	8.00	11399.43784
12000.0	8.25	11470.34263
12000.0	8.50	11516.36254
12000.0	8.75	11552.89937
12000.0	9.00	11578.07086
12000.0	9.25	11595.89307
12000.0	9.50	11609.46974
12250.0	6.50	11184.06980
12250.0	6.75	11211.73584
12250.0	7.00	11239.09519
12250.0	7.25	11273.93276
12250.0	7.50	11331.54596
12250.0	7.75	11421.11656
12250.0	8.00	11531.51011
12250.0	8.25	11634.02187
12250.0	8.50	11701.24042
12250.0	8.75	11746.79471
12250.0	9.00	11778.78080
12250.0	9.25	11804.64243
12250.0	9.50	11822.97093
12500.0	6.50	11344.96349
12500.0	6.75	11372.58303
12500.0	7.00	11400.14201
12500.0	7.25	11432.40336
12500.0	7.50	11476.83299
12500.0	7.75	11549.70695
12500.0	8.00	11654.76825
12500.0	8.25	11773.85077
12500.0	8.50	11869.89389
12500.0	8.75	11929.37241
12500.0	9.00	11971.83530
12500.0	9.25	12004.46844
12500.0	9.50	12030.05814
12750.0	6.50	11499.79199
12750.0	6.75	11529.29417
12750.0	7.00	11559.91055
12750.0	7.25	11591.29983
12750.0	7.50	11629.41342
12750.0	7.75	11688.17133
12750.0	8.00	11778.45393
12750.0	8.25	11898.95546
12750.0	8.50	12021.66823
12750.0	8.75	12104.29885
12750.0	9.00	12160.34886
12750.0	9.25	12201.36824
12750.0	9.50	12233.04506
13000.0	6.50	11655.06861
13000.0	6.75	11684.97912
13000.0	7.00	11715.96707
13000.0	7.25	11750.66278
13000.0	7.50	11786.88747
13000.0	7.75	11835.28185
13000.0	8.00	11911.17440
13000.0	8.25	12021.69412
13000.0	8.50	12153.08163
13000.0	8.75	12264.46614
13000.0	9.00	12336.93117
13000.0	9.25	12387.68276
13000.0	9.50	12429.98552
13250.0	6.50	11809.38818
13250.0	6.75	11839.90768
13250.0	7.00	11873.01600
13250.0	7.25	11907.04154
13250.0	7.50	11945.47883
13250.0	7.75	11987.41316
13250.0	8.00	12051.71697
13250.0	8.25	12147.34645
13250.0	8.50	12273.71803
13250.0	8.75	12409.57798
13250.0	9.00	12506.24481
13250.0	9.25	12571.78719
13250.0	9.50	12620.15822
13500.0	6.50	11962.73912
13500.0	6.75	11994.13160
13500.0	7.00	12028.30562
13500.0	7.25	12063.45134
13500.0	7.50	12103.09970
13500.0	7.75	12143.18987
13500.0	8.00	12197.23956
13500.0	8.25	12278.98052
13500.0	8.50	12396.40455
13500.0	8.75	12537.02329
13500.0	9.00	12662.51677
13500.0	9.25	12746.96934
13500.0	9.50	12807.37670
13750.0	6.50	12119.77134
13750.0	6.75	12148.31027
13750.0	7.00	12184.21524
13750.0	7.25	12220.54329
13750.0	7.50	12259.36279
13750.0	7.75	12299.65247
13750.0	8.00	12347.36490
13750.0	8.25	12418.81249
13750.0	8.50	12522.44117
13750.0	8.75	12657.70424
13750.0	9.00	12803.76275
13750.0	9.25	12914.32720
13750.0	9.50	12989.42972
14000.0	6.50	12269.36708
14000.0	6.75	12302.57364
14000.0	7.00	12338.17244
14000.0	7.25	12373.76745
14000.0	7.50	12413.29854
14000.0	7.75	12456.31527
14000.0	8.00	12503.18195
14000.0	8.25	12564.36232
14000.0	8.50	12655.27119
14000.0	8.75	12782.28657
14000.0	9.00	12931.06131
14000.0	9.25	13069.27928
14000.0	9.50	13161.28556
14250.0	6.50	12422.12961
14250.0	6.75	12454.97674
14250.0	7.00	12490.17868
14250.0	7.25	12529.28538
14250.0	7.50	12568.29277
14250.0	7.75	12611.61413
14250.0	8.00	12656.45295
14250.0	8.25	12714.94793
14250.0	8.50	12793.61049
14250.0	8.75	12907.13035
14250.0	9.00	13053.28703
14250.0	9.25	13209.49183
14250.0	9.50	13327.61285
14500.0	6.50	12574.59103
14500.0	6.75	12607.84715
14500.0	7.00	12643.70675
14500.0	7.25	12681.10240
14500.0	7.50	12724.10163
14500.0	7.75	12766.26581
14500.0	8.00	12813.99645
14500.0	8.25	12865.75448
14500.0	8.50	12937.06675
14500.0	8.75	13038.27690
14500.0	9.00	13176.36510
14500.0	9.25	13336.95446
14500.0	9.50	13484.18386
14750.0	6.50	12729.10886
14750.0	6.75	12759.91839
14750.0	7.00	12796.41389
14750.0	7.25	12834.70142
14750.0	7.50	12876.29535
14750.0	7.75	12920.80414
14750.0	8.00	12967.44606
14750.0	8.25	13019.35574
14750.0	8.50	13084.48488
14750.0	8.75	13176.04618
14750.0	9.00	13301.02622
14750.0	9.25	13459.48182
14750.0	9.50	13624.58267
15000.0	6.50	12880.56250
15000.0	6.75	12910.95108
15000.0	7.00	12951.03737
15000.0	7.25	12989.28079
15000.0	7.50	13029.73424
15000.0	7.75	13074.81715
15000.0	8.00	13123.67836
15000.0	8.25	13173.78430
15000.0	8.50	13235.49555
15000.0	8.75	13317.92064
15000.0	9.00	13431.59384
15000.0	9.25	13581.30100
15000.0	9.50	13753.76208
15250.0	6.50	13030.22833
15250.0	6.75	13063.89533
15250.0	7.00	13101.73423
15250.0	7.25	13141.70170
15250.0	7.50	13185.35692
15250.0	7.75	13231.55991
15250.0	8.00	13279.75298
15250.0	8.25	13330.20303
15250.0	8.50	13389.76261
15250.0	8.75	13463.45989
15250.0	9.00	13568.44909
15250.0	9.25	13708.73055
15250.0	9.50	13877.69680
15500.0	6.50	13183.16724
15500.0	6.75	13217.70961
15500.0	7.00	13254.74739
15500.0	7.25	13295.00533
15500.0	7.50	13336.76405
15500.0	7.75	13384.64894
15500.0	8.00	13433.60789
15500.0	8.25	13487.19330
15500.0	8.50	13544.18179
15500.0	8.75	13614.32778
15500.0	9.00	13707.23150
15500.0	9.25	13835.60415
15500.0	9.50	14000.09796
15750.0	6.50	13334.36501
15750.0	6.75	13370.23433
15750.0	7.00	13407.14554
15750.0	7.25	13447.80110
15750.0	7.50	13491.29254
15750.0	7.75	13538.21719
15750.0	8.00	13588.45323
15750.0	8.25	13643.56103
15750.0	8.50	13698.14391
15750.0	8.75	13764.51609
15750.0	9.00	13850.96458
15750.0	9.25	13969.08870
15750.0	9.50	14124.40227
16000.0	6.50	13486.83456
16000.0	6.75	13522.73466
16000.0	7.00	13560.82177
16000.0	7.25	13599.27862
16000.0	7.50	13643.76861
16000.0	7.75	13692.37081
16000.0	8.00	13743.21064
16000.0	8.25	13796.11156
16000.0	8.50	13853.53405
16000.0	8.75	13919.73568
16000.0	9.00	13998.28045
16000.0	9.25	14107.36424
16000.0	9.50	14251.80994
16250.0	6.50	13640.94934
16250.0	6.75	13677.00087
16250.0	7.00	13714.38029
16250.0	7.25	13754.63650
16250.0	7.50	13799.68118
16250.0	7.75	13846.87446
16250.0	8.00	13898.48984
16250.0	8.25	13953.34506
16250.0	8.50	14011.35902
16250.0	8.75	14072.76385
16250.0	9.00	14147.72881
16250.0	9.25	14247.09505
16250.0	9.50	14384.15250
16500.0	6.50	13791.98001
16500.0	6.75	13830.05740
16500.0	7.00	13866.33171
16500.0	7.25	13906.27856
16500.0	7.50	13951.13181
16500.0	7.75	14002.23070
16500.0	8.00	14053.44161
16500.0	8.25	14110.85928
16500.0	8.50	14166.86400
16500.0	8.75	14229.29135
16500.0	9.00	14300.97696
16500.0	9.25	14392.59842
16500.0	9.50	14518.24074
16750.0	6.50	13947.73408
16750.0	6.75	13983.75606
16750.0	7.00	14021.01657
16750.0	7.25	14061.02158
16750.0	7.50	14105.74114
16750.0	7.75	14156.98773
16750.0	8.00	14208.70669
16750.0	8.25	14265.87259
16750.0	8.50	14323.71734
16750.0	8.75	14385.68533
16750.0	9.00	14454.84037
16750.0	9.25	14543.38719
16750.0	9.50	14657.30346
17000.0	6.50	14099.68843
17000.0	6.75	14136.29465
17000.0	7.00	14173.73849
17000.0	7.25	14217.18175
17000.0	7.50	14260.52125
17000.0	7.75	14312.30640
17000.0	8.00	14364.25180
17000.0	8.25	14421.66281
17000.0	8.50	14481.15267
17000.0	8.75	14544.19954
17000.0	9.00	14611.63284
17000.0	9.25	14697.11798
17000.0	9.50	14799.95011
17250.0	6.50	14257.89104
17250.0	6.75	14292.56884
17250.0	7.00	14328.95041
17250.0	7.25	14372.57436
17250.0	7.50	14418.65074
17250.0	7.75	14468.18818
17250.0	8.00	14520.88957
17250.0	8.25	14579.27913
17250.0	8.50	14638.75042
17250.0	8.75	14702.22765
17250.0	9.00	14766.41796
17250.0	9.25	14845.37447
17250.0	9.50	14946.80208
17500.0	6.50	14409.96675
17500.0	6.75	14446.42394
17500.0	7.00	14484.21183
17500.0	7.25	14526.66127
17500.0	7.50	14573.22873
17500.0	7.75	14624.76972
17500.0	8.00	14679.07985
17500.0	8.25	14737.26302
17500.0	8.50	14798.37147
17500.0	8.75	14859.87127
17500.0	9.00	14923.44369
17500.0	9.25	14999.51627
17500.0	9.50	15102.05675
17750.0	6.50	14565.18917
17750.0	6.75	14601.66766
17750.0	7.00	14644.12467
17750.0	7.25	14687.40524
17750.0	7.50	14729.69190
17750.0	7.75	14781.03684
17750.0	8.00	14836.21111
17750.0	8.25	14893.58459
17750.0	8.50	14956.31550
17750.0	8.75	15019.03428
17750.0	9.00	15082.15289
17750.0	9.25	15154.79875
17750.0	9.50	15260.28753
18000.0	6.50	14719.07307
18000.0	6.75	14760.13219
18000.0	7.00	14797.90104
18000.0	7.25	14841.21108
18000.0	7.50	14888.21461
18000.0	7.75	14938.11238
18000.0	8.00	14993.10695
18000.0	8.25	15053.56062
18000.0	8.50	15114.91769
18000.0	8.75	15179.96352
18000.0	9.00	15242.48388
18000.0	9.25	15313.57631
18000.0	9.50	15423.43495
18250.0	6.50	14875.28402
18250.0	6.75	14914.01384
18250.0	7.00	14953.37148
18250.0	7.25	15001.03751
18250.0	7.50	15043.87096
18250.0	7.75	15095.82180
18250.0	8.00	15150.59924
18250.0	8.25	15210.30224
18250.0	8.50	15274.31015
18250.0	8.75	15339.73889
18250.0	9.00	15404.98060
18250.0	9.25	15473.74231
18250.0	9.50	15587.06801
18500.0	6.50	15034.76232
18500.0	6.75	15073.08749
18500.0	7.00	15111.99188
18500.0	7.25	15155.67029
18500.0	7.50	15201.77054
18500.0	7.75	15254.05496
18500.0	8.00	15309.06259
18500.0	8.25	15369.51834
18500.0	8.50	15434.08827
18500.0	8.75	15500.60004
18500.0	9.00	15565.30614
18500.0	9.25	15634.24971
18500.0	9.50	15755.94636
18750.0	6.50	15189.04741
18750.0	6.75	15227.68275
18750.0	7.00	15267.54713
18750.0	7.25	15313.60024
18750.0	7.50	15360.08595
18750.0	7.75	15412.45165
18750.0	8.00	15470.57650
18750.0	8.25	15531.14301
18750.0	8.50	15595.99953
18750.0	8.75	15661.93884
18750.0	9.00	15728.42421
18750.0	9.25	15799.38265
18750.0	9.50	15927.63572
19000.0	6.50	15346.19189
19000.0	6.75	15384.78679
19000.0	7.00	15425.43702
19000.0	7.25	15472.16588
19000.0	7.50	15520.29849
19000.0	7.75	15572.56753
19000.0	8.00	15630.61212
19000.0	8.25	15691.26492
19000.0	8.50	15756.97104
19000.0	8.75	15823.93921
19000.0	9.00	15892.84946
19000.0	9.25	15964.54472
19000.0	9.50	16102.21559
19250.0	6.50	15507.06030
19250.0	6.75	15542.78334
19250.0	7.00	15584.99892
19250.0	7.25	15635.52723
19250.0	7.50	15679.75656
19250.0	7.75	15731.72282
19250.0	8.00	15790.72605
19250.0	8.25	15851.92019
19250.0	8.50	15916.90609
19250.0	8.75	15985.58714
19250.0	9.00	16056.80918
19250.0	9.25	16130.65705
19250.0	9.50	16281.23736
19500.0	6.50	15662.92410
19500.0	6.75	15704.14587
19500.0	7.00	15744.35093
19500.0	7.25	15791.84838
19500.0	7.50	15843.02965
19500.0	7.75	15892.25070
19500.0	8.00	15950.40277
19500.0	8.25	16010.27892
19500.0	8.50	16080.22728
19500.0	8.75	16149.76080
19500.0	9.00	16222.00094
19500.0	9.25	16299.69184
19500.0	9.50	16459.15143
19750.0	6.50	15824.81972
19750.0	6.75	15862.42949
19750.0	7.00	15906.59169
19750.0	7.25	15951.27244
19750.0	7.50	16001.77917
19750.0	7.75	16053.57666
19750.0	8.00	16110.89909
19750.0	8.25	16174.73320
19750.0	8.50	16241.82989
19750.0	8.75	16312.51697
19750.0	9.00	16389.39076
19750.0	9.25	16464.64275
19750.0	9.50	16640.45163
20000.0	6.50	15982.30672
20000.0	6.75	16020.00978
20000.0	7.00	16064.62468
20000.0	7.25	16109.68378
20000.0	7.50	16159.92441
20000.0	7.75	16215.80495
20000.0	8.00	16272.15688
20000.0	8.25	16337.87053
20000.0	8.50	16405.44960
20000.0	8.75	16477.01504
20000.0	9.00	16555.65617
20000.0	9.25	16633.45062
20000.0	9.50	16825.41759
21000.0	6.50	16630.63033
21000.0	6.75	16676.50212
21000.0	7.00	16718.78797
21000.0	7.25	16764.58309
21000.0	7.50	16818.73714
21000.0	7.75	16875.01165
21000.0	8.00	16934.47350
21000.0	8.25	17003.74216
21000.0	8.50	17073.00411
21000.0	8.75	17149.40933
21000.0	9.00	17226.17023
21000.0	9.25	17308.72568
21000.0	9.50	17490.10320
22000.0	6.50	17298.80250
22000.0	6.75	17339.92957
22000.0	7.00	17386.99550
22000.0	7.25	17440.00768
22000.0	7.50	17492.14217
22000.0	7.75	17551.18987
22000.0	8.00	17614.14126
22000.0	8.25	17682.67636
22000.0	8.50	17757.65405
22000.0	8.75	17836.27130
22000.0	9.00	17916.25852
22000.0	9.25	18003.16708
22000.0	9.50	18164.16555
23000.0	6.50	17980.03541
23000.0	6.75	18026.29308
23000.0	7.00	18070.65643
23000.0	7.25	18130.07166
23000.0	7.50	18186.48689
23000.0	7.75	18245.47190
23000.0	8.00	18319.32179
23000.0	8.25	18381.59065
23000.0	8.50	18462.22609
23000.0	8.75	18540.20663
23000.0	9.00	18626.32216
23000.0	9.25	18719.91364
23000.0	9.50	18863.33834
24000.0	6.50	18681.54616
24000.0	6.75	18729.84742
24000.0	7.00	18780.61318
24000.0	7.25	18838.74645
24000.0	7.50	18900.15068
24000.0	7.75	18968.23122
24000.0	8.00	19041.68003
24000.0	8.25	19112.22016
24000.0	8.50	19193.64413
24000.0	8.75	19274.49825
24000.0	9.00	19366.21256
24000.0	9.25	19458.27570
24000.0	9.50	19582.98687
25000.0	6.50	19413.98978
25000.0	6.75	19462.22511
25000.0	7.00	19517.46464
25000.0	7.25	19579.91054
25000.0	7.50	19641.32738
25000.0	7.75	19717.78541
25000.0	8.00	19789.82294
25000.0	8.25	19867.23715
25000.0	8.50	19952.46496
25000.0	8.75	20043.88000
25000.0	9.00	20135.99737
25000.0	9.25	20239.40173
25000.0	9.50	20339.47355
26000.0	6.50	20209.35948
26000.0	6.75	20252.08282
26000.0	7.00	20307.11893
26000.0	7.25	20368.58059
26000.0	7.50	20433.58259
26000.0	7.75	20499.54571
26000.0	8.00	20572.97895
26000.0	8.25	20652.72708
26000.0	8.50	20732.51337
26000.0	8.75	20815.34708
26000.0	9.00	20911.55788
26000.0	9.25	21009.28274
26000.0	9.50	21108.59001
27000.0	6.50	21036.86646
27000.0	6.75	21080.40720
27000.0	7.00	21136.43112
27000.0	7.25	21201.39165
27000.0	7.50	21264.59385
27000.0	7.75	21341.41542
27000.0	8.00	21420.40954
27000.0	8.25	21508.66304
27000.0	8.50	21596.07459
27000.0	8.75	21685.43738
27000.0	9.00	21788.38020
27000.0	9.25	21884.44933
27000.0	9.50	21992.07395
28000.0	6.50	21919.32735
28000.0	6.75	21966.29811
28000.0	7.00	22022.67478
28000.0	7.25	22095.05497
28000.0	7.50	22169.60566
28000.0	7.75	22248.75089
28000.0	8.00	22336.60841
28000.0	8.25	22425.15719
28000.0	8.50	22519.88985
28000.0	8.75	22616.90302
28000.0	9.00	22721.29674
28000.0	9.25	22830.06501
28000.0	9.50	22941.74540
29000.0	6.50	22883.77476
29000.0	6.75	22934.95646
29000.0	7.00	22988.70020
29000.0	7.25	23064.30321
29000.0	7.50	23142.53748
29000.0	7.75	23228.58488
29000.0	8.00	23315.04104
29000.0	8.25	23413.09817
29000.0	8.50	23508.26012
29000.0	8.75	23613.96570
29000.0	9.00	23719.18210
29000.0	9.25	23831.98602
29000.0	9.50	23942.28368
30000.0	6.50	23921.54919
30000.0	6.75	23966.11633
30000.0	7.00	24026.12430
30000.0	7.25	24088.75177
30000.0	7.50	24169.86346
30000.0	7.75	24250.55749
30000.0	8.00	24344.57146
30000.0	8.25	24437.25155
30000.0	8.50	24537.04091
30000.0	8.75	24641.95219
30000.0	9.00	24744.55139
30000.0	9.25	24851.32967
30000.0	9.50	24960.20358
32000.0	6.50	26052.12652
32000.0	6.75	26078.39259
32000.0	7.00	26126.19562
32000.0	7.25	26181.77905
32000.0	7.50	26244.37897
32000.0	7.75	26314.31228
32000.0	8.00	26398.02653
32000.0	8.25	26476.15317
32000.0	8.50	26561.23060
32000.0	8.75	26647.52971
32000.0	9.00	26736.34415
32000.0	9.25	26828.93215
32000.0	9.50	26922.36172
34000.0	6.50	28058.89547
34000.0	6.75	28061.17570
34000.0	7.00	28084.62792
34000.0	7.25	28112.52877
34000.0	7.50	28162.57044
34000.0	7.75	28206.50471
34000.0	8.00	28260.39847
34000.0	8.25	28321.99337
34000.0	8.50	28390.55537
34000.0	8.75	28458.28764
34000.0	9.00	28527.01488
34000.0	9.25	28601.35899
34000.0	9.50	28669.42745
35000.0	6.50	28966.73388
35000.0	6.75	28956.67794
35000.0	7.00	28981.59177
35000.0	7.25	29000.14262
35000.0	7.50	29027.05083
35000.0	7.75	29069.74605
35000.0	8.00	29118.51983
35000.0	8.25	29162.00400
35000.0	8.50	29218.98331
35000.0	8.75	29278.64499
35000.0	9.00	29340.19461
35000.0	9.25	29400.68199
35000.0	9.50	29463.99309
36000.0	6.50	29834.90123
36000.0	6.75	29830.33302
36000.0	7.00	29834.90506
36000.0	7.25	29840.34618
36000.0	7.50	29860.62687
36000.0	7.75	29891.34551
36000.0	8.00	29925.67814
36000.0	8.25	29972.28702
36000.0	8.50	30018.40358
36000.0	8.75	30065.64185
36000.0	9.00	30117.79956
36000.0	9.25	30173.77785
36000.0	9.50	30225.93532
38000.0	6.50	31428.47999
38000.0	6.75	31401.30904
38000.0	7.00	31385.34021
38000.0	7.25	31381.24746
38000.0	7.50	31386.89791
38000.0	7.75	31400.61207
38000.0	8.00	31425.44205
38000.0	8.25	31448.27191
38000.0	8.50	31481.13783
38000.0	8.75	31517.58014
38000.0	9.00	31555.28202
38000.0	9.25	31592.19443
38000.0	9.50	31631.76566
40000.0	6.50	32874.50495
40000.0	6.75	32828.93514
40000.0	7.00	32802.80819
40000.0	7.25	32779.78132
40000.0	7.50	32761.22009
40000.0	7.75	32765.32865
40000.0	8.00	32774.88569
40000.0	8.25	32788.16561
40000.0	8.50	32809.65927
40000.0	8.75	32832.52351
40000.0	9.00	32858.21251
40000.0	9.25	32882.02260
40000.0	9.50	32910.53811
45000.0	6.50	36088.37461
45000.0	6.75	36003.78057
45000.0	7.00	35939.03057
45000.0	7.25	35885.41978
45000.0	7.50	35833.31485
45000.0	7.75	35807.56049
45000.0	8.00	35787.10269
45000.0	8.25	35771.99976
45000.0	8.50	35762.34273
45000.0	8.75	35762.24221
45000.0	9.00	35762.37168
45000.0	9.25	35765.50102
45000.0	9.50	35769.13429
50000.0	6.50	38956.97995
50000.0	6.75	38825.56571
50000.0	7.00	38715.42838
50000.0	7.25	38627.12056
50000.0	7.50	38550.01133
50000.0	7.75	38485.82332
50000.0	8.00	38442.63227
50000.0	8.25	38401.67437
50000.0	8.50	38374.47618
50000.0	8.75	38348.39669
50000.0	9.00	38333.44837
50000.0	9.25	38317.90130
50000.0	9.50	38306.85923
60000.0	6.50	44189.21900
60000.0	6.75	43956.92249
60000.0	7.00	43785.00454
60000.0	7.25	43584.39282
60000.0	7.50	43453.73447
60000.0	7.75	43318.19966
60000.0	8.00	43208.24800
60000.0	8.25	43133.93147
60000.0	8.50	43044.53818
60000.0	8.75	42980.79124
60000.0	9.00	42927.15721
60000.0	9.25	42877.54855
60000.0	9.50	42835.81578
70000.0	6.50	49405.48912
70000.0	6.75	49096.02770
70000.0	7.00	48819.08812
70000.0	7.25	48452.18989
70000.0	7.50	48122.05796
70000.0	7.75	48179.43692
70000.0	8.00	48005.28325
70000.0	8.25	47874.80989
70000.0	8.50	47741.79138
70000.0	8.75	47633.77847
70000.0	9.00	47542.82876
70000.0	9.25	47461.74614
70000.0	9.50	47393.46794
80000.0	6.50	54117.04895
80000.0	6.75	53672.49167
80000.0	7.00	53277.19811
80000.0	7.25	52779.40109
80000.0	7.50	52386.76956
80000.0	7.75	52384.23328
80000.0	8.00	52141.19725
80000.0	8.25	51941.66090
80000.0	8.50	51763.90953
80000.0	8.75	51615.13516
80000.0	9.00	51482.83910
80000.0	9.25	51368.49515
80000.0	9.50	51269.32767
